# iterations	 errorinentropy	 maxerror	(generated with python figs/yaml-multi-comparison.py /home/jordan/ising-cp-data/ /home/jordan/deft/papers/histogram/data/ising-32-reference-lndos.dat ising/N32 32 2040 48 true 8 ising-sad-32 ising-samc-1e5-32 ising-samc-1e6-32 ising-samc-1e7-32 ising-wl-32 ising-wl-inv-t-32
0.03125	182.1	698.3
0.0625	182.1	698.3
0.09375	182.1	698.3
0.125	182.1	698.3
0.1875	182.1	698.3
0.2188	182.1	698.3
0.3125	182.1	698.3
0.4062	182.1	698.3
0.5625	182.1	698.3
0.75	182.1	698.3
1	182.1	698.3
1.312	182.1	698.3
1.75	182.1	698.3
2.344	182.1	698.3
3.125	182.1	698.3
4.156	182.1	698
5.562	182.1	698
7.406	182.1	698
9.875	182.1	698
13.19	182.1	698
17.56	182.1	698
23.44	181.9	697.2
31.25	181.6	695.8
41.69	181	690.6
55.56	180.5	690.6
74.09	179.9	690.6
98.81	179.7	690.6
131.8	178.1	683.5
175.7	175.6	669.2
234.3	172.9	669.2
312.5	168.5	650.6
416.7	163.8	650.6
555.7	159.6	650.6
741.1	150.8	637.6
988.2	144.1	637.6
1318	126.9	606.4
1757	129.8	596.4
2343	125.1	563.8
3125	139.4	564.7
4167	157	658.5
5557	191.2	687.4
7411	273.3	962
9882	344.6	1142
1.318e+04	486	1480
1.757e+04	604.9	1799
2.343e+04	772.6	2244
3.125e+04	937	2858
4.167e+04	1058	3496
5.557e+04	856	4001
7.411e+04	1265	5413
9.882e+04	1398	7148
1.318e+05	552.8	4078
1.757e+05	111.8	803.3
2.343e+05	14.86	81.83
3.125e+05	5.448	29.47
4.167e+05	1.563	5.324
5.557e+05	0.4355	3.696
7.411e+05	0.2318	1.469
9.882e+05	0.5114	1.891
1.318e+06	0.4875	1.615
1.757e+06	0.4289	1.331
2.343e+06	0.2956	1.026
3.125e+06	0.1508	0.7136
4.167e+06	0.1595	0.6195
5.557e+06	0.1118	0.5438
7.411e+06	0.1306	0.5358
9.882e+06	0.07462	0.4045
1.318e+07	0.0295	0.3854
1.757e+07	0.02779	0.2444
2.343e+07	0.01593	0.1293
3.125e+07	0.03574	0.1594
4.167e+07	0.01564	0.109
5.557e+07	0.008251	0.07193
7.411e+07	0.02782	0.104
9.882e+07	0.0248	0.08306
1.318e+08	0.008975	0.05124
1.757e+08	0.007568	0.04461
2.343e+08	0.008921	0.05215
3.125e+08	0.004907	0.03364
4.167e+08	0.009024	0.03467
5.557e+08	0.005333	0.02612
7.411e+08	0.003191	0.02329
9.882e+08	0.002181	0.01463
1.318e+09	0.002036	0.01146
1.757e+09	0.00408	0.01694
2.343e+09	0.003146	0.01428
3.125e+09	0.002853	0.01537
4.167e+09	0.004539	0.01514
5.557e+09	0.002571	0.01009
7.411e+09	0.001273	0.006421
9.882e+09	0.001277	0.007417
1.318e+10	0.001256	0.005923
1.757e+10	0.002406	0.007981
2.343e+10	0.0009984	0.004522
3.125e+10	0.000992	0.006237
4.167e+10	0.0007879	0.005576
5.557e+10	0.0005808	0.004434
7.411e+10	0.0006736	0.00396
9.882e+10	0.0006975	0.003224
1.318e+11	0.0005377	0.002085
1.757e+11	0.0007008	0.002331
2.343e+11	0.0006005	0.002137
3.125e+11	0.0004138	0.001728
4.167e+11	0.000392	0.001485
