# round trips	 doserror
0	-76.53
0	26.77
0	26.88
0	26.89
0	26.9
0	26.89
0	26.88
0	26.89
0	26.92
0	26.97
0	27.04
0	27.03
0	26.98
0	27
0	26.92
0	26.96
0	26.96
0	27
0	27.11
0	26.99
0	27.01
0	26.97
0	27.02
0	27.05
0	27.15
0	27.12
0	27.06
0	27.02
0	27
0	26.94
0	26.94
0	26.95
0	26.96
0	26.95
0	26.96
0	26.9
0	26.83
0	26.89
0	26.92
0	27.04
0	27.07
0	27.06
0	27.05
0	27.03
0	26.97
0	26.85
0	26.93
0	26.97
0	26.97
0	26.98
0	27.01
0	27.04
0	27.01
0	27.02
0	27.11
0	27.11
0	27.17
0	27.13
0	27.11
0	27.12
0	27.21
0	27.18
0	27.17
0	27.18
0	27.18
0	27.21
0	27.24
0	27.21
0	27.14
0	27.14
0	27.13
0	27.16
0	27.19
0	27.16
0	27.16
0	27.13
0	27.12
0	27.14
0	27.11
0	27.05
0	27.05
0	27.03
0	27.02
0	27
0	27.02
0	27
0	26.98
0	26.97
0	26.98
0	26.95
0	26.95
0	26.96
0	26.99
0	27.03
0	27.01
0	27
0	26.97
0	26.99
0	27.02
0	27.03
0	27
0	26.99
0	27.01
0	26.99
0	26.98
0	26.97
0	27.02
0	27.05
0	27.04
0	27.02
0	27.03
0	27.01
0	27.01
0	26.99
0	26.95
0	26.98
0	26.99
0	27
0	27
0	26.98
0	26.99
0	26.98
0	27.01
0	27.01
0	27.01
0	27.01
0	27.01
0	27.01
0	27.01
0	27.04
0	27.02
0	27.01
0	26.99
0	27
0	26.98
0	26.98
0	26.99
0	26.97
0	26.96
0	26.95
0	26.96
0	26.97
0	26.98
0	26.99
0	26.99
0	27.01
0	27.02
0	27
0	27.01
0	27.01
0	27.01
0	27.01
0	27.01
0	27.01
0	27.02
0	27.02
0	27.03
0	27.02
0	27
0	27.02
0	27.04
0	27.04
0	27.05
0	27.06
0	27.06
0	27.06
0	27.02
0	27.03
0	27.03
0	27.02
0	27.04
0	27.03
0	27.01
0	26.99
0	26.99
0	26.98
0	26.98
0	26.99
0	26.99
0	26.98
0	26.98
0	26.99
0	26.98
0	26.97
0	26.97
0	26.97
0	26.97
0	26.97
0	26.97
0	26.98
0	26.98
0	26.98
0	26.99
0	26.98
0	26.98
0	26.97
0	26.97
0	26.96
0	26.97
0	26.97
0	26.95
0	26.95
0	26.95
0	26.95
0	26.96
0	26.96
0	26.95
0	26.95
0	26.95
0	26.97
0	26.97
0	26.97
0	26.98
0	26.99
0	26.98
0	26.98
0	26.98
0	26.97
0	26.97
0	26.97
0	26.98
0	26.98
0	26.99
0	26.99
0	26.98
0	26.98
0	26.99
0	26.99
0	26.99
0	26.99
0	26.99
0	26.99
0	27
0	27
0	27
0	27.01
0	27.02
0	27.01
0	27
0	27
0	27
0	27
0	27.01
0	27.01
0	27.02
0	27
0	27.01
0	26.99
0	27
0	27
0	27
0	27
0	27.01
0	27.01
0	27.01
0	27.01
0	27.01
0	27.01
0	27
0	27.01
0	27.01
0	27.01
0	27.02
0	27.01
0	27.03
0	27.03
0	27.03
0	27.02
0	27.03
0	27.03
0	27.03
0	27.03
0	27.03
0	27.02
0	27.02
0	27.02
0	27.03
0	27.03
0	27.04
0	27.03
0	27.02
0	27.02
0	27.02
0	27.02
0	27.03
0	27.02
0	27.03
0	27.04
0	27.05
0	27.05
0	27.04
0	27.04
0	27.06
0	27.06
0	27.05
0	27.05
0	27.05
0	27.05
0	27.05
0	27.05
0	27.05
0	27.05
0	27.05
0	27.05
0	27.05
0	27.05
0	27.05
0	27.04
0	27.04
0	27.04
0	27.04
0	27.04
0	27.04
0	27.04
0	27.04
0	27.04
0	27.04
0	27.04
0	27.04
0	27.03
0	27.04
0	27.04
0	27.04
0	27.04
0	27.04
0	27.04
0	27.04
0	27.04
0	27.05
0	27.04
0	27.04
0	27.04
0	27.04
0	27.04
0	27.04
0	27.04
0	27.04
0	27.04
0	27.03
0	27.04
0	27.04
0	27.05
0	27.05
0	27.05
0	27.05
0	27.05
0	27.05
0	27.05
0	27.06
0	27.06
0	27.06
0	27.05
0	27.06
0	27.07
0	27.07
0	27.07
0	27.07
0	27.06
0	27.06
0	27.06
0	27.06
0	27.06
0	27.06
0	27.06
0	27.06
0	27.06
0	27.06
0	27.07
0	27.06
0	27.06
0	27.07
0	27.06
0	27.06
0	27.07
0	27.07
0	27.07
0	27.07
0	27.07
0	27.07
0	27.07
0	27.07
0	27.07
0	27.07
0	27.07
0	27.07
0	27.06
0	27.07
0	27.06
0	27.07
0	27.07
0	27.08
0	27.08
0	27.08
0	27.08
0	27.08
0	27.09
0	27.09
0	27.09
0	27.09
0	27.09
0	27.09
0	27.09
0	27.09
0	27.09
0	27.09
0	27.09
0	27.09
0	27.09
0	27.09
0	27.09
0	27.09
0	27.09
0	27.09
0	27.09
0	27.09
0	27.1
0	27.1
0	27.1
0	27.1
0	27.1
0	27.1
0	27.1
0	27.1
0	27.1
0	27.1
0	27.11
0	27.11
0	27.11
0	27.11
0	27.12
0	27.12
0	27.12
0	27.12
0	27.12
0	27.12
0	27.11
0	27.11
0	27.12
0	27.12
0	27.11
0	27.11
0	27.11
0	27.11
0	27.11
0	27.11
0	27.11
0	27.12
0	27.12
0	27.12
0	27.12
0	27.12
0	27.12
0	27.12
0	27.12
0	27.12
0	27.12
0	27.12
0	27.12
0	27.12
0	27.12
0	27.12
0	27.12
0	27.12
0	27.12
0	27.12
0	27.13
0	27.13
0	27.13
0	27.14
0	27.14
0	27.14
0	27.14
0	27.14
0	27.15
0	27.15
0	27.15
0	27.15
0	27.15
0	27.15
0	27.15
0	27.15
0	27.15
0	27.15
0	27.15
0	27.16
0	27.15
0	27.16
0	27.16
0	27.15
0	27.15
0	27.15
0	27.15
0	27.16
0	27.15
0	27.16
0	27.16
0	27.16
0	27.16
0	27.16
0	27.17
0	27.17
0	27.16
0	27.16
0	27.16
0	27.17
0	27.16
0	27.17
0	27.17
0	27.16
0	27.16
0	27.17
0	27.16
0	27.17
0	27.17
0	27.17
0	27.17
0	27.17
0	27.17
0	27.17
0	27.17
0	27.16
0	27.17
0	27.17
0	27.17
0	27.17
0	27.17
0	27.17
0	27.17
0	27.17
0	27.16
0	27.16
0	27.17
0	27.17
0	27.17
0	27.17
0	27.17
0	27.17
0	27.17
0	27.18
0	27.18
0	27.18
0	27.18
0	27.18
0	27.18
0	27.18
0	27.18
0	27.18
0	27.19
0	27.19
0	27.19
0	27.19
0	27.19
0	27.19
0	27.19
0	27.19
0	27.18
0	27.18
0	27.18
0	27.19
0	27.19
0	27.19
0	27.19
0	27.19
0	27.19
0	27.2
0	27.2
0	27.2
0	27.2
0	27.2
0	27.2
0	27.2
0	27.2
0	27.2
0	27.2
0	27.2
0	27.21
0	27.2
0	27.2
0	27.2
0	27.21
0	27.21
0	27.21
0	27.21
0	27.21
0	27.21
0	27.21
0	27.22
0	27.22
0	27.21
0	27.22
0	27.22
0	27.21
0	27.22
0	27.22
0	27.22
0	27.22
0	27.22
0	27.22
0	27.22
0	27.22
0	27.22
0	27.22
0	27.22
0	27.22
0	27.23
0	27.23
0	27.23
0	27.23
0	27.23
0	27.23
0	27.23
0	27.23
0	27.22
0	27.23
0	27.23
0	27.22
0	27.23
0	27.22
0	27.22
0	27.22
0	27.21
0	27.21
0	27.21
0	27.21
0	27.2
0	27.2
0	27.19
0	27.19
0	27.18
0	27.18
0	27.17
0	27.16
0	27.16
0	27.15
0	27.15
0	27.14
0	27.14
0	27.13
0	27.13
0	27.13
0	27.12
0	27.12
0	27.11
0	27.11
0	27.1
0	27.1
0	27.09
0	27.09
0	27.08
0	27.08
0	27.08
0	27.07
0	27.07
0	27.06
0	27.06
0	27.05
0	27.05
0	27.04
0	27.04
0	27.03
0	27.03
0	27.02
0	27.02
0	27.01
0	27.01
0	27
0	27
0	26.99
0	26.99
0	26.99
0	26.98
0	26.98
0	26.98
0	26.97
0	26.97
0	26.96
0	26.95
0	26.94
0	26.93
0	26.92
0	26.91
0	26.91
0	26.9
0	26.89
0	26.88
0	26.87
0	26.86
0	26.85
0	26.84
0	26.84
0	26.83
0	26.82
0	26.81
0	26.8
0	26.79
0	26.78
0	26.77
0	26.77
0	26.76
0	26.75
0	26.73
0	26.72
0	26.7
0	26.69
0	26.67
0	26.65
0	26.63
0	26.62
0	26.61
0	26.59
0	26.57
0	26.56
0	26.54
0	26.53
0	26.51
0	26.49
0	26.48
0	26.47
0	26.45
0	26.44
0	26.42
0	26.41
0	26.39
0	26.37
0	26.34
0	26.32
0	26.29
0	26.27
0	26.24
0	26.22
0	26.2
0	26.17
0	26.15
0	26.13
0	26.1
0	26.08
0	26.06
0	26.03
0	26.01
0	25.99
0	25.96
0	25.94
0	25.92
0	25.9
0	25.87
0	25.85
0	25.83
0	25.82
0	25.79
0	25.77
0	25.75
0	25.73
0	25.71
0	25.69
0	25.67
0	25.65
0	25.63
0	25.6
0	25.58
0	25.56
0	25.54
0	25.52
0	25.5
0	25.48
0	25.46
0	25.44
0	25.42
0	25.4
0	25.38
0	25.36
0	25.34
0	25.32
0	25.3
0	25.28
0	25.26
0	25.24
0	25.22
0	25.2
0	25.19
0	25.17
0	25.15
0	25.13
0	25.11
0	25.09
0	25.07
0	25.06
0	25.04
0	25.02
0	25
0	24.98
0	24.97
0	24.95
0	24.93
0	24.91
0	24.89
0	24.87
0	24.86
0	24.84
0	24.82
0	24.8
0	24.78
0	24.77
0	24.76
0	24.75
0	24.73
0	24.71
0	24.69
0	24.68
0	24.66
0	24.64
0	24.62
0	24.61
0	24.59
0	24.57
0	24.56
0	24.54
0	24.52
0	24.51
0	24.5
0	24.48
0	24.46
0	24.44
0	24.44
0	24.41
0	24.39
0	24.37
0	24.34
0	24.31
0	24.29
0	24.26
0	24.24
0	24.21
0	24.19
0	24.16
0	24.14
0	24.11
0	24.09
0	24.06
0	24.04
0	24.01
0	23.99
0	23.97
0	23.94
0	23.92
0	23.9
0	23.89
0	23.87
0	23.84
0	23.82
0	23.8
0	23.78
0	23.75
0	23.73
0	23.7
0	23.69
0	23.66
0	23.64
0	23.62
0	23.6
0	23.58
0	23.56
0	23.53
0	23.51
0	23.49
0	23.47
0	23.45
0	23.43
0	23.41
0	23.39
0	23.37
0	23.35
0	23.33
0	23.31
0	23.29
0	23.27
0	23.25
0	23.23
0	23.22
0	23.19
0	23.16
0	23.13
0	23.1
0	23.08
0	23.05
0	23.02
0	22.99
0	22.97
0	22.94
0	22.92
0	22.89
0	22.86
0	22.84
0	22.81
0	22.77
0	22.74
0	22.71
0	22.68
0	22.64
0	22.61
0	22.58
0	22.55
0	22.51
0	22.48
0	22.45
0	22.42
0	22.39
0	22.36
0	22.32
0	22.29
0	22.26
0	22.23
0	22.2
0	22.17
0	22.14
0	22.12
0	22.09
0	22.05
0	22.03
0	22
0	21.96
0	21.94
0	21.91
0	21.88
0	21.85
0	21.85
0	21.85
0	21.85
0	21.85
0	21.85
0	21.85
0	21.85
0	21.85
0	21.85
0	21.85
0	21.85
0	21.85
0	21.85
0	21.85
0	21.85
0	21.85
0	21.85
0	21.85
0	21.85
0	21.85
0	21.85
0	21.85
0	21.85
0	21.85
0	21.85
0	21.85
0	21.85
0	21.85
0	21.85
0	21.85
0	21.85
0	21.85
0	21.85
0	21.85
0	21.85
0	21.85
0	21.85
0	21.85
0	21.85
0	21.85
0	21.85
0	21.85
0	21.85
0	21.85
0	21.85
0	21.85
0	21.85
0	21.85
0	21.85
0	21.85
0	21.85
0	21.85
0	21.85
0	21.85
0	21.85
0	21.85
0	21.85
0	21.85
0	21.85
0	21.85
0	21.85
0	21.85
0	21.85
0	21.85
0	21.85
0	21.85
0	21.85
0	21.85
0	21.85
0	21.85
0	21.85
0	21.85
0	21.85
0	21.85
0	21.85
0	21.85
0	21.85
0	21.85
0	21.85
0	21.85
0	21.85
0	21.85
0	21.85
0	21.85
0	21.85
0	21.85
0	21.85
0	21.85
0	21.85
0	21.85
0	21.85
0	21.85
0	21.85
0	21.85
0	21.85
0	21.85
0	21.85
0	21.85
0	21.85
0	21.85
0	21.85
0	21.85
0	21.85
0	21.85
0	21.85
0	21.85
0	21.85
0	21.85
0	21.85
0	21.85
0	21.85
0	21.85
0	21.85
0	21.85
0	21.85
0	21.85
0	21.85
0	21.85
0	21.85
0	21.85
0	21.85
0	21.85
0	21.85
0	21.85
0	21.85
0	21.85
0	21.85
0	21.85
0	21.85
0	21.85
0	21.85
0	21.85
0	21.85
0	21.85
0	21.85
0	21.85
0	21.85
0	21.85
0	21.85
0	21.85
0	21.85
0	21.85
0	21.85
0	21.85
0	21.85
0	21.85
0	21.85
0	21.85
0	21.85
0	21.85
0	21.85
0	21.85
0	21.85
0	21.85
0	21.85
0	21.85
0	21.85
0	21.85
0	21.85
0	21.85
0	21.85
0	21.85
0	21.85
0	21.85
0	21.85
0	21.85
0	21.85
0	21.85
0	21.85
0	21.85
0	21.85
0	21.85
0	21.85
0	21.85
0	21.85
0	21.85
0	21.85
0	21.85
0	21.85
0	21.85
0	21.85
0	21.85
0	21.85
0	21.85
0	21.85
0	21.85
0	21.85
0	21.85
0	21.85
0	21.85
0	21.85
0	21.85
0	21.85
0	21.85
0	21.85
0	21.85
0	21.85
0	21.85
0	21.85
0	21.85
0	21.85
0	21.85
0	21.85
0	21.85
0	21.85
0	21.85
0	21.85
0	21.85
0	21.85
0	21.85
0	21.85
0	21.85
0	21.85
0	21.85
0	21.85
0	21.85
0	21.85
0	21.85
0	21.85
0	21.85
0	21.85
0	21.85
0	21.85
0	21.85
0	21.85
0	21.85
0	21.85
0	21.85
0	21.85
0	21.85
0	21.85
0	21.85
0	21.85
0	21.85
0	21.85
0	21.85
0	21.85
0	21.85
0	21.85
0	21.85
0	21.85
0	21.85
0	21.85
0	21.85
0	21.85
0	21.85
0	21.85
0	21.85
0	21.85
0	21.85
0	21.85
0	21.85
0	21.85
0	21.85
0	21.85
0	21.85
0	21.85
0	21.85
0	21.85
0	21.85
0	21.85
0	21.85
0	21.85
0	21.85
0	21.85
0	21.85
0	21.85
0	21.85
0	21.85
0	21.85
0	21.85
0	21.85
0	21.85
0	21.85
0	21.85
0	21.85
0	21.85
0	21.85
0	21.85
0	21.85
0	21.85
0	21.85
0	21.85
0	21.85
0	21.85
0	21.85
0	21.85
0	21.85
0	21.85
0	21.85
0	21.85
0	21.85
0	21.85
0	21.85
0	21.85
0	21.85
0	21.85
0	21.85
0	21.85
0	21.85
0	21.85
0	21.85
0	21.85
0	21.85
0	21.85
0	21.85
0	21.85
0	21.85
0	21.85
0	21.85
0	21.85
0	21.85
0	21.85
0	21.85
0	21.85
0	21.85
0	21.85
0	21.85
0	21.85
0	21.85
0	21.85
0	21.85
0	21.85
0	21.85
0	21.85
0	21.85
0	21.85
0	21.85
0	21.85
0	21.85
0	21.85
0	21.85
0	21.85
0	21.85
0	21.85
0	21.85
0	21.85
0	21.85
0	21.85
0	21.85
0	21.85
0	21.85
0	21.85
0	21.85
0	21.85
0	21.85
0	21.85
0	21.85
0	21.85
0	21.85
0	21.85
0	21.85
0	21.85
0	21.85
0	21.85
0	21.85
0	21.85
0	21.85
0	21.85
0	21.85
0	21.85
0	21.85
0	21.85
0	21.85
0	21.85
0	21.85
0	21.85
0	21.85
0	21.85
0	21.85
0	21.85
0	21.85
0	21.85
0	21.85
0	21.85
0	21.85
0	21.85
0	21.85
0	21.85
0	21.85
0	21.85
0	21.85
0	21.85
0	21.85
0	21.85
0	21.85
0	21.85
0	21.85
0	21.85
0	21.85
0	21.85
0	21.85
0	21.85
0	21.85
0	21.85
0	21.85
0	21.85
0	21.85
0	21.85
0	21.85
0	21.85
0	21.85
0	21.85
0	21.85
0	21.85
0	21.85
0	21.85
0	21.85
0	21.85
0	21.85
0	21.85
0	21.85
0	21.85
0	21.85
0	21.85
0	21.85
0	21.85
0	21.85
0	21.85
0	21.85
0	21.85
0	21.85
0	21.85
0	21.85
0	21.85
0	21.85
0	21.85
0	21.85
0	21.85
0	21.85
0	21.85
0	21.85
0	21.85
0	21.85
0	21.85
0	21.85
0	21.85
0	21.85
0	21.85
0	21.85
0	21.85
0	21.85
0	21.85
0	21.85
0	21.85
0	21.85
0	21.85
0	21.85
0	21.85
0	21.85
0	21.85
0	21.85
0	21.85
0	21.85
0	21.85
0	21.85
0	21.85
0	21.85
0	21.85
0	21.85
0	21.85
0	21.85
0	21.85
0	21.85
0	21.85
0	21.85
0	21.85
0	21.85
0	21.85
0	21.85
0	21.85
0	21.85
0	21.85
0	21.85
0	21.85
0	21.85
0	21.85
0	21.85
0	21.85
0	21.85
0	21.85
0	21.85
0	21.85
0	21.85
0	21.85
0	21.85
0	21.85
0	21.85
0	21.85
0	21.85
0	21.85
0	21.85
0	21.85
0	21.85
0	21.85
0	21.85
0	21.85
0	21.85
0	21.85
0	21.85
0	21.85
0	21.85
0	21.85
0	21.85
0	21.85
0	21.85
0	21.85
0	21.85
0	21.85
0	21.85
0	21.85
0	21.85
0	21.85
0	21.85
0	21.85
0	21.85
0	21.85
0	21.85
0	21.85
0	21.85
0	21.85
0	21.85
0	21.85
0	21.85
0	21.85
0	21.85
0	21.85
0	21.85
0	21.85
0	21.85
0	21.85
0	21.85
0	21.85
0	21.85
0	21.85
0	21.85
0	21.85
0	21.85
0	21.85
0	21.85
0	21.85
0	21.85
0	21.85
0	21.85
0	21.85
0	21.85
0	21.85
0	21.85
0	21.85
0	21.85
0	21.85
0	21.85
0	21.85
0	21.85
0	21.85
0	21.85
0	21.85
0	21.85
0	21.85
0	21.85
0	21.85
0	21.85
0	21.85
0	21.85
0	21.85
0	21.85
0	21.85
0	21.85
0	21.85
0	21.85
0	21.85
0	21.85
0	21.85
0	21.85
0	21.85
0	21.85
0	21.85
0	21.85
0	21.85
0	21.85
0	21.85
0	21.85
0	21.85
0	21.85
0	21.85
0	21.85
0	21.85
0	21.85
0	21.85
0	21.85
0	21.85
0	21.85
0	21.85
0	21.85
0	21.85
0	21.85
0	21.85
0	21.85
0	21.85
0	21.85
0	21.85
0	21.85
0	21.85
0	21.85
0	21.85
0	21.85
0	21.85
0	21.85
0	21.85
0	21.85
0	21.85
0	21.85
0	21.85
0	21.85
0	21.85
0	21.85
0	21.85
0	21.85
0	21.85
0	21.85
0	21.85
0	21.85
0	21.85
0	21.85
0	21.85
0	21.85
0	21.85
0	21.85
0	21.85
0	21.85
0	21.85
0	21.85
0	21.85
0	21.85
0	21.85
0	21.85
0	21.85
0	21.85
0	21.85
0	21.85
0	21.85
0	21.85
0	21.85
0	21.85
0	21.85
0	21.85
0	21.85
0	21.85
0	21.85
0	21.85
0	21.85
0	21.85
0	21.85
0	21.85
0	21.85
0	21.85
0	21.85
0	21.85
0	21.85
0	21.85
0	21.85
0	21.85
0	21.85
0	21.85
0	21.85
0	21.85
0	21.85
0	21.85
0	21.85
0	21.85
0	21.85
0	21.85
0	21.85
0	21.85
0	21.85
0	21.85
0	21.85
0	21.85
0	21.85
0	21.85
0	21.85
0	21.85
0	21.85
0	21.85
0	21.85
0	21.85
0	21.85
0	21.85
0	21.85
0	21.85
0	21.85
0	21.85
0	21.85
0	21.85
0	21.85
0	21.85
0	21.85
0	21.85
0	21.85
0	21.85
0	21.85
0	21.85
0	21.85
0	21.85
0	21.85
0	21.85
0	21.85
0	21.85
0	21.85
0	21.85
0	21.85
0	21.85
0	21.85
0	21.85
0	21.85
0	21.85
0	21.85
0	21.85
0	21.85
0	21.85
0	21.85
0	21.85
0	21.85
0	21.85
0	21.85
0	21.85
0	21.85
0	21.85
0	21.85
0	21.85
0	21.85
0	21.85
0	21.85
0	21.85
0	21.85
0	21.85
0	21.85
0	21.85
0	21.85
0	21.85
0	21.85
0	21.85
0	21.85
0	21.85
0	21.85
0	21.85
0	21.85
0	21.85
0	21.85
0	21.85
0	21.85
0	21.85
0	21.85
0	21.85
0	21.85
0	21.85
0	21.85
0	21.85
0	21.85
0	21.85
0	21.85
0	21.85
0	21.85
0	21.85
0	21.85
0	21.85
0	21.85
0	21.85
0	21.85
0	21.85
0	21.85
0	21.85
0	21.85
0	21.85
0	21.85
0	21.85
0	21.85
0	21.85
0	21.85
0	21.85
0	21.85
0	21.85
0	21.85
0	21.85
0	21.85
0	21.85
0	21.85
0	21.85
0	21.85
0	21.85
0	21.85
0	21.85
0	21.85
0	21.85
0	21.85
0	21.85
0	21.85
0	21.85
0	21.85
0	21.85
0	21.85
0	21.85
0	21.85
0	21.85
0	21.85
0	21.85
0	21.85
0	21.85
0	21.85
0	21.85
0	21.85
0	21.85
0	21.85
0	21.85
0	21.85
0	21.85
0	21.85
0	21.85
0	21.85
0	21.85
0	21.85
0	21.85
0	21.85
0	21.85
0	21.85
0	21.85
0	21.85
0	21.85
0	21.85
0	21.85
0	21.85
0	21.85
0	21.85
0	21.85
0	21.85
0	21.85
0	21.85
0	21.85
0	21.85
0	21.85
0	21.85
0	21.85
0	21.85
0	21.85
0	21.85
0	21.85
0	21.85
0	21.85
0	21.85
0	21.85
0	21.85
0	21.85
0	21.85
0	21.85
0	21.85
0	21.85
0	21.85
0	21.85
0	21.85
0	21.85
0	21.85
0	21.85
0	21.85
0	21.85
0	21.85
0	21.85
0	21.85
0	21.85
0	21.85
0	21.85
0	21.85
0	21.85
0	21.85
0	21.85
0	21.85
0	21.85
0	21.85
0	21.85
0	21.85
0	21.85
0	21.85
0	21.85
0	21.85
0	21.85
0	21.85
0	21.85
0	21.85
0	21.85
0	21.85
0	21.85
0	21.85
0	21.85
0	21.85
0	21.85
0	21.85
0	21.85
0	21.85
0	21.85
0	21.85
0	21.85
0	21.85
0	21.85
0	21.85
0	21.85
0	21.85
0	21.85
0	21.85
0	21.85
0	21.85
0	21.85
0	21.85
0	21.85
0	21.85
0	21.85
0	21.85
0	21.85
0	21.85
0	21.85
0	21.85
0	21.85
0	21.85
0	21.85
0	21.85
0	21.85
0	21.85
0	21.85
0	21.85
0	21.85
0	21.85
0	21.85
0	21.85
0	21.85
0	21.85
0	21.85
0	21.85
0	21.85
0	21.85
0	21.85
0	21.85
0	21.85
0	21.85
0	21.85
0	21.85
0	21.85
0	21.85
0	21.85
0	21.85
0	21.85
0	21.85
0	21.85
0	21.85
0	21.85
0	21.85
0	21.85
0	21.85
0	21.85
0	21.85
0	21.85
0	21.85
0	21.85
0	21.85
0	21.85
0	21.85
0	21.85
0	21.85
0	21.85
0	21.85
0	21.85
0	21.85
0	21.85
0	21.85
0	21.85
0	21.85
0	21.85
0	21.85
0	21.85
0	21.85
0	21.85
0	21.85
0	21.85
0	21.85
0	21.85
0	21.85
0	21.85
0	21.85
0	21.85
0	21.85
0	21.85
0	21.85
0	21.85
0	21.85
0	21.85
0	21.85
0	21.85
0	21.85
0	21.85
0	21.85
0	21.85
0	21.85
0	21.85
0	21.85
0	21.85
0	21.85
0	21.85
0	21.85
0	21.85
0	21.85
0	21.85
0	21.85
0	21.85
0	21.85
0	21.85
0	21.85
0	21.85
0	21.85
0	21.85
0	21.85
0	21.85
0	21.85
0	21.85
0	21.85
0	21.85
0	21.85
0	21.85
0	21.85
0	21.85
0	21.85
0	21.85
0	21.85
0	21.85
0	21.85
0	21.85
0	21.85
0	21.85
0	21.85
0	21.85
0	21.85
0	21.85
0	21.85
0	21.85
0	21.85
0	21.85
0	21.85
0	21.85
0	21.85
0	21.85
0	21.85
0	21.85
0	21.85
0	21.85
0	21.85
0	21.85
0	21.85
0	21.85
0	21.85
0	21.85
0	21.85
0	21.85
0	21.85
0	21.85
0	21.85
0	21.85
0	21.85
0	21.85
0	21.85
0	21.85
0	21.85
0	21.85
0	21.85
0	21.85
0	21.85
0	21.85
0	21.85
0	21.85
0	21.85
0	21.85
0	21.85
0	21.85
0	21.85
0	21.85
0	21.85
0	21.85
0	21.85
0	21.85
0	21.85
0	21.85
0	21.85
0	21.85
0	21.85
0	21.85
0	21.85
0	21.85
0	21.85
0	21.85
0	21.85
0	21.85
0	21.85
0	21.85
0	21.85
0	21.85
0	21.85
0	21.85
0	21.85
0	21.85
0	21.85
0	21.85
0	21.85
0	21.85
0	21.85
0	21.85
0	21.85
0	21.85
0	21.85
0	21.85
0	21.85
0	21.85
0	21.85
0	21.85
0	21.85
0	21.85
0	21.85
0	21.85
0	21.85
0	21.85
0	21.85
0	21.85
0	21.85
0	21.85
0	21.85
0	21.85
0	21.85
0	21.85
0	21.85
0	21.85
0	21.85
0	21.85
0	21.85
0	21.85
0	21.85
0	21.85
0	21.85
0	21.85
0	21.85
0	21.85
0	21.85
0	21.85
0	21.85
0	21.85
0	21.85
0	21.85
0	21.85
0	21.85
0	21.85
0	21.85
0	21.85
0	21.85
0	21.85
0	21.85
0	21.85
0	21.85
0	21.85
0	21.85
0	21.85
0	21.85
0	21.85
0	21.85
0	21.85
0	21.85
0	21.85
0	21.85
0	21.85
0	21.85
0	21.85
0	21.85
0	21.85
0	21.85
0	21.85
0	21.85
0	21.85
0	21.85
0	21.85
0	21.85
0	21.85
0	21.85
0	21.85
0	21.85
0	21.85
0	21.85
0	21.85
0	21.85
0	21.85
0	21.85
0	21.85
0	21.85
0	21.85
0	21.85
0	21.85
0	21.85
0	21.85
0	21.85
0	21.85
0	21.85
0	21.85
0	21.85
0	21.85
0	21.85
0	21.85
0	21.85
0	21.85
0	21.85
0	21.85
0	21.85
0	21.85
0	21.85
0	21.85
0	21.85
0	21.85
0	21.85
0	21.85
0	21.85
0	21.85
0	21.85
0	21.85
0	21.85
0	21.85
0	21.85
0	21.85
0	21.85
0	21.85
0	21.85
0	21.85
0	21.85
0	21.85
0	21.85
0	21.85
0	21.85
0	21.85
0	21.85
0	21.85
0	21.85
0	21.85
0	21.85
0	21.85
0	21.85
0	21.85
0	21.85
0	21.85
0	21.85
0	21.85
0	21.85
0	21.85
0	21.85
0	21.85
0	21.85
0	21.85
0	21.85
0	21.85
0	21.85
0	21.85
0	21.85
0	21.85
0	21.85
0	21.85
0	21.85
0	21.85
0	21.85
0	21.85
0	21.85
0	21.85
0	21.85
0	21.85
0	21.85
0	21.85
0	21.85
0	21.85
0	21.85
0	21.85
0	21.85
0	21.85
0	21.85
0	21.85
0	21.85
0	21.85
0	21.85
0	21.85
0	21.85
0	21.85
0	21.85
0	21.85
0	21.85
0	21.85
0	21.85
0	21.85
0	21.85
0	21.85
0	21.85
0	21.85
0	21.85
0	21.85
0	21.85
0	21.85
0	21.85
0	21.85
0	21.85
0	21.85
0	21.85
0	21.85
0	21.85
0	21.85
0	21.85
0	21.85
0	21.85
0	21.85
0	21.85
0	21.85
0	21.85
0	21.85
0	21.85
0	21.85
0	21.85
0	21.85
0	21.85
0	21.85
0	21.85
0	21.85
0	21.85
0	21.85
0	21.85
0	21.85
0	21.85
0	21.85
0	21.85
0	21.85
0	21.85
0	21.85
0	21.85
0	21.85
0	21.85
0	21.85
0	21.85
0	21.85
0	21.85
0	21.85
0	21.85
0	21.85
0	21.85
0	21.85
0	21.85
0	21.85
0	21.85
0	21.85
0	21.85
0	21.85
0	21.85
0	21.85
0	21.85
0	21.85
0	21.85
0	21.85
0	21.85
0	21.85
0	21.85
0	21.85
0	21.85
0	21.85
0	21.85
0	21.85
0	21.85
0	21.85
0	21.85
0	21.85
0	21.85
0	21.85
0	21.85
0	21.85
0	21.85
0	21.85
0	21.85
0	21.85
0	21.85
0	21.85
0	21.85
0	21.85
0	21.85
0	21.85
0	21.85
0	21.85
0	21.85
0	21.85
0	21.85
0	21.85
0	21.85
0	21.85
0	21.85
0	21.85
0	21.85
0	21.85
0	21.85
0	21.85
0	21.85
0	21.85
0	21.85
0	21.85
0	21.85
0	21.85
0	21.85
0	21.85
0	21.85
0	21.85
0	21.85
0	21.85
0	21.85
0	21.85
0	21.85
0	21.85
0	21.85
0	21.85
0	21.85
0	21.85
0	21.85
0	21.85
0	21.85
0	21.85
0	21.85
0	21.85
0	21.85
0	21.85
0	21.85
0	21.85
0	21.85
0	21.85
0	21.85
0	21.85
0	21.85
0	21.85
0	21.85
0	21.85
0	21.85
0	21.85
0	21.85
0	21.85
0	21.85
0	21.85
0	21.85
0	21.85
0	21.85
0	21.85
0	21.85
0	21.85
0	21.85
0	21.85
0	21.85
0	21.85
0	21.85
0	21.85
0	21.85
0	21.85
0	21.85
0	21.85
0	21.85
0	21.85
0	21.85
0	21.85
0	21.85
0	21.85
0	21.85
0	21.85
0	21.85
0	21.85
0	21.85
0	21.85
0	21.85
0	21.85
0	21.85
0	21.85
0	21.85
0	21.85
0	21.85
0	21.85
0	21.85
0	21.85
0	21.85
0	21.85
0	21.85
0	21.85
0	21.85
0	21.85
0	21.85
0	21.85
0	21.85
0	21.85
0	21.85
0	21.85
0	21.85
0	21.85
0	21.85
0	21.85
0	21.85
0	21.85
0	21.85
0	21.85
0	21.85
0	21.85
0	21.85
0	21.85
0	21.85
0	21.85
0	21.85
0	21.85
0	21.85
0	21.85
0	21.85
0	21.85
0	21.85
0	21.85
0	21.85
0	21.85
0	21.85
0	21.85
0	21.85
0	21.85
0	21.85
0	21.85
0	21.85
0	21.85
0	21.85
0	21.85
0	21.85
0	21.85
0	21.85
0	21.85
0	21.85
0	21.85
0	21.85
0	21.85
0	21.85
0	21.85
0	21.85
0	21.85
0	21.85
0	21.85
0	21.85
0	21.85
0	21.85
0	21.85
0	21.85
0	21.85
0	21.85
0	21.85
0	21.85
0	21.85
0	21.85
0	21.85
0	21.85
0	21.85
0	21.85
0	21.85
0	21.85
0	21.85
0	21.85
0	21.85
0	21.85
0	21.85
0	21.85
0	21.85
0	21.85
0	21.85
0	21.85
0	21.85
0	21.85
0	21.85
0	21.85
0	21.85
0	21.85
0	21.85
0	21.85
0	21.85
0	21.85
0	21.85
0	21.85
0	21.85
0	21.85
0	21.85
0	21.85
0	21.85
0	21.85
0	21.85
0	21.85
0	21.85
0	21.85
0	21.85
0	21.85
0	21.85
0	21.85
0	21.85
0	21.85
0	21.85
0	21.85
0	21.85
0	21.85
0	21.85
0	21.85
0	21.85
0	21.85
0	21.85
0	21.85
0	21.85
0	21.85
0	21.85
0	21.85
0	21.85
0	21.85
0	21.85
0	21.85
0	21.85
0	21.85
0	21.85
0	21.85
0	21.85
0	21.85
0	21.85
0	21.85
0	21.85
0	21.85
0	21.85
0	21.85
0	21.85
0	21.85
0	21.85
0	21.85
0	21.85
0	21.85
0	21.85
0	21.85
0	21.85
0	21.85
0	21.85
0	21.85
0	21.85
0	21.85
0	21.85
0	21.85
0	21.85
0	21.85
0	21.85
0	21.85
0	21.85
0	21.85
0	21.85
0	21.85
0	21.85
0	21.85
0	21.85
0	21.85
0	21.85
0	21.85
0	21.85
0	21.85
0	21.85
0	21.85
0	21.85
0	21.85
0	21.85
0	21.85
0	21.85
0	21.85
0	21.85
0	21.85
0	21.85
0	21.85
0	21.85
0	21.85
0	21.85
0	21.85
0	21.85
0	21.85
0	21.85
0	21.85
0	21.85
0	21.85
0	21.85
0	21.85
0	21.85
0	21.85
0	21.85
0	21.85
0	21.85
0	21.85
0	21.85
0	21.85
0	21.85
0	21.85
0	21.85
0	21.85
0	21.85
0	21.85
0	21.85
0	21.85
0	21.85
0	21.85
0	21.85
0	21.85
0	21.85
0	21.85
0	21.85
0	21.85
0	21.85
0	21.85
0	21.85
0	21.85
0	21.85
0	21.85
0	21.85
0	21.85
0	21.85
0	21.85
0	21.85
0	21.85
0	21.85
0	21.85
0	21.85
0	21.85
0	21.85
0	21.85
0	21.85
0	21.85
0	21.85
0	21.85
0	21.85
0	21.85
0	21.85
0	21.85
0	21.85
0	21.85
0	21.85
0	21.85
0	21.85
0	21.85
0	21.85
0	21.85
0	21.85
0	21.85
0	21.85
0	21.85
0	21.85
0	21.85
0	21.85
0	21.85
0	21.85
0	21.85
0	21.85
0	21.85
0	21.85
0	21.85
0	21.85
0	21.85
0	21.85
0	21.85
0	21.85
0	21.85
0	21.85
0	21.85
0	21.85
0	21.85
0	21.85
0	21.85
0	21.85
0	21.85
0	21.85
0	21.85
0	21.85
0	21.85
0	21.85
0	21.85
0	21.85
0	21.85
0	21.85
0	21.85
0	21.85
0	21.85
0	21.85
0	21.85
0	21.85
0	21.85
0	21.85
0	21.85
0	21.85
0	21.85
0	21.85
0	21.85
0	21.85
0	21.85
0	21.85
0	21.85
0	21.85
0	21.85
0	21.85
0	21.85
0	21.85
0	21.85
0	21.85
0	21.85
0	21.85
0	21.85
0	21.85
0	21.85
0	21.85
0	21.85
0	21.85
0	21.85
0	21.85
0	21.85
0	21.85
0	21.85
0	21.85
0	21.85
0	21.85
0	21.85
0	21.85
0	21.85
0	21.85
0	21.85
0	21.85
0	21.85
0	21.85
0	21.85
0	21.85
0	21.85
0	21.85
0	21.85
0	21.85
0	21.85
0	21.85
0	21.85
0	21.85
0	21.85
0	21.85
0	21.85
0	21.85
0	21.85
0	21.85
0	21.85
0	21.85
0	21.85
0	21.85
0	21.85
0	21.85
0	21.85
0	21.85
0	21.85
0	21.85
0	21.85
0	21.85
0	21.85
0	21.85
0	21.85
0	21.85
0	21.85
0	21.85
0	21.85
0	21.85
0	21.85
0	21.85
0	21.85
0	21.85
0	21.85
0	21.85
0	21.85
0	21.85
0	21.85
0	21.85
0	21.85
0	21.85
0	21.85
0	21.85
0	21.85
0	21.85
0	21.85
0	21.85
0	21.85
0	21.85
0	21.85
0	21.85
0	21.85
0	21.85
0	21.85
0	21.85
0	21.85
0	21.85
0	21.85
0	21.85
0	21.85
0	21.85
0	21.85
0	21.85
0	21.85
0	21.85
0	21.85
0	21.85
0	21.85
0	21.85
0	21.85
0	21.85
0	21.85
0	21.85
0	21.85
0	21.85
0	21.85
0	21.85
0	21.85
0	21.85
0	21.85
0	21.85
0	21.85
0	21.85
0	21.85
0	21.85
0	21.85
0	21.85
0	21.85
0	21.85
0	21.85
0	21.85
0	21.85
0	21.85
0	21.85
0	21.85
0	21.85
0	21.85
0	21.85
0	21.85
0	21.85
0	21.85
0	21.85
0	21.85
0	21.85
0	21.85
0	21.85
0	21.85
0	21.85
0	21.85
0	21.85
0	21.85
0	21.85
0	21.85
0	21.85
0	21.85
0	21.85
0	21.85
0	21.85
0	21.85
0	21.85
0	21.85
0	21.85
0	21.85
0	21.85
0	21.85
0	21.85
0	21.85
0	21.85
0	21.85
0	21.85
0	21.85
0	21.85
0	21.85
0	21.85
0	21.85
0	21.85
0	21.85
0	21.85
0	21.85
0	21.85
0	21.85
0	21.85
0	21.85
0	21.85
0	21.85
0	21.85
0	21.85
0	21.85
0	21.85
0	21.85
0	21.85
0	21.85
0	21.85
0	21.85
0	21.85
0	21.85
0	21.85
0	21.85
0	21.85
0	21.85
0	21.85
0	21.85
0	21.85
0	21.85
0	21.85
0	21.85
0	21.85
0	21.85
0	21.85
0	21.85
0	21.85
0	21.85
0	21.85
0	21.85
0	21.85
0	21.85
0	21.85
0	21.85
0	21.85
0	21.85
0	21.85
0	21.85
0	21.85
0	21.85
0	21.85
0	21.85
0	21.85
0	21.85
0	21.85
0	21.85
0	21.85
0	21.85
0	21.85
0	21.85
0	21.85
0	21.85
0	21.85
0	21.85
0	21.85
0	21.85
0	21.85
0	21.85
0	21.85
0	21.85
0	21.85
0	21.85
0	21.85
0	21.85
0	21.85
0	21.85
0	21.85
0	21.85
0	21.85
0	21.85
0	21.85
0	21.85
0	21.85
0	21.85
0	21.85
0	21.85
0	21.85
0	21.85
0	21.85
0	21.85
0	21.85
0	21.85
0	21.85
0	21.85
0	21.85
0	21.85
0	21.85
0	21.85
0	21.85
0	21.85
0	21.85
0	21.85
0	21.85
0	21.85
0	21.85
0	21.85
0	21.85
0	21.85
0	21.85
0	21.85
0	21.85
0	21.85
0	21.85
0	21.85
0	21.85
0	21.85
0	21.85
0	21.85
0	21.85
0	21.85
0	21.85
0	21.85
0	21.85
0	21.85
0	21.85
0	21.85
0	21.85
0	21.85
0	21.85
0	21.85
0	21.85
0	21.85
0	21.85
0	21.85
0	21.85
0	21.85
0	21.85
0	21.85
0	21.85
0	21.85
0	21.85
0	21.85
0	21.85
0	21.85
0	21.85
0	21.85
0	21.85
0	21.85
0	21.85
0	21.85
0	21.85
0	21.85
0	21.85
0	21.85
0	21.85
0	21.85
0	21.85
0	21.85
0	21.85
0	21.85
0	21.85
0	21.85
0	21.85
0	21.85
0	21.85
0	21.85
0	21.85
0	21.85
0	21.85
0	21.85
0	21.85
0	21.85
0	21.85
0	21.85
0	21.85
0	21.85
0	21.85
0	21.85
0	21.85
0	21.85
0	21.85
0	21.85
0	21.85
0	21.85
0	21.85
0	21.85
0	21.85
0	21.85
0	21.85
0	21.85
0	21.85
0	21.85
0	21.85
0	21.85
0	21.85
0	21.85
0	21.85
0	21.85
0	21.85
0	21.85
0	21.85
0	21.85
0	21.85
0	21.85
0	21.85
0	21.85
0	21.85
0	21.85
0	21.85
0	21.85
0	21.85
0	21.85
0	21.85
0	21.85
0	21.85
0	21.85
0	21.85
0	21.85
0	21.85
0	21.85
0	21.85
0	21.85
0	21.85
0	21.85
0	21.85
0	21.85
0	21.85
0	21.85
0	21.85
0	21.85
0	21.85
0	21.85
0	21.85
0	21.85
0	21.85
0	21.85
0	21.85
0	21.85
0	21.85
0	21.85
0	21.85
0	21.85
0	21.85
0	21.85
0	21.85
0	21.85
0	21.85
0	21.85
0	21.85
0	21.85
0	21.85
0	21.85
0	21.85
0	21.85
0	21.85
0	21.85
0	21.85
0	21.85
0	21.85
0	21.85
0	21.85
0	21.85
0	21.85
0	21.85
0	21.85
0	21.85
0	21.85
0	21.85
0	21.85
0	21.85
0	21.85
0	21.85
0	21.85
0	21.85
0	21.85
0	21.85
0	21.85
0	21.85
0	21.85
0	21.85
0	21.85
0	21.85
0	21.85
0	21.85
0	21.85
0	21.85
0	21.85
0	21.85
0	21.85
0	21.85
0	21.85
0	21.85
0	21.85
0	21.85
0	21.85
0	21.85
0	21.85
0	21.85
0	21.85
0	21.85
0	21.85
0	21.85
0	21.85
0	21.85
0	21.85
0	21.85
0	21.85
0	21.85
0	21.85
0	21.85
0	21.85
0	21.85
0	21.85
0	21.85
0	21.85
0	21.85
0	21.85
0	21.85
0	21.85
0	21.85
0	21.85
0	21.85
0	21.85
0	21.85
0	21.85
0	21.85
0	21.85
0	21.85
0	21.85
0	21.85
0	21.85
0	21.85
0	21.85
0	21.85
0	21.85
0	21.85
0	21.85
0	21.85
0	21.85
0	21.85
0	21.85
0	21.85
0	21.85
0	21.85
0	21.85
0	21.85
0	21.85
0	21.85
0	21.85
0	21.85
0	21.85
0	21.85
0	21.85
0	21.85
0	21.85
0	21.85
0	21.85
0	21.85
0	21.85
0	21.85
0	21.85
0	21.85
0	21.85
0	21.85
0	21.85
0	21.85
0	21.85
0	21.85
0	21.85
0	21.85
0	21.85
0	21.85
0	21.85
0	21.85
0	21.85
0	21.85
0	21.85
0	21.85
0	21.85
0	21.85
0	21.85
0	21.85
0	21.85
0	21.85
0	21.85
0	21.85
0	21.85
0	21.85
0	21.85
0	21.85
0	21.85
0	21.85
0	21.85
0	21.85
0	21.85
0	21.85
