# iterations	 errorinentropy	 maxerror	(generated with python figs/yaml-comparison.py /home/jordan/sad-monte-carlo/ data/samc-1e3-T13-reference-lndos.dat s000/periodic-ww1.30-ff0.30-N50 50 248 120 true samc-1e4-50 samc-1e5-50 samc-1e6-50 samc-1e7-50 wl-50
0.02	51.48	198.1
0.04	51.47	198.1
0.06	51.47	198.1
0.08	51.46	198.1
0.12	51.45	198.1
0.14	51.44	198.1
0.2	51.42	198.1
0.26	51.4	198.1
0.36	51.36	198.1
0.48	51.32	198.1
0.64	51.27	198.1
0.84	51.2	198.1
1.12	51.1	198.1
1.5	51.19	198.1
2	51.4	198.1
2.66	51.68	198.1
3.56	51.96	198.1
4.74	51.62	198.1
6.32	52.29	198.1
8.44	52.23	198.1
11.24	51.52	198.1
15	50.74	198.1
20	51.73	198.1
26.68	49.43	198.1
35.56	46.47	198.1
47.42	45.51	188.5
63.24	41.97	188.5
84.34	41.95	188.5
112.5	42.61	188.5
150	47.38	177
200	54.63	208.1
266.7	76.03	304.2
355.7	100.4	423.5
474.3	117.4	463.4
632.5	130	512.3
843.4	211.2	640.3
1125	245.6	794.8
1500	365.1	971.5
2000	437.1	1089
2667	517.4	1446
3557	639.2	1662
4743	845.8	2297
6325	1134	2760
8434	1041	3308
1.125e+04	1004	3707
1.5e+04	1281	4798
2e+04	1962	6597
2.667e+04	2864	8949
3.557e+04	1649	9774
4.743e+04	3096	1.399e+04
6.325e+04	2124	1.724e+04
8.434e+04	3907	2.217e+04
1.125e+05	3176	2.875e+04
1.5e+05	5595	3.899e+04
2e+05	3007	2.235e+04
2.667e+05	3815	3.521e+04
3.557e+05	3036	4.714e+04
4.743e+05	2790	5.801e+04
6.325e+05	1167	8338
8.434e+05	680.5	2960
1.125e+06	744.1	5570
1.5e+06	410.3	3686
2e+06	388.3	2049
2.667e+06	424	4350
3.557e+06	152.3	1121
4.743e+06	180.4	2720
6.325e+06	126.6	1211
8.434e+06	61.67	409.8
1.125e+07	79.47	954
1.5e+07	48.04	438.7
2e+07	30.1	151.9
2.667e+07	21.17	184.6
3.557e+07	15.16	150.5
4.743e+07	13.21	99.85
6.325e+07	14.02	104.1
8.434e+07	2.667	29.43
1.125e+08	6.247	25.11
1.5e+08	2.941	12.02
2e+08	5.007	33.95
2.667e+08	2.905	24.79
3.557e+08	1.87	7.27
4.743e+08	2.134	13.41
6.325e+08	2.564	21.54
8.434e+08	1.583	17.6
1.125e+09	1.625	10.94
1.5e+09	2.03	14.97
2e+09	0.8418	9.676
2.667e+09	1.589	7.227
3.557e+09	1.307	8.96
4.743e+09	1.148	7.85
6.325e+09	0.2159	1.748
8.434e+09	0.3488	3.001
1.125e+10	0.7598	4.72
