# round trips	 doserror
3	-54.82
736	-0.04563
736	-0.09187
743	-0.1274
774	-0.1229
793	-0.174
829	-0.1278
840	-0.1069
890	-0.09322
926	-0.04291
939	-0.05812
1006	-0.0353
1029	-0.003992
1078	-0.01843
1097	-0.07849
1129	-0.07251
1129	-0.1072
1140	-0.01907
1173	-0.07784
1272	-0.07237
1345	-0.07574
1434	-0.03856
1495	-0.04953
1593	-0.05614
1661	-0.06645
1766	-0.02476
1848	-0.06965
1945	-0.04386
1990	-0.08038
2096	-0.05537
2096	-0.02095
2096	-0.06845
2110	-0.09095
2220	-0.06605
2344	-0.0331
2457	-0.07088
2629	-0.04594
2769	-0.0523
2880	-0.09374
3042	-0.109
3240	-0.07403
3378	-0.07264
3542	-0.06074
3722	-0.04009
3873	-0.02728
4021	-0.03039
4077	-0.005893
4078	-0.01304
4081	-0.004777
4116	-0.03663
4245	-0.02617
4445	-0.03415
4638	-0.06093
4908	-0.04612
5089	-0.02911
5251	-0.03887
5506	-0.02879
5720	-0.02534
5896	-0.0137
6132	-0.01694
6302	-0.01786
6530	-0.004037
6689	-0.004898
6900	-0.007146
7098	-0.004556
7328	-0.01374
7587	-0.01718
7864	-0.01804
7962	-0.01435
7962	-0.007574
7963	-0.005446
7968	-0.01142
7998	-0.002262
8115	0.009138
8222	-0.007725
8466	-0.0188
8777	-0.02416
9064	-0.01742
9332	-0.01453
9612	-0.01128
9886	-0.009646
1.014e+04	-0.01157
1.044e+04	-0.01324
1.084e+04	-0.009498
1.114e+04	-0.01005
1.151e+04	0.001513
1.176e+04	-0.003754
1.214e+04	0.00191
1.242e+04	0.003299
1.28e+04	0.009243
1.316e+04	0.01371
1.346e+04	0.01704
1.380e+04	0.02185
1.413e+04	0.01778
1.451e+04	0.01876
1.485e+04	0.01713
1.523e+04	0.02048
1.56e+04	0.02362
1.561e+04	0.01977
1.562e+04	0.01018
1.562e+04	-0.001281
1.562e+04	0.0006638
1.563e+04	-0.001162
1.565e+04	-0.0006471
1.576e+04	-0.003287
1.6e+04	-0.003261
1.639e+04	-0.002328
1.668e+04	-0.005725
1.711e+04	-0.008586
1.757e+04	-0.00894
1.784e+04	-0.01879
1.843e+04	-0.0153
1.9e+04	-0.006224
1.94e+04	-0.006871
1.985e+04	-0.002667
2.038e+04	0.006527
2.076e+04	0.006661
2.12e+04	0.003269
2.165e+04	0.002058
2.219e+04	0.007882
2.255e+04	0.003908
2.309e+04	0.008109
2.367e+04	0.01727
2.41e+04	0.01951
2.452e+04	0.02124
2.487e+04	0.01032
2.541e+04	0.01026
2.599e+04	0.0122
2.65e+04	0.01528
2.701e+04	0.02215
2.747e+04	0.01636
2.798e+04	0.01619
2.853e+04	0.01453
2.903e+04	0.009309
2.955e+04	0.006725
3.013e+04	0.005346
3.054e+04	-0.0002192
3.115e+04	-0.0008936
3.165e+04	-0.002205
3.165e+04	-0.003902
3.165e+04	-0.009472
3.165e+04	-0.01374
3.165e+04	-0.01426
3.166e+04	-0.01439
3.166e+04	-0.01793
3.168e+04	-0.01861
3.174e+04	-0.01931
3.19e+04	-0.02014
3.218e+04	-0.02202
3.258e+04	-0.02382
3.312e+04	-0.02192
3.365e+04	-0.02485
3.422e+04	-0.02554
3.484e+04	-0.02458
3.543e+04	-0.02345
3.610e+04	-0.01717
3.658e+04	-0.01972
3.725e+04	-0.01877
3.776e+04	-0.02146
3.847e+04	-0.02145
3.909e+04	-0.02002
3.964e+04	-0.02405
4.026e+04	-0.02679
4.107e+04	-0.02451
4.173e+04	-0.02286
4.235e+04	-0.02301
4.298e+04	-0.02519
4.355e+04	-0.02869
4.429e+04	-0.02841
4.482e+04	-0.03327
4.572e+04	-0.02924
4.641e+04	-0.02651
4.688e+04	-0.03116
4.763e+04	-0.03119
4.83e+04	-0.03341
4.898e+04	-0.03371
4.97e+04	-0.03229
5.036e+04	-0.03307
5.102e+04	-0.03167
5.164e+04	-0.03293
5.231e+04	-0.03535
5.324e+04	-0.03226
5.377e+04	-0.03674
5.473e+04	-0.03192
5.538e+04	-0.03125
5.614e+04	-0.02914
5.675e+04	-0.03005
5.746e+04	-0.02948
5.813e+04	-0.03068
5.888e+04	-0.03124
5.959e+04	-0.03364
6.04e+04	-0.03185
6.114e+04	-0.03114
6.188e+04	-0.03062
6.259e+04	-0.03115
6.302e+04	-0.02981
6.302e+04	-0.03249
6.302e+04	-0.03096
6.302e+04	-0.03278
6.302e+04	-0.03195
6.302e+04	-0.03073
6.303e+04	-0.02807
6.304e+04	-0.02625
6.304e+04	-0.02827
6.306e+04	-0.02743
6.31e+04	-0.02924
6.319e+04	-0.03282
6.34e+04	-0.03192
6.370e+04	-0.03172
6.434e+04	-0.02721
6.487e+04	-0.02641
6.537e+04	-0.02901
6.616e+04	-0.02716
6.714e+04	-0.02254
6.779e+04	-0.02211
6.858e+04	-0.02181
6.932e+04	-0.02232
7.034e+04	-0.02015
7.106e+04	-0.02013
7.17e+04	-0.02162
7.259e+04	-0.01979
7.339e+04	-0.01826
7.411e+04	-0.01667
7.476e+04	-0.01655
7.55e+04	-0.0174
7.642e+04	-0.01628
7.709e+04	-0.01696
7.796e+04	-0.01642
7.874e+04	-0.01603
7.968e+04	-0.01331
8.042e+04	-0.01346
8.132e+04	-0.01136
8.195e+04	-0.01323
8.29e+04	-0.01142
8.399e+04	-0.008043
8.479e+04	-0.00736
8.564e+04	-0.007293
8.657e+04	-0.006876
8.752e+04	-0.005654
8.842e+04	-0.004769
8.926e+04	-0.004481
9.034e+04	-0.003693
9.13e+04	-0.002759
9.207e+04	-0.0034
9.301e+04	-0.002977
9.387e+04	-0.003029
9.476e+04	-0.00498
9.558e+04	-0.006859
9.652e+04	-0.00726
9.726e+04	-0.00927
9.809e+04	-0.01135
9.885e+04	-0.01139
9.971e+04	-0.01076
1.005e+05	-0.01021
1.014e+05	-0.009428
1.022e+05	-0.009245
1.03e+05	-0.01026
1.038e+05	-0.01084
1.047e+05	-0.0123
1.061e+05	-0.008213
1.069e+05	-0.009582
1.079e+05	-0.009279
1.089e+05	-0.00863
1.1e+05	-0.008049
1.11e+05	-0.006522
1.12e+05	-0.005692
1.13e+05	-0.005405
1.14e+05	-0.005628
1.15e+05	-0.006071
1.161e+05	-0.005438
1.173e+05	-0.002975
1.182e+05	-0.003672
1.193e+05	-0.002574
1.203e+05	-0.002197
1.212e+05	-0.003722
1.223e+05	-0.004742
1.234e+05	-0.005358
1.246e+05	-0.004641
1.258e+05	-0.003843
1.267e+05	-0.004234
1.274e+05	-0.006794
1.274e+05	-0.007679
1.274e+05	-0.008088
1.274e+05	-0.00947
1.274e+05	-0.007723
1.274e+05	-0.01038
1.274e+05	-0.01229
1.274e+05	-0.01068
1.274e+05	-0.009716
1.274e+05	-0.009483
1.274e+05	-0.01254
1.274e+05	-0.01485
1.274e+05	-0.01295
1.275e+05	-0.01448
1.275e+05	-0.01336
1.276e+05	-0.01261
1.278e+05	-0.01364
1.28e+05	-0.01305
1.284e+05	-0.01147
1.289e+05	-0.01147
1.294e+05	-0.01321
1.301e+05	-0.01437
1.309e+05	-0.01523
1.318e+05	-0.01588
1.327e+05	-0.01756
1.341e+05	-0.01626
1.351e+05	-0.01752
1.363e+05	-0.01803
1.376e+05	-0.01776
1.387e+05	-0.01867
1.401e+05	-0.01754
1.413e+05	-0.01716
1.425e+05	-0.01706
1.435e+05	-0.0172
1.449e+05	-0.01648
1.462e+05	-0.0161
1.474e+05	-0.01481
1.487e+05	-0.01399
1.498e+05	-0.01397
1.512e+05	-0.01235
1.526e+05	-0.01065
1.535e+05	-0.01174
1.548e+05	-0.01153
1.562e+05	-0.01033
1.572e+05	-0.01237
1.584e+05	-0.01248
1.597e+05	-0.01277
1.61e+05	-0.01289
1.622e+05	-0.01305
1.635e+05	-0.01429
1.65e+05	-0.01312
1.664e+05	-0.01219
1.677e+05	-0.01196
1.691e+05	-0.01132
1.7e+05	-0.01235
1.714e+05	-0.01179
1.726e+05	-0.01215
1.737e+05	-0.01345
1.751e+05	-0.01237
1.764e+05	-0.01145
1.777e+05	-0.01086
1.785e+05	-0.0127
1.8e+05	-0.01153
1.812e+05	-0.01131
1.822e+05	-0.01197
1.833e+05	-0.01223
1.843e+05	-0.01347
1.856e+05	-0.01305
1.868e+05	-0.0136
1.882e+05	-0.01377
1.898e+05	-0.0131
1.913e+05	-0.01153
1.925e+05	-0.01177
1.939e+05	-0.0109
1.953e+05	-0.01035
1.963e+05	-0.01189
1.979e+05	-0.01149
1.992e+05	-0.01146
2.009e+05	-0.01044
2.024e+05	-0.009541
2.036e+05	-0.01024
2.049e+05	-0.01058
2.064e+05	-0.01081
2.076e+05	-0.01131
2.092e+05	-0.01069
2.105e+05	-0.01113
2.119e+05	-0.01167
2.135e+05	-0.01057
2.147e+05	-0.01139
2.164e+05	-0.01002
2.176e+05	-0.01104
2.19e+05	-0.0113
2.204e+05	-0.01112
2.219e+05	-0.01058
2.234e+05	-0.009755
2.249e+05	-0.009567
2.261e+05	-0.01053
2.275e+05	-0.01079
2.291e+05	-0.01109
2.305e+05	-0.01175
2.323e+05	-0.01092
2.337e+05	-0.01102
2.352e+05	-0.01055
2.367e+05	-0.009998
2.382e+05	-0.009198
2.395e+05	-0.009545
2.409e+05	-0.01006
2.423e+05	-0.01067
2.439e+05	-0.01091
2.454e+05	-0.01065
2.472e+05	-0.009475
2.488e+05	-0.008721
2.501e+05	-0.009314
2.516e+05	-0.009749
2.528e+05	-0.01181
2.542e+05	-0.01313
2.558e+05	-0.01372
2.561e+05	-0.01433
2.561e+05	-0.01429
2.561e+05	-0.01372
2.561e+05	-0.01432
2.561e+05	-0.01568
2.561e+05	-0.01493
2.561e+05	-0.01594
2.561e+05	-0.01588
2.561e+05	-0.01624
2.561e+05	-0.01559
2.561e+05	-0.01517
2.561e+05	-0.01515
2.561e+05	-0.01467
2.561e+05	-0.0134
2.562e+05	-0.01423
2.562e+05	-0.01412
2.562e+05	-0.01454
2.562e+05	-0.01579
2.563e+05	-0.01599
2.564e+05	-0.01609
2.564e+05	-0.01609
2.566e+05	-0.01533
2.568e+05	-0.01586
2.571e+05	-0.01547
2.575e+05	-0.01526
2.581e+05	-0.01476
2.587e+05	-0.01508
2.594e+05	-0.01567
2.604e+05	-0.01553
2.612e+05	-0.01632
2.623e+05	-0.01719
2.637e+05	-0.01703
2.651e+05	-0.01693
2.665e+05	-0.01713
2.681e+05	-0.01728
2.698e+05	-0.01701
2.713e+05	-0.01717
2.731e+05	-0.01671
2.748e+05	-0.01615
2.763e+05	-0.01628
2.781e+05	-0.01574
2.796e+05	-0.01584
2.814e+05	-0.01543
2.83e+05	-0.01554
2.847e+05	-0.01548
2.865e+05	-0.01492
2.885e+05	-0.0142
2.902e+05	-0.01384
2.917e+05	-0.01457
2.932e+05	-0.015
2.949e+05	-0.01497
2.968e+05	-0.01452
2.987e+05	-0.01414
3.004e+05	-0.01424
3.023e+05	-0.01412
3.04e+05	-0.01379
3.056e+05	-0.01436
3.074e+05	-0.01457
3.093e+05	-0.0144
3.11e+05	-0.01441
3.128e+05	-0.014
3.149e+05	-0.01297
3.164e+05	-0.01337
3.181e+05	-0.01363
3.194e+05	-0.01531
3.214e+05	-0.01528
3.234e+05	-0.0152
3.251e+05	-0.01559
3.273e+05	-0.01486
3.289e+05	-0.01535
3.307e+05	-0.01587
3.327e+05	-0.01533
3.344e+05	-0.01565
3.364e+05	-0.01532
3.384e+05	-0.01477
3.404e+05	-0.01431
3.421e+05	-0.01454
3.436e+05	-0.0153
3.456e+05	-0.01489
3.474e+05	-0.01515
3.494e+05	-0.01512
3.514e+05	-0.01456
3.532e+05	-0.01451
3.553e+05	-0.01359
3.569e+05	-0.01392
3.587e+05	-0.01383
3.607e+05	-0.01338
3.624e+05	-0.01319
3.642e+05	-0.01363
3.659e+05	-0.01429
3.682e+05	-0.01358
3.699e+05	-0.01372
3.719e+05	-0.01342
3.736e+05	-0.01428
3.756e+05	-0.0137
3.774e+05	-0.01389
3.792e+05	-0.01431
3.807e+05	-0.01525
3.825e+05	-0.01613
3.849e+05	-0.01534
3.866e+05	-0.01609
3.89e+05	-0.01526
3.907e+05	-0.01582
3.928e+05	-0.01528
3.948e+05	-0.0153
3.968e+05	-0.01518
3.989e+05	-0.01423
4.006e+05	-0.01439
4.026e+05	-0.01428
4.047e+05	-0.01393
4.068e+05	-0.0132
4.085e+05	-0.01324
4.105e+05	-0.01309
4.125e+05	-0.01309
4.144e+05	-0.01293
4.166e+05	-0.01247
4.183e+05	-0.01287
4.203e+05	-0.01285
4.227e+05	-0.01176
4.248e+05	-0.01103
4.266e+05	-0.01098
4.287e+05	-0.0106
4.305e+05	-0.01076
4.327e+05	-0.009993
4.346e+05	-0.009972
4.362e+05	-0.01065
4.383e+05	-0.01045
4.405e+05	-0.01045
4.428e+05	-0.009536
4.449e+05	-0.008877
4.468e+05	-0.009361
4.488e+05	-0.009129
4.509e+05	-0.008887
4.529e+05	-0.008828
4.548e+05	-0.009055
4.567e+05	-0.009549
4.588e+05	-0.009672
4.607e+05	-0.01013
4.625e+05	-0.01107
4.647e+05	-0.01135
4.666e+05	-0.01192
4.69e+05	-0.01167
4.713e+05	-0.01144
4.734e+05	-0.01141
4.753e+05	-0.01162
4.776e+05	-0.01137
4.798e+05	-0.01118
4.817e+05	-0.01132
4.836e+05	-0.01192
4.863e+05	-0.01085
4.884e+05	-0.01071
4.906e+05	-0.01009
4.929e+05	-0.00949
4.948e+05	-0.009439
4.967e+05	-0.009938
4.989e+05	-0.009746
5.01e+05	-0.009614
5.033e+05	-0.009516
5.052e+05	-0.009779
5.075e+05	-0.009844
5.095e+05	-0.01025
5.116e+05	-0.01043
5.116e+05	-0.01115
5.116e+05	-0.01095
5.116e+05	-0.01141
5.116e+05	-0.01125
5.116e+05	-0.01104
5.116e+05	-0.01147
5.116e+05	-0.01204
5.116e+05	-0.01243
5.116e+05	-0.01221
5.116e+05	-0.01253
5.116e+05	-0.01259
5.116e+05	-0.012
5.116e+05	-0.01138
5.116e+05	-0.01136
5.116e+05	-0.01194
5.116e+05	-0.0126
5.116e+05	-0.01335
5.116e+05	-0.01372
5.116e+05	-0.01311
5.116e+05	-0.01252
5.116e+05	-0.01281
5.117e+05	-0.01274
5.117e+05	-0.01294
5.117e+05	-0.01292
5.118e+05	-0.01237
5.118e+05	-0.01254
5.119e+05	-0.01235
5.12e+05	-0.01223
5.121e+05	-0.01264
5.123e+05	-0.01243
5.126e+05	-0.01264
5.129e+05	-0.01241
5.131e+05	-0.01353
5.135e+05	-0.01395
5.141e+05	-0.01405
5.148e+05	-0.01392
5.156e+05	-0.01402
5.167e+05	-0.01324
5.176e+05	-0.01366
5.186e+05	-0.01424
5.199e+05	-0.01447
5.216e+05	-0.01417
5.234e+05	-0.01356
5.253e+05	-0.0132
5.272e+05	-0.01313
5.292e+05	-0.0132
5.312e+05	-0.01301
5.334e+05	-0.01302
5.355e+05	-0.01334
5.378e+05	-0.01342
5.4e+05	-0.01353
5.425e+05	-0.01337
5.449e+05	-0.01371
5.472e+05	-0.01389
5.502e+05	-0.01294
5.531e+05	-0.01197
5.553e+05	-0.01225
5.576e+05	-0.01232
5.602e+05	-0.01212
5.626e+05	-0.01201
5.648e+05	-0.01214
5.674e+05	-0.01208
5.699e+05	-0.01217
5.722e+05	-0.01225
5.75e+05	-0.01196
5.774e+05	-0.01206
5.798e+05	-0.0121
5.825e+05	-0.01198
5.848e+05	-0.01219
5.869e+05	-0.01292
5.893e+05	-0.01331
5.917e+05	-0.01369
5.945e+05	-0.01349
5.973e+05	-0.01316
5.999e+05	-0.01299
6.024e+05	-0.01289
6.051e+05	-0.01273
6.073e+05	-0.0129
6.098e+05	-0.01296
6.123e+05	-0.01313
6.146e+05	-0.01341
6.17e+05	-0.01368
6.197e+05	-0.01354
6.223e+05	-0.01368
6.25e+05	-0.01335
6.271e+05	-0.01387
6.297e+05	-0.01387
6.321e+05	-0.01422
6.348e+05	-0.01404
6.374e+05	-0.01388
6.396e+05	-0.01423
6.422e+05	-0.01423
6.449e+05	-0.01409
6.477e+05	-0.01358
6.501e+05	-0.01364
6.524e+05	-0.01391
6.55e+05	-0.01395
6.576e+05	-0.01398
6.599e+05	-0.0141
6.627e+05	-0.01384
6.653e+05	-0.01365
6.677e+05	-0.01351
6.704e+05	-0.01329
6.727e+05	-0.01334
6.753e+05	-0.01318
6.781e+05	-0.01277
6.807e+05	-0.01238
6.828e+05	-0.01268
6.851e+05	-0.0128
6.875e+05	-0.0128
6.899e+05	-0.01314
6.924e+05	-0.01318
6.949e+05	-0.01304
6.975e+05	-0.01312
6.999e+05	-0.01302
7.025e+05	-0.01308
7.05e+05	-0.01298
7.074e+05	-0.01318
7.101e+05	-0.0129
7.126e+05	-0.01292
7.151e+05	-0.01279
7.176e+05	-0.01264
7.2e+05	-0.01276
7.224e+05	-0.01282
7.252e+05	-0.01238
7.275e+05	-0.01252
7.296e+05	-0.01296
7.322e+05	-0.01295
7.347e+05	-0.01306
7.374e+05	-0.01284
7.397e+05	-0.01299
7.418e+05	-0.01337
7.445e+05	-0.01322
7.471e+05	-0.0132
7.494e+05	-0.01361
7.517e+05	-0.01397
7.54e+05	-0.01444
7.568e+05	-0.01441
7.593e+05	-0.01461
7.62e+05	-0.0145
7.646e+05	-0.01437
7.671e+05	-0.01426
7.698e+05	-0.014
7.721e+05	-0.01408
7.743e+05	-0.0144
7.768e+05	-0.01452
7.793e+05	-0.01443
7.82e+05	-0.0143
7.846e+05	-0.01418
7.869e+05	-0.0143
7.893e+05	-0.01437
7.918e+05	-0.01437
7.942e+05	-0.01441
7.967e+05	-0.01452
7.989e+05	-0.01485
8.014e+05	-0.01492
8.039e+05	-0.01503
8.063e+05	-0.01524
8.09e+05	-0.0149
8.114e+05	-0.01524
8.136e+05	-0.01551
8.162e+05	-0.01551
8.183e+05	-0.01559
8.205e+05	-0.01562
8.227e+05	-0.01589
8.25e+05	-0.01588
8.274e+05	-0.01592
8.295e+05	-0.01598
8.318e+05	-0.01597
8.34e+05	-0.01612
8.361e+05	-0.01668
8.384e+05	-0.01673
8.406e+05	-0.01689
8.429e+05	-0.01678
8.453e+05	-0.01652
8.476e+05	-0.01645
8.498e+05	-0.01648
8.524e+05	-0.01591
8.547e+05	-0.01563
8.569e+05	-0.01566
8.591e+05	-0.0157
8.612e+05	-0.01586
8.639e+05	-0.01544
8.659e+05	-0.01556
8.681e+05	-0.01575
8.704e+05	-0.01576
8.729e+05	-0.01552
8.750e+05	-0.01565
8.771e+05	-0.01597
8.796e+05	-0.01577
8.818e+05	-0.01586
8.841e+05	-0.01584
8.865e+05	-0.01589
8.889e+05	-0.01576
8.911e+05	-0.01583
8.934e+05	-0.01574
8.957e+05	-0.01569
8.983e+05	-0.01527
9.006e+05	-0.01515
9.029e+05	-0.01505
9.052e+05	-0.01487
9.077e+05	-0.01456
9.099e+05	-0.0147
9.121e+05	-0.01461
9.147e+05	-0.01426
9.168e+05	-0.01435
9.19e+05	-0.01429
9.214e+05	-0.01418
9.234e+05	-0.01432
9.256e+05	-0.01435
9.276e+05	-0.01459
9.301e+05	-0.01433
9.325e+05	-0.01425
9.347e+05	-0.01441
9.368e+05	-0.01471
9.393e+05	-0.01448
9.417e+05	-0.01441
9.442e+05	-0.01414
9.46e+05	-0.01457
9.484e+05	-0.01454
9.508e+05	-0.01462
9.527e+05	-0.01511
9.553e+05	-0.01493
9.576e+05	-0.01476
9.603e+05	-0.01439
9.626e+05	-0.01433
9.652e+05	-0.01404
9.672e+05	-0.01412
9.7e+05	-0.01366
9.722e+05	-0.01356
9.743e+05	-0.01359
9.766e+05	-0.01362
9.791e+05	-0.01347
9.813e+05	-0.01351
9.834e+05	-0.01364
9.854e+05	-0.01374
9.878e+05	-0.0135
9.898e+05	-0.01376
9.917e+05	-0.01422
9.943e+05	-0.01398
9.967e+05	-0.01399
9.987e+05	-0.01423
1.001e+06	-0.01454
1.003e+06	-0.01428
1.006e+06	-0.01429
1.008e+06	-0.01411
1.011e+06	-0.01378
1.013e+06	-0.01401
1.015e+06	-0.01406
1.017e+06	-0.0142
1.02e+06	-0.01408
1.021e+06	-0.01405
1.021e+06	-0.01396
1.021e+06	-0.01396
1.021e+06	-0.01418
1.021e+06	-0.01402
1.021e+06	-0.01395
1.021e+06	-0.01397
1.021e+06	-0.01446
1.021e+06	-0.01422
1.021e+06	-0.01419
1.021e+06	-0.01419
1.021e+06	-0.01414
1.021e+06	-0.01437
1.021e+06	-0.01417
1.021e+06	-0.01426
1.021e+06	-0.01447
1.021e+06	-0.01465
1.021e+06	-0.01493
1.021e+06	-0.01506
1.021e+06	-0.01535
1.021e+06	-0.01533
1.021e+06	-0.01551
1.021e+06	-0.01528
1.021e+06	-0.01541
1.021e+06	-0.01561
1.021e+06	-0.01576
1.021e+06	-0.01578
1.021e+06	-0.0156
1.021e+06	-0.01573
1.021e+06	-0.01564
1.021e+06	-0.01575
1.021e+06	-0.01595
1.021e+06	-0.01593
1.021e+06	-0.01572
1.021e+06	-0.01567
1.021e+06	-0.01591
1.021e+06	-0.01597
1.021e+06	-0.01607
1.021e+06	-0.01621
1.021e+06	-0.01603
1.021e+06	-0.0161
1.021e+06	-0.01635
1.021e+06	-0.0163
1.021e+06	-0.01637
1.021e+06	-0.01623
1.021e+06	-0.01603
1.022e+06	-0.01602
1.022e+06	-0.01588
1.022e+06	-0.01583
1.022e+06	-0.0155
1.022e+06	-0.01546
1.022e+06	-0.01523
1.022e+06	-0.01509
1.022e+06	-0.01477
1.022e+06	-0.01431
1.022e+06	-0.01423
1.023e+06	-0.01408
1.023e+06	-0.01418
1.023e+06	-0.01417
1.023e+06	-0.01399
1.023e+06	-0.01375
1.024e+06	-0.01373
1.024e+06	-0.01349
1.024e+06	-0.01364
1.025e+06	-0.01355
1.025e+06	-0.01319
1.026e+06	-0.01312
1.026e+06	-0.0131
1.027e+06	-0.013
1.027e+06	-0.01294
1.028e+06	-0.01277
1.029e+06	-0.01274
1.03e+06	-0.01223
1.031e+06	-0.01212
1.032e+06	-0.01217
1.033e+06	-0.01212
1.034e+06	-0.01213
1.035e+06	-0.01172
1.037e+06	-0.01156
1.038e+06	-0.01184
1.039e+06	-0.01134
1.041e+06	-0.01139
1.042e+06	-0.01153
1.043e+06	-0.01149
1.045e+06	-0.01152
1.047e+06	-0.01127
1.048e+06	-0.01129
1.05e+06	-0.01127
1.052e+06	-0.01151
1.053e+06	-0.01164
1.055e+06	-0.01185
1.057e+06	-0.01188
1.059e+06	-0.01177
1.061e+06	-0.01158
1.063e+06	-0.01194
1.065e+06	-0.01183
1.067e+06	-0.01189
1.069e+06	-0.01204
1.072e+06	-0.01178
1.073e+06	-0.01197
1.076e+06	-0.0121
1.078e+06	-0.0121
1.08e+06	-0.0121
1.082e+06	-0.01212
1.084e+06	-0.01216
1.087e+06	-0.0121
1.089e+06	-0.01205
1.092e+06	-0.01161
1.094e+06	-0.01177
1.096e+06	-0.0116
1.099e+06	-0.01132
1.101e+06	-0.01112
1.103e+06	-0.0112
1.105e+06	-0.01121
1.107e+06	-0.0113
1.109e+06	-0.01146
1.112e+06	-0.01162
1.114e+06	-0.01183
1.116e+06	-0.01187
1.118e+06	-0.012
1.12e+06	-0.0121
1.122e+06	-0.01218
1.125e+06	-0.01226
1.127e+06	-0.01207
1.13e+06	-0.01199
1.132e+06	-0.01207
1.134e+06	-0.01202
1.137e+06	-0.01189
1.139e+06	-0.01162
1.141e+06	-0.01152
1.143e+06	-0.01189
1.146e+06	-0.0116
1.148e+06	-0.01161
1.151e+06	-0.01136
1.153e+06	-0.01115
1.155e+06	-0.01114
1.157e+06	-0.01122
1.16e+06	-0.01122
1.162e+06	-0.01133
1.164e+06	-0.01126
1.167e+06	-0.01131
1.169e+06	-0.01101
1.172e+06	-0.01072
1.174e+06	-0.01057
1.176e+06	-0.01053
1.179e+06	-0.01049
1.181e+06	-0.01051
1.183e+06	-0.01058
1.185e+06	-0.01074
1.187e+06	-0.01053
1.189e+06	-0.01076
1.192e+06	-0.0108
1.194e+06	-0.01079
1.196e+06	-0.01074
1.199e+06	-0.01085
1.201e+06	-0.01101
1.203e+06	-0.01095
1.205e+06	-0.01083
1.208e+06	-0.01085
1.21e+06	-0.01076
1.213e+06	-0.01041
1.215e+06	-0.01019
1.217e+06	-0.0103
1.22e+06	-0.01018
1.222e+06	-0.0102
1.224e+06	-0.01032
1.226e+06	-0.0102
1.228e+06	-0.01037
1.23e+06	-0.01064
1.232e+06	-0.01073
1.235e+06	-0.01079
1.237e+06	-0.01086
1.239e+06	-0.011
1.241e+06	-0.01114
1.244e+06	-0.01101
1.246e+06	-0.01095
1.248e+06	-0.01106
1.251e+06	-0.01079
1.253e+06	-0.01062
1.256e+06	-0.01023
1.259e+06	-0.01007
1.261e+06	-0.01004
1.263e+06	-0.01031
1.265e+06	-0.01039
1.267e+06	-0.01056
1.269e+06	-0.01064
1.271e+06	-0.0104
1.274e+06	-0.01045
1.276e+06	-0.01073
1.278e+06	-0.01079
1.281e+06	-0.0106
1.284e+06	-0.01009
1.286e+06	-0.01007
1.288e+06	-0.01006
1.29e+06	-0.009984
1.292e+06	-0.009848
1.294e+06	-0.009794
1.296e+06	-0.00977
1.299e+06	-0.009484
1.301e+06	-0.009299
1.303e+06	-0.009355
1.305e+06	-0.009475
1.307e+06	-0.009474
1.309e+06	-0.009387
1.311e+06	-0.009426
1.312e+06	-0.009379
1.315e+06	-0.009219
1.317e+06	-0.009176
1.319e+06	-0.009325
1.321e+06	-0.009538
1.323e+06	-0.0095
1.325e+06	-0.00953
1.327e+06	-0.009459
1.329e+06	-0.009599
1.331e+06	-0.009597
1.333e+06	-0.009701
1.335e+06	-0.009827
1.338e+06	-0.009758
1.34e+06	-0.009537
1.342e+06	-0.009606
1.344e+06	-0.009756
1.347e+06	-0.009623
1.349e+06	-0.009434
1.352e+06	-0.009419
1.354e+06	-0.009239
1.357e+06	-0.009154
1.359e+06	-0.009211
1.361e+06	-0.009137
1.363e+06	-0.009205
1.366e+06	-0.009037
1.368e+06	-0.009059
1.37e+06	-0.00921
1.373e+06	-0.00896
1.374e+06	-0.009202
1.377e+06	-0.009184
1.379e+06	-0.008999
1.381e+06	-0.009008
1.383e+06	-0.009065
1.386e+06	-0.009069
1.388e+06	-0.008886
1.391e+06	-0.0088
1.393e+06	-0.008726
1.395e+06	-0.008702
1.398e+06	-0.008494
1.4e+06	-0.008289
1.402e+06	-0.00845
1.405e+06	-0.008389
1.407e+06	-0.008374
1.409e+06	-0.008213
1.411e+06	-0.008314
1.413e+06	-0.008497
1.415e+06	-0.008759
1.417e+06	-0.008794
1.42e+06	-0.00893
1.422e+06	-0.008866
1.425e+06	-0.008589
1.427e+06	-0.008372
1.429e+06	-0.008386
1.432e+06	-0.008229
1.434e+06	-0.008186
1.437e+06	-0.008032
1.439e+06	-0.00811
1.441e+06	-0.007888
1.443e+06	-0.007961
1.445e+06	-0.008059
1.447e+06	-0.00837
1.45e+06	-0.008299
1.452e+06	-0.008211
1.454e+06	-0.00807
1.456e+06	-0.008204
1.458e+06	-0.008534
1.461e+06	-0.008656
1.463e+06	-0.008821
1.465e+06	-0.008861
1.467e+06	-0.009087
1.469e+06	-0.009269
1.471e+06	-0.009432
1.474e+06	-0.009411
1.476e+06	-0.009371
1.478e+06	-0.009628
1.481e+06	-0.009579
1.483e+06	-0.009428
1.485e+06	-0.009487
1.487e+06	-0.009756
1.49e+06	-0.009551
1.492e+06	-0.009621
1.495e+06	-0.009545
1.497e+06	-0.009486
1.5e+06	-0.009404
1.502e+06	-0.009345
1.504e+06	-0.009377
1.506e+06	-0.009514
1.509e+06	-0.009367
1.511e+06	-0.009337
1.513e+06	-0.009487
1.515e+06	-0.009447
1.517e+06	-0.009566
1.519e+06	-0.00973
1.521e+06	-0.009896
1.524e+06	-0.009753
1.526e+06	-0.009697
1.529e+06	-0.009529
1.531e+06	-0.00953
1.534e+06	-0.009387
1.536e+06	-0.009232
1.539e+06	-0.00908
1.541e+06	-0.008935
1.544e+06	-0.008966
1.546e+06	-0.008976
1.548e+06	-0.008987
1.55e+06	-0.009033
1.553e+06	-0.008899
1.555e+06	-0.008949
1.557e+06	-0.008892
1.559e+06	-0.008933
1.562e+06	-0.008712
1.564e+06	-0.008849
1.566e+06	-0.008855
1.568e+06	-0.008904
1.57e+06	-0.009091
1.572e+06	-0.009321
1.575e+06	-0.009196
1.577e+06	-0.009053
1.58e+06	-0.008921
1.582e+06	-0.008843
1.585e+06	-0.008626
1.587e+06	-0.008672
1.589e+06	-0.008903
1.591e+06	-0.009063
1.593e+06	-0.009088
1.596e+06	-0.008865
1.598e+06	-0.008849
1.6e+06	-0.008896
1.602e+06	-0.009029
1.605e+06	-0.009086
1.607e+06	-0.008959
1.609e+06	-0.008995
1.612e+06	-0.009012
1.614e+06	-0.008897
1.616e+06	-0.00899
1.619e+06	-0.008975
1.621e+06	-0.008962
1.623e+06	-0.009068
1.625e+06	-0.009034
1.628e+06	-0.008931
1.63e+06	-0.008918
1.633e+06	-0.00871
1.635e+06	-0.008436
1.638e+06	-0.008327
1.64e+06	-0.008389
1.642e+06	-0.008609
1.644e+06	-0.00866
1.646e+06	-0.0088
1.648e+06	-0.00872
1.651e+06	-0.008356
1.653e+06	-0.008339
1.655e+06	-0.008433
1.658e+06	-0.008379
1.66e+06	-0.008492
1.662e+06	-0.008436
1.665e+06	-0.008412
1.667e+06	-0.008458
1.669e+06	-0.008413
1.671e+06	-0.008511
1.674e+06	-0.008426
1.676e+06	-0.008209
1.678e+06	-0.008398
1.68e+06	-0.008582
1.683e+06	-0.008494
1.685e+06	-0.008473
1.688e+06	-0.008233
1.69e+06	-0.00832
1.692e+06	-0.008395
1.694e+06	-0.008428
1.697e+06	-0.008188
1.699e+06	-0.008117
1.702e+06	-0.007982
1.704e+06	-0.008007
1.706e+06	-0.008026
1.709e+06	-0.007859
1.711e+06	-0.007725
1.713e+06	-0.007727
1.715e+06	-0.007758
1.718e+06	-0.0075
1.72e+06	-0.007582
1.722e+06	-0.007576
1.725e+06	-0.007616
1.727e+06	-0.007725
1.729e+06	-0.007622
1.731e+06	-0.007683
1.733e+06	-0.007796
1.736e+06	-0.007736
1.738e+06	-0.007503
1.741e+06	-0.007259
1.744e+06	-0.007151
1.746e+06	-0.007045
1.748e+06	-0.006992
1.75e+06	-0.006897
1.753e+06	-0.006869
1.755e+06	-0.006999
1.757e+06	-0.007034
1.759e+06	-0.007209
1.761e+06	-0.007115
1.763e+06	-0.007118
1.766e+06	-0.007096
1.768e+06	-0.007118
1.77e+06	-0.007391
1.772e+06	-0.007391
1.774e+06	-0.007378
1.777e+06	-0.007392
1.779e+06	-0.007327
1.781e+06	-0.007425
1.784e+06	-0.007289
1.786e+06	-0.007224
1.788e+06	-0.007236
1.791e+06	-0.007201
1.793e+06	-0.007175
1.795e+06	-0.007274
1.797e+06	-0.007442
1.8e+06	-0.007308
1.802e+06	-0.007514
1.804e+06	-0.007508
1.807e+06	-0.007442
1.809e+06	-0.007504
1.811e+06	-0.007671
1.814e+06	-0.007695
1.816e+06	-0.007744
1.818e+06	-0.007585
1.821e+06	-0.007517
1.823e+06	-0.007445
1.825e+06	-0.007458
1.828e+06	-0.007558
1.83e+06	-0.007621
1.832e+06	-0.007698
1.834e+06	-0.007907
1.836e+06	-0.007895
1.839e+06	-0.007925
1.841e+06	-0.007923
1.843e+06	-0.008144
1.845e+06	-0.00828
1.848e+06	-0.008063
1.85e+06	-0.008018
1.853e+06	-0.00802
1.855e+06	-0.007961
1.858e+06	-0.007861
1.86e+06	-0.007893
1.862e+06	-0.007848
1.865e+06	-0.007842
1.867e+06	-0.007906
1.869e+06	-0.00798
1.871e+06	-0.008128
1.873e+06	-0.008184
1.876e+06	-0.008111
1.878e+06	-0.008041
1.88e+06	-0.008134
1.883e+06	-0.007942
1.886e+06	-0.007752
1.888e+06	-0.007857
1.89e+06	-0.008
1.892e+06	-0.008115
1.895e+06	-0.007959
1.897e+06	-0.008133
1.899e+06	-0.008166
1.901e+06	-0.0081
1.903e+06	-0.008219
1.906e+06	-0.008287
1.908e+06	-0.00826
1.91e+06	-0.008218
1.913e+06	-0.008063
1.916e+06	-0.007866
1.918e+06	-0.007841
1.92e+06	-0.007819
1.922e+06	-0.007723
1.925e+06	-0.007838
1.927e+06	-0.007986
1.928e+06	-0.00821
1.931e+06	-0.008218
1.933e+06	-0.008073
1.936e+06	-0.008087
1.938e+06	-0.008088
1.941e+06	-0.007929
1.943e+06	-0.007934
1.945e+06	-0.007964
1.947e+06	-0.007978
1.95e+06	-0.007813
1.952e+06	-0.008034
1.954e+06	-0.008087
1.956e+06	-0.00804
1.958e+06	-0.008055
1.961e+06	-0.008123
1.963e+06	-0.007963
1.966e+06	-0.007825
1.968e+06	-0.007736
1.971e+06	-0.007667
1.973e+06	-0.007632
1.975e+06	-0.0075
1.978e+06	-0.007404
1.979e+06	-0.007603
1.982e+06	-0.007612
1.984e+06	-0.007301
1.987e+06	-0.007176
1.989e+06	-0.007191
1.992e+06	-0.007011
1.994e+06	-0.006871
1.996e+06	-0.006704
1.998e+06	-0.006781
2e+06	-0.006819
2.003e+06	-0.006788
2.005e+06	-0.006778
2.007e+06	-0.006796
2.009e+06	-0.006971
2.011e+06	-0.007074
2.014e+06	-0.006937
2.017e+06	-0.006677
2.019e+06	-0.006771
2.021e+06	-0.00689
2.023e+06	-0.006972
2.025e+06	-0.007005
2.027e+06	-0.007145
2.029e+06	-0.007088
2.032e+06	-0.006993
2.034e+06	-0.007136
2.036e+06	-0.007153
2.039e+06	-0.007092
2.041e+06	-0.007046
2.043e+06	-0.007177
2.044e+06	-0.007413
2.044e+06	-0.007281
2.044e+06	-0.007165
2.044e+06	-0.007042
2.044e+06	-0.006954
2.044e+06	-0.006928
2.044e+06	-0.007014
2.044e+06	-0.007027
2.044e+06	-0.007235
2.044e+06	-0.007341
2.044e+06	-0.007365
2.044e+06	-0.00739
2.044e+06	-0.007459
2.044e+06	-0.007313
2.044e+06	-0.007287
2.044e+06	-0.00728
2.044e+06	-0.007305
2.044e+06	-0.007419
2.044e+06	-0.007528
2.044e+06	-0.007561
2.044e+06	-0.007586
2.044e+06	-0.007705
2.044e+06	-0.007787
2.044e+06	-0.007962
2.044e+06	-0.008175
2.044e+06	-0.008177
2.044e+06	-0.008088
2.044e+06	-0.008176
2.044e+06	-0.008119
2.044e+06	-0.008109
2.044e+06	-0.008113
2.044e+06	-0.008048
2.044e+06	-0.008083
2.044e+06	-0.007691
2.044e+06	-0.007708
2.044e+06	-0.007822
2.044e+06	-0.008024
2.044e+06	-0.008045
2.044e+06	-0.008104
2.044e+06	-0.008029
2.044e+06	-0.007942
2.044e+06	-0.008009
2.044e+06	-0.00814
2.044e+06	-0.008188
2.044e+06	-0.00799
2.044e+06	-0.007809
2.044e+06	-0.007722
2.044e+06	-0.007864
2.044e+06	-0.007879
2.044e+06	-0.007787
2.044e+06	-0.007783
2.044e+06	-0.00773
2.044e+06	-0.007598
2.044e+06	-0.007439
2.044e+06	-0.007459
2.044e+06	-0.007563
2.044e+06	-0.007664
2.044e+06	-0.007518
2.044e+06	-0.007319
2.044e+06	-0.007407
2.044e+06	-0.007411
2.044e+06	-0.007359
2.044e+06	-0.007365
2.044e+06	-0.007284
2.044e+06	-0.007177
2.044e+06	-0.007107
2.044e+06	-0.007162
2.044e+06	-0.007129
2.044e+06	-0.007091
2.044e+06	-0.007274
2.044e+06	-0.007351
2.044e+06	-0.007198
2.044e+06	-0.007197
2.044e+06	-0.007213
2.044e+06	-0.00724
2.044e+06	-0.007257
2.044e+06	-0.007198
2.044e+06	-0.007293
2.044e+06	-0.007287
2.044e+06	-0.007205
2.044e+06	-0.007297
2.044e+06	-0.007214
2.044e+06	-0.007231
2.044e+06	-0.0072
2.044e+06	-0.007181
2.044e+06	-0.007175
2.044e+06	-0.007136
2.044e+06	-0.007311
2.044e+06	-0.007477
2.044e+06	-0.007538
2.044e+06	-0.007491
2.044e+06	-0.007481
2.044e+06	-0.007326
2.044e+06	-0.00718
2.044e+06	-0.007128
2.044e+06	-0.007197
2.044e+06	-0.007214
2.044e+06	-0.007361
2.045e+06	-0.007304
2.045e+06	-0.007338
2.045e+06	-0.007304
2.045e+06	-0.007217
2.045e+06	-0.007188
2.045e+06	-0.007247
2.045e+06	-0.00709
2.045e+06	-0.007194
2.045e+06	-0.00727
2.045e+06	-0.007041
2.046e+06	-0.007127
2.046e+06	-0.007065
2.046e+06	-0.007161
2.046e+06	-0.007274
2.046e+06	-0.007331
2.046e+06	-0.007421
2.046e+06	-0.007333
2.047e+06	-0.007452
2.047e+06	-0.007353
2.047e+06	-0.00726
2.047e+06	-0.007278
2.048e+06	-0.007234
2.048e+06	-0.0072
2.048e+06	-0.007265
2.048e+06	-0.007445
2.049e+06	-0.00736
2.049e+06	-0.007223
2.049e+06	-0.007246
2.05e+06	-0.007218
2.05e+06	-0.007185
2.051e+06	-0.007211
2.051e+06	-0.007208
2.052e+06	-0.007039
2.052e+06	-0.006944
2.053e+06	-0.006971
2.053e+06	-0.006823
2.054e+06	-0.006812
2.054e+06	-0.006809
2.055e+06	-0.006951
2.055e+06	-0.007039
2.056e+06	-0.007129
2.057e+06	-0.007048
2.058e+06	-0.007067
2.058e+06	-0.007181
2.059e+06	-0.007143
2.06e+06	-0.007071
2.061e+06	-0.006988
2.062e+06	-0.007106
2.063e+06	-0.007056
2.063e+06	-0.007157
2.064e+06	-0.007137
2.065e+06	-0.007264
2.066e+06	-0.007231
2.067e+06	-0.007184
2.069e+06	-0.007158
2.07e+06	-0.00726
2.071e+06	-0.00719
2.072e+06	-0.007087
2.074e+06	-0.007032
2.075e+06	-0.007207
2.076e+06	-0.007043
2.078e+06	-0.006932
2.079e+06	-0.006895
2.081e+06	-0.00684
2.082e+06	-0.006761
2.084e+06	-0.006569
2.085e+06	-0.006582
2.087e+06	-0.006595
2.089e+06	-0.006413
2.09e+06	-0.00661
2.091e+06	-0.006659
2.093e+06	-0.006758
2.094e+06	-0.006863
2.096e+06	-0.006809
2.098e+06	-0.006682
2.1e+06	-0.006738
2.101e+06	-0.006735
2.103e+06	-0.006843
2.105e+06	-0.0069
2.106e+06	-0.00693
2.108e+06	-0.006902
2.11e+06	-0.007027
2.112e+06	-0.007004
2.114e+06	-0.007073
2.116e+06	-0.007074
2.117e+06	-0.007195
2.12e+06	-0.007113
2.122e+06	-0.007098
2.124e+06	-0.007078
2.125e+06	-0.007207
2.128e+06	-0.007085
2.129e+06	-0.007172
2.131e+06	-0.00718
2.133e+06	-0.007243
2.136e+06	-0.007173
2.138e+06	-0.007028
2.14e+06	-0.007062
2.143e+06	-0.006955
2.144e+06	-0.007039
2.146e+06	-0.00704
2.149e+06	-0.006993
2.151e+06	-0.006868
2.153e+06	-0.006798
2.156e+06	-0.006843
2.158e+06	-0.006781
2.16e+06	-0.006645
2.163e+06	-0.006595
2.165e+06	-0.006598
2.167e+06	-0.00662
2.169e+06	-0.006622
2.171e+06	-0.00662
2.173e+06	-0.006552
2.175e+06	-0.006626
2.177e+06	-0.006541
2.18e+06	-0.006401
2.182e+06	-0.006338
2.185e+06	-0.006317
2.187e+06	-0.006199
2.189e+06	-0.006423
2.191e+06	-0.006493
2.193e+06	-0.00656
2.195e+06	-0.006461
2.197e+06	-0.006581
2.199e+06	-0.00662
2.201e+06	-0.006608
2.204e+06	-0.006595
2.206e+06	-0.006586
2.208e+06	-0.006634
2.21e+06	-0.006679
2.213e+06	-0.006598
2.215e+06	-0.006716
2.217e+06	-0.006621
2.22e+06	-0.006596
2.222e+06	-0.006549
2.225e+06	-0.006592
2.227e+06	-0.006552
2.229e+06	-0.006575
2.231e+06	-0.006693
2.234e+06	-0.0067
2.236e+06	-0.006496
2.239e+06	-0.006392
2.241e+06	-0.006284
2.244e+06	-0.006318
2.246e+06	-0.006313
2.248e+06	-0.006364
2.25e+06	-0.006508
2.252e+06	-0.006554
2.254e+06	-0.006658
2.256e+06	-0.006533
2.259e+06	-0.006546
2.261e+06	-0.006542
2.263e+06	-0.006474
2.266e+06	-0.006359
2.268e+06	-0.006417
2.271e+06	-0.006326
2.272e+06	-0.006521
2.275e+06	-0.006482
2.277e+06	-0.006502
2.279e+06	-0.006533
2.282e+06	-0.006485
2.284e+06	-0.006562
2.286e+06	-0.006598
2.288e+06	-0.006577
2.291e+06	-0.006644
2.293e+06	-0.006621
2.295e+06	-0.006581
2.298e+06	-0.006522
2.3e+06	-0.006631
2.302e+06	-0.006603
2.305e+06	-0.006471
2.307e+06	-0.006395
2.31e+06	-0.006327
2.312e+06	-0.006429
2.313e+06	-0.006518
2.316e+06	-0.006509
2.318e+06	-0.006702
2.32e+06	-0.006751
2.322e+06	-0.006844
2.324e+06	-0.006867
2.326e+06	-0.006937
2.329e+06	-0.00676
2.332e+06	-0.006781
2.334e+06	-0.006851
2.336e+06	-0.006832
2.338e+06	-0.006813
2.341e+06	-0.006799
2.343e+06	-0.00669
2.345e+06	-0.006781
2.348e+06	-0.006681
2.35e+06	-0.00674
2.353e+06	-0.006742
2.355e+06	-0.006705
2.357e+06	-0.006783
2.36e+06	-0.006679
2.362e+06	-0.006706
2.364e+06	-0.006681
2.367e+06	-0.006744
2.369e+06	-0.006877
2.371e+06	-0.006767
2.373e+06	-0.006827
2.376e+06	-0.006795
2.378e+06	-0.006839
2.38e+06	-0.006813
2.383e+06	-0.006742
2.385e+06	-0.006753
2.387e+06	-0.006785
2.39e+06	-0.006649
2.392e+06	-0.006729
2.395e+06	-0.006697
2.397e+06	-0.006788
2.399e+06	-0.006739
2.401e+06	-0.006762
2.404e+06	-0.006782
2.406e+06	-0.006717
2.408e+06	-0.006745
2.41e+06	-0.006923
2.413e+06	-0.006783
2.415e+06	-0.006875
2.418e+06	-0.006669
2.42e+06	-0.006632
2.423e+06	-0.006479
2.425e+06	-0.006521
2.427e+06	-0.006527
2.429e+06	-0.006591
2.432e+06	-0.006548
2.434e+06	-0.006457
2.436e+06	-0.006464
2.439e+06	-0.006411
2.441e+06	-0.006406
2.443e+06	-0.00653
2.445e+06	-0.006511
2.448e+06	-0.006468
2.45e+06	-0.006437
2.453e+06	-0.006395
2.455e+06	-0.006501
2.457e+06	-0.006421
2.46e+06	-0.006356
2.462e+06	-0.006322
2.465e+06	-0.006222
2.467e+06	-0.006182
2.47e+06	-0.006143
2.472e+06	-0.00603
2.474e+06	-0.006067
2.477e+06	-0.005959
2.479e+06	-0.005941
2.481e+06	-0.005947
2.483e+06	-0.00598
2.486e+06	-0.005953
2.488e+06	-0.005948
2.49e+06	-0.006012
2.493e+06	-0.005984
2.495e+06	-0.005969
2.497e+06	-0.006077
2.499e+06	-0.006082
2.501e+06	-0.006073
2.503e+06	-0.006103
2.506e+06	-0.00597
2.508e+06	-0.006061
2.51e+06	-0.006052
2.513e+06	-0.006034
2.515e+06	-0.006112
2.517e+06	-0.006201
2.519e+06	-0.006209
2.521e+06	-0.006238
2.524e+06	-0.006124
2.526e+06	-0.006216
2.529e+06	-0.006157
2.532e+06	-0.005956
2.534e+06	-0.005948
2.536e+06	-0.006001
2.538e+06	-0.006034
2.54e+06	-0.006058
2.542e+06	-0.006104
2.545e+06	-0.006135
2.547e+06	-0.006007
2.55e+06	-0.00602
2.552e+06	-0.005993
2.554e+06	-0.005985
2.557e+06	-0.00587
2.559e+06	-0.005801
2.561e+06	-0.005824
2.563e+06	-0.00589
2.566e+06	-0.005931
2.568e+06	-0.00589
2.57e+06	-0.005878
2.573e+06	-0.005873
2.575e+06	-0.005734
2.578e+06	-0.005793
2.58e+06	-0.005832
2.582e+06	-0.005814
2.584e+06	-0.005869
2.586e+06	-0.005885
2.588e+06	-0.006053
2.59e+06	-0.006087
2.592e+06	-0.006158
2.595e+06	-0.006224
2.597e+06	-0.006319
2.599e+06	-0.006415
2.601e+06	-0.006471
2.603e+06	-0.006509
2.606e+06	-0.006509
2.608e+06	-0.006555
2.61e+06	-0.006673
2.612e+06	-0.006679
2.615e+06	-0.006692
2.617e+06	-0.006658
2.619e+06	-0.006782
2.621e+06	-0.006909
2.624e+06	-0.006856
2.626e+06	-0.006885
2.628e+06	-0.006905
2.631e+06	-0.006918
2.633e+06	-0.007038
2.635e+06	-0.007075
2.637e+06	-0.007204
2.639e+06	-0.007355
2.642e+06	-0.00737
2.644e+06	-0.007475
2.646e+06	-0.007431
2.649e+06	-0.007418
2.651e+06	-0.007458
2.653e+06	-0.007463
2.656e+06	-0.007437
2.659e+06	-0.007347
2.661e+06	-0.007294
2.664e+06	-0.007387
2.666e+06	-0.007383
2.668e+06	-0.007456
2.671e+06	-0.007372
2.673e+06	-0.007436
2.676e+06	-0.007344
2.678e+06	-0.007337
2.68e+06	-0.007333
2.682e+06	-0.00739
2.685e+06	-0.007469
2.687e+06	-0.007399
2.689e+06	-0.007499
2.691e+06	-0.007553
2.694e+06	-0.00742
2.696e+06	-0.007463
2.699e+06	-0.007367
2.701e+06	-0.007314
2.704e+06	-0.007357
2.705e+06	-0.00754
2.707e+06	-0.007638
2.71e+06	-0.007686
2.712e+06	-0.007696
2.714e+06	-0.007744
2.716e+06	-0.007754
2.719e+06	-0.007623
2.721e+06	-0.007615
2.724e+06	-0.00747
2.726e+06	-0.007502
2.729e+06	-0.007495
2.731e+06	-0.007508
2.733e+06	-0.007428
2.736e+06	-0.007494
2.738e+06	-0.007427
2.74e+06	-0.007461
2.743e+06	-0.007381
2.745e+06	-0.007438
2.747e+06	-0.007485
2.749e+06	-0.007516
2.751e+06	-0.007537
2.754e+06	-0.00748
2.757e+06	-0.007386
2.759e+06	-0.007197
2.761e+06	-0.00723
2.764e+06	-0.007091
2.766e+06	-0.007042
2.768e+06	-0.007107
2.771e+06	-0.007124
2.773e+06	-0.007132
2.775e+06	-0.007013
2.778e+06	-0.006989
2.78e+06	-0.007022
2.782e+06	-0.00698
2.784e+06	-0.007072
2.787e+06	-0.007071
2.788e+06	-0.007208
2.791e+06	-0.007082
2.793e+06	-0.00713
2.795e+06	-0.00713
2.798e+06	-0.007112
2.8e+06	-0.007068
2.802e+06	-0.007122
2.805e+06	-0.006956
2.807e+06	-0.006887
2.81e+06	-0.00693
2.812e+06	-0.006842
2.814e+06	-0.006881
2.817e+06	-0.006846
2.819e+06	-0.006919
2.821e+06	-0.006949
2.823e+06	-0.007073
2.825e+06	-0.007099
2.828e+06	-0.006998
2.83e+06	-0.007063
2.832e+06	-0.006964
2.834e+06	-0.007086
2.836e+06	-0.007089
2.839e+06	-0.007056
2.841e+06	-0.006991
2.843e+06	-0.00705
2.846e+06	-0.006965
2.848e+06	-0.006969
2.85e+06	-0.007053
2.852e+06	-0.007128
2.855e+06	-0.00712
2.857e+06	-0.006985
2.859e+06	-0.006998
2.862e+06	-0.006933
2.864e+06	-0.006867
2.867e+06	-0.006858
2.869e+06	-0.006846
2.872e+06	-0.006778
2.874e+06	-0.006781
2.876e+06	-0.006769
2.878e+06	-0.006774
2.881e+06	-0.006641
2.883e+06	-0.006794
2.885e+06	-0.006649
2.888e+06	-0.006675
2.89e+06	-0.006702
2.892e+06	-0.006745
2.894e+06	-0.006713
2.896e+06	-0.0067
2.899e+06	-0.006638
2.901e+06	-0.006533
2.904e+06	-0.006521
2.906e+06	-0.006443
2.908e+06	-0.006588
2.91e+06	-0.006748
2.912e+06	-0.006829
2.914e+06	-0.006936
2.916e+06	-0.006964
2.918e+06	-0.006979
2.921e+06	-0.007014
2.923e+06	-0.006921
2.926e+06	-0.006889
2.927e+06	-0.007028
2.93e+06	-0.007033
2.932e+06	-0.00704
2.934e+06	-0.007098
2.936e+06	-0.007186
2.939e+06	-0.007183
2.941e+06	-0.007174
2.943e+06	-0.00723
2.946e+06	-0.007188
2.948e+06	-0.00711
2.95e+06	-0.007202
2.953e+06	-0.007182
2.955e+06	-0.007106
2.957e+06	-0.007092
2.959e+06	-0.00729
2.961e+06	-0.007337
2.964e+06	-0.007263
2.966e+06	-0.00725
2.968e+06	-0.007311
2.97e+06	-0.007343
2.973e+06	-0.007255
2.976e+06	-0.007135
2.978e+06	-0.007128
2.98e+06	-0.007121
2.983e+06	-0.007114
2.985e+06	-0.007092
2.988e+06	-0.006994
2.99e+06	-0.006975
2.992e+06	-0.006989
2.994e+06	-0.007148
2.996e+06	-0.00713
2.999e+06	-0.007103
3.001e+06	-0.007155
3.003e+06	-0.007176
3.005e+06	-0.007189
3.007e+06	-0.007233
3.01e+06	-0.007178
3.013e+06	-0.007117
3.015e+06	-0.007124
3.017e+06	-0.007138
3.02e+06	-0.007097
3.022e+06	-0.007118
3.024e+06	-0.007229
3.026e+06	-0.007246
3.028e+06	-0.007268
3.03e+06	-0.007243
3.033e+06	-0.007282
3.035e+06	-0.007399
3.037e+06	-0.007411
3.039e+06	-0.007515
3.041e+06	-0.007466
3.044e+06	-0.007475
3.046e+06	-0.007475
3.048e+06	-0.007469
3.051e+06	-0.007389
3.053e+06	-0.007384
3.055e+06	-0.007479
3.058e+06	-0.007451
3.06e+06	-0.007398
3.062e+06	-0.007517
3.064e+06	-0.007584
3.067e+06	-0.00756
3.069e+06	-0.007514
3.072e+06	-0.007461
3.074e+06	-0.007377
3.077e+06	-0.00733
3.079e+06	-0.007415
3.081e+06	-0.007308
3.084e+06	-0.007252
3.086e+06	-0.007324
3.088e+06	-0.007299
3.09e+06	-0.007342
3.093e+06	-0.007203
3.095e+06	-0.007233
3.097e+06	-0.007274
3.1e+06	-0.007264
3.102e+06	-0.00729
3.104e+06	-0.007237
3.106e+06	-0.007267
3.108e+06	-0.007351
3.111e+06	-0.007329
3.113e+06	-0.007395
3.115e+06	-0.007392
3.118e+06	-0.007411
3.12e+06	-0.007448
3.122e+06	-0.007281
3.124e+06	-0.007219
3.126e+06	-0.007227
3.128e+06	-0.007213
3.13e+06	-0.007262
3.132e+06	-0.007153
3.134e+06	-0.007202
3.136e+06	-0.007281
3.138e+06	-0.007233
3.139e+06	-0.007324
3.141e+06	-0.007264
3.143e+06	-0.007312
3.145e+06	-0.007289
3.147e+06	-0.007229
3.15e+06	-0.00713
3.152e+06	-0.007128
3.155e+06	-0.006997
3.157e+06	-0.007016
3.159e+06	-0.007064
3.161e+06	-0.007068
3.163e+06	-0.007156
3.166e+06	-0.007082
3.168e+06	-0.006993
3.171e+06	-0.006973
3.173e+06	-0.006938
3.175e+06	-0.006968
3.177e+06	-0.006981
3.18e+06	-0.006931
3.182e+06	-0.006956
3.185e+06	-0.006813
3.187e+06	-0.006874
3.189e+06	-0.006843
3.191e+06	-0.006853
3.194e+06	-0.006837
3.196e+06	-0.006728
3.199e+06	-0.006663
3.201e+06	-0.006681
3.203e+06	-0.006639
3.205e+06	-0.006734
3.208e+06	-0.006662
3.21e+06	-0.006564
3.213e+06	-0.00656
3.215e+06	-0.006545
3.217e+06	-0.006404
3.22e+06	-0.006375
3.222e+06	-0.006384
3.224e+06	-0.006453
3.226e+06	-0.006386
3.229e+06	-0.006372
3.231e+06	-0.006335
3.234e+06	-0.006299
3.236e+06	-0.006264
3.238e+06	-0.006223
3.241e+06	-0.006165
3.242e+06	-0.006269
3.244e+06	-0.006342
3.247e+06	-0.006332
3.249e+06	-0.006297
3.251e+06	-0.006238
3.253e+06	-0.006359
3.255e+06	-0.006411
3.258e+06	-0.006295
3.26e+06	-0.006345
3.262e+06	-0.006384
3.265e+06	-0.006323
3.267e+06	-0.006247
3.269e+06	-0.006244
3.272e+06	-0.00622
3.274e+06	-0.00624
3.276e+06	-0.006192
3.279e+06	-0.006093
3.281e+06	-0.006049
3.283e+06	-0.006102
3.286e+06	-0.006088
3.288e+06	-0.006111
3.29e+06	-0.006136
3.292e+06	-0.006147
3.294e+06	-0.00614
3.296e+06	-0.006162
3.299e+06	-0.006115
3.301e+06	-0.0061
3.304e+06	-0.006029
3.306e+06	-0.005974
3.308e+06	-0.005929
3.311e+06	-0.005899
3.313e+06	-0.005866
3.315e+06	-0.005859
3.318e+06	-0.005893
3.32e+06	-0.005857
3.322e+06	-0.00579
3.325e+06	-0.005754
3.327e+06	-0.005748
3.329e+06	-0.005786
3.332e+06	-0.005631
