# version: 0.0.0-706-g5794781-dirty
# well_width: 1.3
# ff: 0.4000199496597194
# N: 140
# walls: 0
# cell dimensions: (11.36, 11.36, 11.36)
# seed: 0
# de_g: 0.05
# de_density: 0.1
# translation_scale: 0.1
# neighbor_scale: 2
# energy_levels: 1261
# min_T: 0.5

# pessimmistic_min_samples: 10000
# iterations: 12563086720
# working moves: 713731298449
# total moves: 1758832140800
# acceptance rate: 0.405798
# converged state: 783
# converged temperature: 0.299272

# max_entropy_state: 513
# min_important_energy: 737

# energy   counts
0  0
1  0
2  0
3  0
4  0
5  0
6  0
7  0
8  0
9  0
10  0
11  0
12  0
13  0
14  0
15  0
16  0
17  0
18  0
19  0
20  0
21  0
22  0
23  0
24  0
25  0
26  0
27  0
28  0
29  0
30  0
31  0
32  0
33  0
34  0
35  0
36  0
37  0
38  0
39  0
40  0
41  0
42  0
43  0
44  0
45  0
46  0
47  0
48  0
49  0
50  0
51  0
52  0
53  0
54  0
55  0
56  0
57  0
58  0
59  0
60  0
61  0
62  0
63  0
64  0
65  0
66  0
67  0
68  0
69  0
70  0
71  0
72  0
73  0
74  0
75  0
76  0
77  0
78  0
79  0
80  0
81  0
82  0
83  0
84  0
85  0
86  0
87  0
88  0
89  0
90  0
91  0
92  0
93  0
94  0
95  0
96  0
97  0
98  0
99  0
100  0
101  0
102  0
103  0
104  0
105  0
106  0
107  0
108  0
109  0
110  0
111  0
112  0
113  0
114  0
115  0
116  0
117  0
118  0
119  0
120  0
121  0
122  0
123  0
124  0
125  0
126  0
127  0
128  0
129  0
130  0
131  0
132  0
133  0
134  0
135  0
136  0
137  0
138  0
139  0
140  0
141  0
142  0
143  0
144  0
145  0
146  0
147  0
148  0
149  0
150  0
151  0
152  0
153  0
154  0
155  0
156  0
157  0
158  0
159  0
160  0
161  0
162  0
163  0
164  0
165  0
166  0
167  0
168  0
169  0
170  0
171  0
172  0
173  0
174  0
175  0
176  0
177  0
178  0
179  0
180  0
181  0
182  0
183  0
184  0
185  0
186  0
187  0
188  0
189  0
190  0
191  0
192  0
193  0
194  0
195  0
196  0
197  0
198  0
199  0
200  0
201  0
202  0
203  0
204  0
205  0
206  0
207  0
208  0
209  0
210  0
211  0
212  0
213  0
214  0
215  0
216  0
217  0
218  0
219  0
220  0
221  0
222  0
223  0
224  0
225  0
226  0
227  0
228  0
229  0
230  0
231  0
232  0
233  0
234  0
235  0
236  0
237  0
238  0
239  0
240  0
241  0
242  0
243  0
244  0
245  0
246  0
247  0
248  0
249  0
250  0
251  0
252  0
253  0
254  0
255  0
256  0
257  0
258  0
259  0
260  0
261  0
262  0
263  0
264  0
265  0
266  0
267  0
268  0
269  0
270  0
271  0
272  0
273  0
274  0
275  0
276  0
277  0
278  0
279  0
280  0
281  0
282  0
283  0
284  0
285  0
286  0
287  0
288  0
289  0
290  0
291  0
292  0
293  0
294  0
295  0
296  0
297  0
298  0
299  0
300  0
301  0
302  0
303  0
304  0
305  0
306  0
307  0
308  0
309  0
310  0
311  0
312  0
313  0
314  0
315  0
316  0
317  0
318  0
319  0
320  0
321  0
322  0
323  0
324  0
325  0
326  0
327  0
328  0
329  0
330  0
331  0
332  0
333  0
334  0
335  0
336  0
337  0
338  0
339  0
340  0
341  0
342  0
343  0
344  0
345  0
346  0
347  0
348  0
349  0
350  0
351  0
352  0
353  0
354  0
355  0
356  0
357  0
358  0
359  0
360  0
361  0
362  0
363  0
364  0
365  0
366  0
367  0
368  0
369  0
370  0
371  0
372  0
373  0
374  0
375  0
376  0
377  0
378  0
379  0
380  0
381  0
382  0
383  0
384  0
385  0
386  0
387  0
388  0
389  0
390  0
391  0
392  0
393  0
394  0
395  0
396  0
397  0
398  0
399  0
400  0
401  0
402  0
403  0
404  0
405  0
406  0
407  0
408  0
409  0
410  0
411  0
412  0
413  0
414  0
415  0
416  0
417  0
418  0
419  0
420  0
421  0
422  0
423  0
424  0
425  0
426  0
427  0
428  0
429  0
430  0
431  0
432  0
433  0
434  0
435  0
436  0
437  0
438  0
439  0
440  0
441  0
442  0
443  0
444  0
445  0
446  0
447  0
448  0
449  0
450  0
451  0
452  0
453  0
454  0
455  0
456  0
457  0
458  0
459  0
460  0
461  0
462  0
463  0
464  2.2192
465  5.1885
466  5.97784
467  6.95425
468  7.82978
469  8.29729
470  9.0549
471  9.68118
472  10.291
473  10.9217
474  11.5186
475  12.1108
476  12.6743
477  13.2205
478  13.7588
479  14.289
480  14.8006
481  15.2986
482  15.7792
483  16.2424
484  16.6927
485  17.1232
486  17.54
487  17.9404
488  18.3253
489  18.6965
490  19.052
491  19.3913
492  19.7148
493  20.0237
494  20.3168
495  20.5946
496  20.8577
497  21.1054
498  21.3377
499  21.5551
500  21.7573
501  21.9442
502  22.1161
503  22.2731
504  22.4149
505  22.5417
506  22.6535
507  22.7504
508  22.8324
509  22.8994
510  22.9517
511  22.989
512  23.0115
513  23.0193
514  23.0122
515  22.9905
516  22.9541
517  22.9031
518  22.8372
519  22.7568
520  22.6618
521  22.5523
522  22.4281
523  22.2895
524  22.1363
525  21.9686
526  21.7864
527  21.5898
528  21.379
529  21.1537
530  20.914
531  20.6599
532  20.3915
533  20.1089
534  19.812
535  19.501
536  19.1757
537  18.8361
538  18.4824
539  18.1146
540  17.7325
541  17.3365
542  16.9263
543  16.5021
544  16.0638
545  15.6116
546  15.1453
547  14.6651
548  14.171
549  13.6629
550  13.1409
551  12.6051
552  12.0553
553  11.4918
554  10.9143
555  10.3231
556  9.71816
557  9.0994
558  8.46705
559  7.82083
560  7.16106
561  6.48764
562  5.8006
563  5.09993
564  4.38558
565  3.65773
566  2.91646
567  2.16166
568  1.3933
569  0.611513
570  -0.183789
571  -0.99238
572  -1.8145
573  -2.64975
574  -3.49843
575  -4.36049
576  -5.23583
577  -6.12436
578  -7.02614
579  -7.94099
580  -8.86912
581  -9.81041
582  -10.7648
583  -11.7322
584  -12.7127
585  -13.7061
586  -14.7125
587  -15.7319
588  -16.7641
589  -17.8093
590  -18.8673
591  -19.9381
592  -21.0217
593  -22.118
594  -23.227
595  -24.3487
596  -25.4831
597  -26.6299
598  -27.7892
599  -28.9611
600  -30.1455
601  -31.3422
602  -32.5513
603  -33.7727
604  -35.0065
605  -36.2523
606  -37.5101
607  -38.7803
608  -40.0625
609  -41.3566
610  -42.6626
611  -43.9804
612  -45.3101
613  -46.6514
614  -48.0045
615  -49.3691
616  -50.7452
617  -52.1327
618  -53.5315
619  -54.9415
620  -56.3628
621  -57.7952
622  -59.2386
623  -60.693
624  -62.1581
625  -63.6342
626  -65.1206
627  -66.6175
628  -68.125
629  -69.6428
630  -71.1706
631  -72.7083
632  -74.2563
633  -75.814
634  -77.3814
635  -78.9582
636  -80.5446
637  -82.1401
638  -83.7447
639  -85.3584
640  -86.9807
641  -88.6118
642  -90.2516
643  -91.8994
644  -93.5555
645  -95.2195
646  -96.8917
647  -98.5715
648  -100.259
649  -101.954
650  -103.655
651  -105.364
652  -107.081
653  -108.803
654  -110.533
655  -112.269
656  -114.012
657  -115.761
658  -117.516
659  -119.278
660  -121.045
661  -122.819
662  -124.599
663  -126.385
664  -128.176
665  -129.973
666  -131.776
667  -133.585
668  -135.4
669  -137.22
670  -139.047
671  -140.879
672  -142.717
673  -144.56
674  -146.41
675  -148.266
676  -150.128
677  -151.996
678  -153.87
679  -155.75
680  -157.636
681  -159.529
682  -161.427
683  -163.333
684  -165.244
685  -167.163
686  -169.088
687  -171.02
688  -172.958
689  -174.903
690  -176.856
691  -178.814
692  -180.78
693  -182.753
694  -184.733
695  -186.72
696  -188.714
697  -190.715
698  -192.723
699  -194.738
700  -196.76
701  -198.789
702  -200.825
703  -202.866
704  -204.914
705  -206.966
706  -209.023
707  -211.084
708  -213.146
709  -215.209
710  -217.27
711  -219.326
712  -221.374
713  -223.411
714  -225.434
715  -227.44
716  -229.426
717  -231.393
718  -233.341
719  -235.273
720  -237.189
721  -239.095
722  -240.994
723  -242.888
724  -244.781
725  -246.675
726  -248.572
727  -250.473
728  -252.38
729  -254.294
730  -256.217
731  -258.147
732  -260.088
733  -262.038
734  -263.999
735  -265.971
736  -267.955
737  -269.949
738  -271.956
739  -273.975
740  -276.008
741  -278.052
742  -280.109
743  -282.18
744  -284.265
745  -286.362
746  -288.474
747  -290.599
748  -292.737
749  -294.889
750  -297.054
751  -299.233
752  -301.424
753  -303.629
754  -305.847
755  -308.078
756  -310.319
757  -312.566
758  -314.834
759  -317.114
760  -319.407
761  -321.712
762  -324.029
763  -326.369
764  -328.717
765  -331.097
766  -333.485
767  -335.887
768  -338.317
769  -340.778
770  -343.239
771  -345.729
772  -348.225
773  -350.786
774  -353.339
775  -355.913
776  -358.5
777  -361.183
778  -363.721
779  -366.496
780  -369.279
781  -372.179
782  -374.638
783  -377.979
