# round trips	 doserror
0	-493.4
0	96.12
0	95.8
0	97.19
0	98.59
0	97.27
0	96.95
0	96.78
0	97.18
0	96.79
0	97.85
0	97.95
0	98.23
0	96.4
0	94.87
0	92.33
0	88.81
0	84.95
0	78.25
0	72.07
0	67.94
0	63.56
0	58.63
0	55.73
0	52.53
0	48.51
0	45.33
0	43.43
0	40.26
0	38.43
0	37.14
0	34.73
0	32.17
0	30.91
0	29.46
0	28.15
0	26.59
0	25.54
0	24.58
0	23.63
0	22.45
0	21.49
0	20.59
0	19.68
0	18.9
0	18.2
0	17.64
0	17.44
0	17.4
0	17.38
0	17.36
0	17.35
0	17.34
0	17.33
0	17.32
0	17.31
0	17.3
0	17.3
0	17.29
0	17.28
0	17.27
0	17.26
0	17.24
0	17.24
0	17.23
0	17.22
0	17.2
0	17.19
0	17.17
0	17.16
0	17.14
0	17.14
0	17.12
0	17.11
0	17.1
0	17.08
0	17.04
0	17.03
0	17.02
0	17.01
0	17
0	17
0	16.99
0	16.97
0	16.96
0	16.93
0	16.92
0	16.89
0	16.88
0	16.86
0	16.85
0	16.84
0	16.82
0	16.81
0	16.76
0	16.74
0	16.71
0	16.71
0	16.7
0	16.69
0	16.67
0	16.67
0	16.66
0	16.65
0	16.63
0	16.62
0	16.61
0	16.59
0	16.57
0	16.56
0	16.55
0	16.54
0	16.52
0	16.51
0	16.49
0	16.48
0	16.46
0	16.44
0	16.43
0	16.41
0	16.39
0	16.35
0	16.33
0	16.25
0	16.23
0	16.2
0	16.19
0	16.16
0	16.15
0	16.13
0	16.11
0	16.09
0	16.07
0	15.93
0	15.83
0	15.78
0	15.61
0	15.5
0	15.39
0	15.33
0	15.3
0	15.3
0	15.29
0	15.28
0	15.28
0	15.24
0	15.13
0	15.1
0	15.07
0	15.07
0	15.06
0	15.06
0	15
0	14.95
0	14.88
0	14.86
0	14.8
0	14.72
0	14.69
0	14.59
0	14.57
0	14.56
0	14.56
0	14.56
0	14.55
0	14.5
0	14.46
0	14.46
0	14.46
0	14.46
0	14.41
0	14.32
0	14.28
0	14.28
0	14.28
0	14.27
0	14.27
0	14.23
0	14.16
0	14.15
0	14.09
0	14.05
0	14.03
0	14.03
0	14.03
0	14.01
0	14.01
0	14.01
0	13.95
0	13.87
0	13.87
0	13.86
0	13.85
0	13.84
0	13.82
0	13.73
0	13.65
0	13.65
0	13.58
0	13.42
0	13.31
0	13.21
0	13.06
0	13.01
0	12.99
0	12.94
0	12.93
0	12.93
0	12.93
0	12.9
0	12.83
0	12.71
0	12.59
0	12.56
0	12.48
0	12.42
0	12.39
0	12.34
0	12.29
0	12.25
0	12.24
0	12.24
0	12.22
0	12.14
0	12.07
0	11.98
0	11.94
0	11.87
0	11.86
0	11.86
0	11.77
0	11.73
0	11.72
0	11.58
0	11.58
0	11.48
0	11.39
0	11.39
0	11.39
0	11.38
0	11.33
0	11.27
0	11.16
0	11.05
0	11.05
0	11.05
0	11.05
0	11.03
0	10.96
0	10.86
0	10.74
0	10.69
0	10.59
0	10.57
0	10.56
0	10.56
0	10.52
0	10.49
0	10.48
0	10.46
0	10.39
0	10.31
0	10.25
0	10.25
0	10.25
0	10.14
0	10.05
0	10.03
0	9.99
0	9.901
0	9.81
0	9.721
0	9.687
0	9.573
0	9.482
0	9.36
0	9.336
0	9.242
0	9.149
0	9.071
0	9.07
0	9.04
0	8.972
0	8.93
0	8.821
0	8.806
0	8.804
0	8.802
0	8.699
0	8.585
0	8.574
0	8.525
0	8.459
0	8.452
0	8.363
0	8.291
0	8.228
0	8.176
0	8.098
0	7.998
0	7.865
0	7.774
0	7.689
0	7.582
0	7.466
0	7.465
0	7.446
0	7.371
0	7.309
0	7.308
0	7.307
0	7.305
0	7.232
0	7.172
0	7.115
0	7.05
0	6.995
0	6.833
0	6.682
0	6.648
0	6.624
0	6.499
0	6.36
0	6.32
0	6.233
0	6.173
0	6.079
0	6.025
0	6.017
0	5.867
0	5.846
0	5.829
0	5.761
0	5.655
0	5.452
0	5.442
0	5.436
0	5.375
0	5.341
0	5.251
0	5.212
0	5.211
0	5.206
0	5.167
0	5.166
0	5.164
0	5.056
0	5.055
0	5.054
0	5.053
0	5.051
0	5.049
0	5.032
0	5.018
0	5.017
0	4.993
0	4.903
0	4.835
0	4.682
0	4.68
0	4.625
0	4.621
0	4.437
0	4.367
0	4.301
0	4.211
0	4.203
0	4.085
0	3.955
0	3.818
0	3.71
0	3.572
0	3.42
0	3.329
0	3.294
0	3.262
0	3.107
0	2.975
0	2.832
0	2.78
0	2.756
0	2.71
0	2.608
0	2.4
0	2.368
0	2.379
0	2.321
0	2.279
0	2.216
0	2.112
0	1.967
0	1.987
0	1.845
0	1.839
0	1.685
0	1.591
0	1.434
0	1.388
0	1.324
0	1.217
0	1.144
0	1.033
0	1.018
0	1.025
0	1.02
0	0.9959
0	0.9994
0	0.9982
0	0.9689
0	0.9658
0	0.9646
0	0.9636
0	0.9615
0	0.9236
0	0.8942
0	0.8525
0	0.8492
0	0.8081
0	0.7812
0	0.7575
0	0.743
0	0.6375
0	0.6926
0	0.6931
0	0.6386
0	0.6367
0	0.6357
0	0.6343
0	0.6152
0	0.5752
0	0.5476
0	0.5254
0	0.5112
0	0.5034
0	0.502
0	0.4658
0	0.4687
0	0.4483
0	0.4177
0	0.4141
0	0.4128
0	0.4156
0	0.3644
0	0.3922
0	0.3798
0	0.3787
0	0.3528
0	0.3217
0	0.2775
0	0.2649
0	0.2637
0	0.2622
0	0.253
0	0.2292
0	0.2153
0	0.1801
0	0.1579
0	0.1644
0	0.1664
0	0.1693
0	0.1566
0	0.1535
0	0.1435
0	0.1368
0	0.1183
0	0.1047
0	0.1185
0	0.1153
0	0.09554
0	0.08613
0	0.08883
0	0.1134
0	0.14
0	0.1276
0	0.1186
0	0.1165
0	0.1148
0	0.115
0	0.1072
0	0.09385
0	0.0927
0	0.09794
0	0.09298
0	0.09532
0	0.09211
0	0.08708
0	0.08347
0	0.07693
0	0.08047
0	0.08375
0	0.08267
0	0.08332
0	0.08088
0	0.07726
0	0.07834
0	0.0667
0	0.0599
0	0.0572
0	0.0539
0	0.06667
0	0.0686
0	0.06102
0	0.05545
0	0.04835
0	0.04234
0	0.0405
0	0.04061
0	0.03407
0	0.02778
0	0.02657
0	0.02131
0	0.01184
0	0.005305
0	0.002894
0	0.009842
0	0.01775
0	0.01795
0	0.0229
0	0.03434
0	0.0311
0	0.0205
0	0.02667
0	0.02259
0	0.02252
0	0.03011
0	0.02823
0	0.03092
0	0.03562
0	0.03211
0	0.04475
0	0.04047
0	0.05008
0	0.04716
0	0.04491
0	0.03855
0	0.03602
0	0.03876
0	0.03311
0	0.03241
0	0.02805
0	0.02697
0	0.02679
0	0.02893
0	0.02282
0	0.02012
0	0.02447
0	0.02307
0	0.02397
0	0.02449
0	0.02001
0	0.01809
0	0.02171
0	0.01613
0	0.01598
0	0.0118
0	0.01244
0	0.007066
0	0.005904
0	0.008462
0	0.01088
0	0.01017
0	0.01161
0	0.01279
0	0.01042
0	0.01677
0	0.01756
0	0.0162
0	0.01478
0	0.01827
0	0.01889
0	0.01483
0	0.02151
0	0.0192
0	0.01895
0	0.02171
0	0.02059
0	0.01956
0	0.01394
0	0.01571
0	0.01498
0	0.01466
0	0.01503
0	0.01233
0	0.01269
0	0.01682
0	0.02112
0	0.01964
0	0.01655
0	0.01272
0	0.006732
0	0.004105
0	0.005406
0	0.004292
0	0.002599
0	0.006397
0	0.005008
0	0.00179
0	-0.001171
0	-0.002364
0	-0.006864
0	-0.008512
0	-0.00898
0	-0.01256
0	-0.01243
0	-0.0115
0	-0.005647
0	-0.004277
0	-0.002785
0	-0.006888
0	-0.008069
0	-0.004582
0	-0.006308
0	-0.005387
0	-0.005304
0	-0.007452
0	-0.008084
0	-0.01343
0	-0.0173
0	-0.01721
0	-0.01261
0	-0.01147
0	-0.01498
0	-0.01725
0	-0.01667
0	-0.01624
0	-0.01958
0	-0.02081
0	-0.01992
0	-0.02182
0	-0.02063
0	-0.02465
0	-0.02398
0	-0.02662
0	-0.02486
0	-0.02891
0	-0.03022
0	-0.02885
0	-0.029
0	-0.02514
0	-0.02466
0	-0.02812
0	-0.02865
0	-0.02952
0	-0.0311
0	-0.03212
0	-0.03402
0	-0.03196
0	-0.02915
0	-0.02853
0	-0.03136
0	-0.02894
0	-0.03193
0	-0.03124
0	-0.02931
0	-0.03028
0	-0.03217
0	-0.03352
0	-0.03306
0	-0.03432
0	-0.03614
0	-0.0371
0	-0.03836
0	-0.04058
0	-0.04488
0	-0.0446
0	-0.04433
0	-0.0438
0	-0.04407
0	-0.04564
0	-0.04561
0	-0.04588
0	-0.04201
0	-0.0432
0	-0.03993
0	-0.04113
0	-0.0422
0	-0.04541
0	-0.04755
0	-0.04393
0	-0.04563
0	-0.04513
0	-0.04615
0	-0.04321
0	-0.04506
0	-0.04415
0	-0.04124
0	-0.04299
0	-0.04403
0	-0.04496
0	-0.04549
0	-0.04534
0	-0.04635
0	-0.04577
0	-0.04459
0	-0.04416
0	-0.0407
0	-0.04308
0	-0.04378
0	-0.04656
0	-0.04565
0	-0.04344
0	-0.04079
0	-0.03724
0	-0.03819
0	-0.04038
0	-0.04207
0	-0.04157
0	-0.04228
0	-0.03916
0	-0.03989
0	-0.03985
0	-0.04142
0	-0.0419
0	-0.03952
0	-0.03675
0	-0.03494
0	-0.03397
0	-0.03615
0	-0.03608
0	-0.03816
0	-0.0396
0	-0.03652
0	-0.03757
0	-0.03942
0	-0.0412
0	-0.03903
0	-0.03931
0	-0.03896
0	-0.0383
0	-0.0374
0	-0.03763
0	-0.03903
0	-0.04029
0	-0.04169
0	-0.04301
0	-0.04324
0	-0.04426
0	-0.04765
0	-0.04851
0	-0.04545
0	-0.03986
0	-0.03856
0	-0.03964
0	-0.04046
0	-0.03897
0	-0.04194
0	-0.04286
0	-0.04093
0	-0.04287
0	-0.04398
0	-0.04244
0	-0.04473
0	-0.04194
0	-0.04216
0	-0.04267
0	-0.04093
0	-0.04265
0	-0.04244
0	-0.04206
0	-0.04403
0	-0.04496
0	-0.04532
0	-0.04655
0	-0.04904
0	-0.04972
0	-0.05122
0	-0.05047
0	-0.04966
0	-0.05148
0	-0.05331
0	-0.05184
0	-0.05276
0	-0.05458
0	-0.05276
0	-0.05124
0	-0.05101
0	-0.05077
0	-0.04775
0	-0.04836
0	-0.04972
0	-0.04759
0	-0.04635
0	-0.04718
0	-0.04911
0	-0.048
0	-0.05028
0	-0.05149
0	-0.05244
0	-0.05382
0	-0.05287
0	-0.05287
0	-0.052
0	-0.05235
0	-0.05005
0	-0.04934
0	-0.05025
0	-0.05052
0	-0.05095
0	-0.05198
0	-0.05224
0	-0.05354
0	-0.05432
0	-0.05245
0	-0.05296
0	-0.05104
0	-0.0494
0	-0.05156
0	-0.05355
0	-0.05387
0	-0.05254
0	-0.05153
0	-0.05092
0	-0.05113
0	-0.05105
0	-0.05307
0	-0.05309
0	-0.053
0	-0.05122
0	-0.05071
0	-0.04863
0	-0.05043
0	-0.05006
0	-0.05169
0	-0.05193
0	-0.05194
0	-0.05261
0	-0.05366
0	-0.05284
0	-0.05264
0	-0.0513
0	-0.04929
0	-0.05028
0	-0.05127
0	-0.04882
0	-0.04839
0	-0.04976
0	-0.05074
0	-0.04892
0	-0.04734
0	-0.04797
0	-0.04604
0	-0.04343
0	-0.04333
0	-0.04373
0	-0.04466
0	-0.04425
0	-0.04651
0	-0.04727
0	-0.04753
0	-0.04711
0	-0.04776
0	-0.04919
0	-0.04939
0	-0.04875
0	-0.04748
0	-0.04718
0	-0.04865
0	-0.04798
0	-0.04906
0	-0.04911
0	-0.04874
0	-0.04907
0	-0.0501
0	-0.05057
0	-0.05086
0	-0.05021
0	-0.05089
0	-0.05102
0	-0.05293
0	-0.05311
0	-0.05298
0	-0.05327
0	-0.05319
0	-0.05354
0	-0.05283
0	-0.05276
0	-0.05263
0	-0.0525
0	-0.05158
0	-0.05127
0	-0.0527
0	-0.05028
0	-0.05018
0	-0.05175
0	-0.05267
0	-0.05129
0	-0.05198
0	-0.05219
0	-0.04957
0	-0.05017
0	-0.05
0	-0.04863
0	-0.04795
0	-0.04857
0	-0.04687
0	-0.0474
0	-0.04783
0	-0.0493
0	-0.04988
0	-0.05079
0	-0.05192
0	-0.0514
0	-0.05133
0	-0.05061
0	-0.05168
0	-0.05294
0	-0.05415
0	-0.05499
0	-0.05504
0	-0.05403
0	-0.05419
0	-0.05541
0	-0.05572
0	-0.05746
0	-0.05688
0	-0.05587
0	-0.05601
0	-0.05583
0	-0.05648
0	-0.05633
0	-0.05658
0	-0.05504
0	-0.05487
0	-0.05519
0	-0.05479
0	-0.05587
0	-0.0555
0	-0.05567
0	-0.05502
0	-0.05557
0	-0.0534
0	-0.0539
0	-0.05368
0	-0.05398
0	-0.05604
0	-0.05552
0	-0.05702
0	-0.05761
0	-0.05837
0	-0.05735
0	-0.05527
0	-0.0561
0	-0.05753
0	-0.05698
0	-0.05754
0	-0.05775
0	-0.05746
0	-0.05633
0	-0.05354
0	-0.05428
0	-0.05469
0	-0.05427
0	-0.05475
0	-0.05386
0	-0.05389
0	-0.05473
0	-0.05577
0	-0.0548
0	-0.05371
0	-0.05453
0	-0.05488
0	-0.05387
0	-0.05406
0	-0.05507
0	-0.05554
0	-0.05624
0	-0.0555
0	-0.05605
0	-0.05664
0	-0.05523
0	-0.05555
0	-0.05478
0	-0.05328
0	-0.05245
0	-0.0518
0	-0.05213
0	-0.05125
0	-0.0515
0	-0.05249
0	-0.05147
0	-0.05101
0	-0.05127
0	-0.05244
0	-0.05302
0	-0.05326
0	-0.05135
0	-0.0517
0	-0.05196
0	-0.0527
0	-0.05317
0	-0.05443
0	-0.05315
0	-0.05315
0	-0.05403
0	-0.05334
0	-0.05404
0	-0.0542
0	-0.05262
0	-0.05468
0	-0.05552
0	-0.05744
0	-0.05799
0	-0.05872
0	-0.05856
0	-0.05818
0	-0.05752
0	-0.05764
0	-0.05621
0	-0.05591
0	-0.05508
0	-0.0545
0	-0.05494
0	-0.05599
0	-0.05606
0	-0.05595
0	-0.05555
0	-0.05532
0	-0.05602
0	-0.0567
0	-0.05679
0	-0.05781
0	-0.05799
0	-0.05765
0	-0.05855
0	-0.05921
0	-0.0596
0	-0.05934
0	-0.06071
0	-0.0619
0	-0.06212
0	-0.06306
0	-0.06318
0	-0.06412
0	-0.06503
0	-0.06606
0	-0.06659
0	-0.06689
0	-0.06746
0	-0.06649
0	-0.06598
0	-0.06677
0	-0.06693
0	-0.06637
0	-0.06638
0	-0.06645
0	-0.06563
0	-0.06478
0	-0.06486
0	-0.06579
0	-0.06506
0	-0.06522
0	-0.06627
0	-0.06721
0	-0.06549
0	-0.06609
0	-0.06647
0	-0.06757
0	-0.06788
0	-0.06698
0	-0.06603
0	-0.06619
0	-0.06692
0	-0.06681
0	-0.06643
0	-0.0672
0	-0.06627
0	-0.06566
0	-0.06529
0	-0.0651
0	-0.06529
0	-0.065
0	-0.06548
0	-0.06475
0	-0.06514
0	-0.06439
0	-0.06409
0	-0.06507
0	-0.06567
0	-0.06584
0	-0.06561
0	-0.06675
0	-0.06666
0	-0.06613
0	-0.06714
0	-0.06699
0	-0.06681
0	-0.06712
0	-0.06754
0	-0.06715
0	-0.06752
0	-0.06728
0	-0.06796
0	-0.06802
0	-0.06658
0	-0.06653
0	-0.06581
0	-0.06506
0	-0.06496
0	-0.0655
0	-0.06607
0	-0.06556
0	-0.06438
0	-0.06508
0	-0.06485
0	-0.06494
0	-0.06481
0	-0.06483
0	-0.06395
0	-0.06284
0	-0.06223
0	-0.06225
0	-0.06306
0	-0.06359
0	-0.06435
0	-0.06509
0	-0.06527
0	-0.06593
0	-0.06415
0	-0.06357
0	-0.0635
0	-0.06316
0	-0.06412
0	-0.06476
0	-0.06338
0	-0.06383
0	-0.0628
0	-0.06294
0	-0.06151
0	-0.06141
0	-0.06184
0	-0.06136
0	-0.06149
0	-0.06269
0	-0.06259
0	-0.0627
0	-0.06082
0	-0.05959
0	-0.06009
0	-0.05914
0	-0.05931
0	-0.05936
0	-0.0599
0	-0.06
0	-0.05957
0	-0.05956
0	-0.05989
0	-0.06087
0	-0.06136
0	-0.06002
0	-0.06037
0	-0.06075
0	-0.05865
0	-0.05797
0	-0.05837
0	-0.05831
0	-0.05819
0	-0.05822
0	-0.05775
0	-0.05803
0	-0.05716
0	-0.05809
0	-0.058
0	-0.05874
0	-0.05927
0	-0.05925
0	-0.05832
0	-0.05898
0	-0.05952
0	-0.05912
0	-0.05928
0	-0.05943
0	-0.06071
0	-0.06019
0	-0.05961
0	-0.06056
0	-0.06032
0	-0.05997
0	-0.06043
0	-0.06086
0	-0.06089
0	-0.06087
0	-0.06151
0	-0.06226
0	-0.06154
0	-0.0625
0	-0.06059
0	-0.06097
0	-0.06147
0	-0.06074
0	-0.06159
0	-0.06143
0	-0.06079
0	-0.06051
0	-0.0608
0	-0.06022
0	-0.05914
0	-0.05905
0	-0.05975
0	-0.05919
0	-0.059
0	-0.05979
0	-0.06037
0	-0.05993
0	-0.05915
0	-0.059
0	-0.05807
0	-0.0586
0	-0.05806
0	-0.05815
0	-0.0588
0	-0.0588
0	-0.05762
0	-0.05782
0	-0.05804
0	-0.05746
0	-0.05622
0	-0.05591
0	-0.0554
0	-0.05525
0	-0.05501
0	-0.05474
0	-0.05399
0	-0.0539
0	-0.05395
0	-0.0543
0	-0.05441
0	-0.05462
0	-0.05409
0	-0.05388
0	-0.05426
0	-0.05518
0	-0.05596
0	-0.05629
0	-0.05661
0	-0.05626
0	-0.05676
0	-0.05595
0	-0.05659
0	-0.05739
0	-0.05771
0	-0.05781
0	-0.05758
0	-0.0574
0	-0.05864
0	-0.05851
0	-0.05842
0	-0.05732
0	-0.05761
0	-0.05642
0	-0.05592
0	-0.05652
0	-0.05733
0	-0.05785
0	-0.05697
0	-0.05776
0	-0.05782
0	-0.05778
0	-0.0571
0	-0.05796
0	-0.0587
0	-0.05848
0	-0.05819
0	-0.05935
0	-0.05839
0	-0.05753
0	-0.05738
0	-0.05789
0	-0.058
0	-0.05871
0	-0.05899
0	-0.05844
0	-0.05766
0	-0.05698
0	-0.05591
0	-0.05587
0	-0.05515
0	-0.0548
0	-0.05403
0	-0.05388
0	-0.05389
0	-0.05406
0	-0.05299
0	-0.0536
0	-0.05422
0	-0.05487
0	-0.05542
0	-0.05524
0	-0.05523
0	-0.05559
0	-0.05643
0	-0.0567
0	-0.05749
0	-0.05702
0	-0.05684
0	-0.05757
0	-0.05814
0	-0.05813
0	-0.05792
0	-0.05736
0	-0.05674
0	-0.05734
0	-0.05833
0	-0.05838
0	-0.05887
0	-0.05917
0	-0.05948
0	-0.06039
0	-0.06109
0	-0.06164
0	-0.06156
0	-0.06142
0	-0.06142
0	-0.06162
0	-0.06169
0	-0.06187
0	-0.06112
0	-0.06043
0	-0.06014
0	-0.06089
0	-0.06057
0	-0.06026
0	-0.06085
0	-0.06083
0	-0.06122
0	-0.0614
0	-0.06091
0	-0.06103
0	-0.06024
0	-0.05956
0	-0.0603
0	-0.06071
0	-0.06073
0	-0.05958
0	-0.05844
0	-0.05786
0	-0.05773
0	-0.05717
0	-0.05572
0	-0.055
0	-0.05401
0	-0.05316
0	-0.05371
0	-0.0536
0	-0.05421
0	-0.05515
0	-0.05497
0	-0.05494
0	-0.05499
0	-0.05444
0	-0.05458
0	-0.05394
0	-0.05312
0	-0.05219
0	-0.05259
0	-0.05265
0	-0.0519
0	-0.05202
0	-0.05117
0	-0.05026
0	-0.04939
0	-0.04986
0	-0.04989
0	-0.05038
0	-0.0496
0	-0.04977
0	-0.04876
0	-0.04808
0	-0.04867
0	-0.04901
0	-0.04964
0	-0.04927
0	-0.04912
0	-0.04783
0	-0.04749
0	-0.04817
0	-0.04753
0	-0.04751
0	-0.04829
0	-0.04789
0	-0.04696
0	-0.04721
0	-0.04776
0	-0.04857
0	-0.04878
0	-0.04922
0	-0.04863
0	-0.04913
0	-0.04966
0	-0.05039
0	-0.05051
0	-0.0503
0	-0.04971
0	-0.0494
0	-0.04906
0	-0.04925
0	-0.04941
0	-0.04956
0	-0.04957
0	-0.04896
0	-0.04869
0	-0.04932
0	-0.04927
0	-0.04856
0	-0.0493
0	-0.04871
0	-0.04937
0	-0.0495
0	-0.05015
0	-0.04953
0	-0.04909
0	-0.04888
0	-0.04831
0	-0.04777
0	-0.04854
0	-0.0492
0	-0.04972
0	-0.04991
0	-0.05043
0	-0.05043
0	-0.05041
0	-0.05068
0	-0.05019
0	-0.04966
0	-0.04887
0	-0.04895
0	-0.04886
0	-0.04812
0	-0.04729
0	-0.04753
0	-0.04745
0	-0.04757
0	-0.0477
0	-0.04766
0	-0.04775
0	-0.04821
0	-0.04748
0	-0.04788
0	-0.04809
0	-0.04859
0	-0.04945
0	-0.04962
0	-0.0492
0	-0.0496
0	-0.04875
0	-0.04924
0	-0.04993
0	-0.0504
0	-0.05131
0	-0.05086
0	-0.05121
0	-0.05039
0	-0.05029
0	-0.04976
0	-0.04969
0	-0.04987
0	-0.05015
0	-0.05097
0	-0.05016
0	-0.05013
0	-0.05092
0	-0.0512
0	-0.05111
0	-0.05164
0	-0.05178
0	-0.05212
0	-0.05116
0	-0.05139
0	-0.05182
0	-0.05235
0	-0.05301
0	-0.05246
0	-0.05306
0	-0.05309
0	-0.05291
0	-0.05247
0	-0.05281
0	-0.05348
0	-0.05337
0	-0.05229
0	-0.05187
0	-0.05223
0	-0.05211
0	-0.05232
0	-0.0521
0	-0.05213
0	-0.0525
0	-0.05115
0	-0.05152
0	-0.05161
0	-0.05199
0	-0.05181
0	-0.05185
0	-0.05208
0	-0.05195
0	-0.05185
0	-0.0514
0	-0.05151
0	-0.05144
0	-0.05111
0	-0.05095
0	-0.05007
0	-0.05064
0	-0.05007
0	-0.05079
0	-0.0513
0	-0.05148
0	-0.05166
0	-0.05189
0	-0.05153
0	-0.05159
0	-0.05133
0	-0.05072
0	-0.0511
0	-0.05152
0	-0.05126
0	-0.05019
0	-0.05023
0	-0.05042
0	-0.0509
0	-0.05095
0	-0.05109
0	-0.05079
0	-0.05061
0	-0.05122
0	-0.05125
0	-0.05168
0	-0.0521
0	-0.05205
0	-0.05192
0	-0.05153
0	-0.05067
0	-0.05046
0	-0.05012
0	-0.05076
0	-0.05101
0	-0.05085
0	-0.05101
0	-0.05054
0	-0.05109
0	-0.05142
0	-0.05128
0	-0.05179
0	-0.05207
0	-0.05242
0	-0.053
0	-0.05212
0	-0.05276
0	-0.05348
0	-0.05273
0	-0.05258
0	-0.05303
0	-0.05208
0	-0.05135
0	-0.0512
0	-0.05157
0	-0.0521
0	-0.05254
0	-0.05244
0	-0.05185
0	-0.05201
0	-0.05244
0	-0.05254
0	-0.05327
0	-0.05276
0	-0.05238
0	-0.05216
0	-0.05229
0	-0.05151
0	-0.05167
0	-0.05207
0	-0.05192
0	-0.05224
0	-0.05215
0	-0.05247
0	-0.05198
0	-0.05178
0	-0.05153
0	-0.05093
0	-0.05052
0	-0.04997
0	-0.04939
0	-0.04913
0	-0.04957
0	-0.05035
0	-0.05068
0	-0.05064
0	-0.05096
0	-0.05105
0	-0.05109
0	-0.05003
0	-0.05073
0	-0.05134
0	-0.05201
0	-0.05191
0	-0.05254
0	-0.05186
0	-0.05154
0	-0.05108
0	-0.05083
0	-0.05151
0	-0.05173
0	-0.05211
0	-0.05238
0	-0.05239
0	-0.05208
0	-0.05274
0	-0.0527
0	-0.05252
0	-0.05302
0	-0.0536
0	-0.0543
0	-0.0536
0	-0.05305
0	-0.05237
0	-0.05242
0	-0.05261
0	-0.05323
0	-0.05313
0	-0.05309
0	-0.05215
0	-0.05188
0	-0.052
0	-0.05123
0	-0.05128
0	-0.05097
0	-0.05158
0	-0.05183
0	-0.05183
0	-0.05203
0	-0.05177
0	-0.05231
0	-0.05166
0	-0.05144
0	-0.05159
0	-0.05169
0	-0.0513
0	-0.05135
0	-0.05178
0	-0.05186
0	-0.05159
0	-0.05132
0	-0.05145
0	-0.05164
0	-0.0522
0	-0.05182
0	-0.05125
0	-0.0519
0	-0.05218
0	-0.05226
0	-0.05262
0	-0.05225
0	-0.05224
0	-0.05191
0	-0.05192
0	-0.05248
0	-0.05276
0	-0.0521
0	-0.05144
0	-0.05042
0	-0.04965
0	-0.05
0	-0.04989
0	-0.04977
0	-0.05036
0	-0.0505
0	-0.0509
0	-0.05125
0	-0.05122
0	-0.05121
0	-0.0507
0	-0.05096
0	-0.05173
0	-0.05174
0	-0.05199
0	-0.05232
0	-0.05231
0	-0.05264
0	-0.05307
0	-0.05303
0	-0.0519
0	-0.05171
0	-0.05198
0	-0.05256
0	-0.05272
0	-0.05301
0	-0.05319
0	-0.05326
0	-0.05373
0	-0.05352
0	-0.05379
0	-0.05411
0	-0.05392
0	-0.05458
0	-0.05468
0	-0.05423
0	-0.05478
0	-0.05484
0	-0.05475
0	-0.05515
0	-0.05388
0	-0.05311
0	-0.05314
0	-0.05295
0	-0.05282
0	-0.05298
0	-0.05293
0	-0.05305
0	-0.05336
0	-0.05379
0	-0.05415
0	-0.05374
0	-0.0531
0	-0.0533
0	-0.05332
0	-0.05373
0	-0.05358
0	-0.05302
0	-0.05362
0	-0.05329
0	-0.05271
0	-0.05286
0	-0.05293
0	-0.05299
0	-0.05351
0	-0.05396
0	-0.05408
0	-0.05423
0	-0.0546
0	-0.05479
0	-0.05451
0	-0.05467
0	-0.05491
0	-0.05555
0	-0.05562
0	-0.05561
0	-0.05555
0	-0.05581
0	-0.05544
0	-0.05543
0	-0.05565
0	-0.05569
0	-0.05559
0	-0.05585
0	-0.05551
0	-0.05567
0	-0.05604
0	-0.05624
0	-0.05638
0	-0.05579
0	-0.05618
0	-0.05632
0	-0.05611
0	-0.05565
0	-0.05574
0	-0.0561
0	-0.05596
0	-0.05558
0	-0.05538
0	-0.0552
0	-0.05502
0	-0.05469
0	-0.0548
0	-0.05462
0	-0.05516
0	-0.05553
0	-0.05564
0	-0.05542
0	-0.05526
0	-0.05575
0	-0.0555
0	-0.05465
0	-0.05471
0	-0.05462
0	-0.05422
0	-0.05447
0	-0.05425
0	-0.05414
0	-0.05286
0	-0.05281
0	-0.05265
0	-0.05277
0	-0.05289
0	-0.05317
0	-0.05321
0	-0.05315
0	-0.05333
0	-0.05339
0	-0.05271
0	-0.05275
0	-0.05194
0	-0.05128
0	-0.051
0	-0.05135
0	-0.05153
0	-0.05196
0	-0.05234
0	-0.05249
0	-0.05229
0	-0.05267
0	-0.05283
0	-0.05309
0	-0.05318
0	-0.05294
0	-0.05304
0	-0.05263
0	-0.05243
0	-0.05227
0	-0.0523
0	-0.05191
0	-0.05245
0	-0.05219
0	-0.05179
0	-0.05115
0	-0.05132
0	-0.05161
0	-0.05183
0	-0.05191
0	-0.05157
0	-0.05124
0	-0.05019
0	-0.0505
0	-0.05027
0	-0.05029
0	-0.05084
0	-0.05099
0	-0.0514
0	-0.05145
0	-0.05113
0	-0.05129
0	-0.05098
0	-0.05074
0	-0.05044
0	-0.04964
0	-0.04876
0	-0.04865
0	-0.04887
0	-0.04886
0	-0.04911
0	-0.04941
0	-0.04975
0	-0.04979
0	-0.04989
0	-0.04925
0	-0.04898
0	-0.04859
0	-0.04838
0	-0.04749
0	-0.0468
0	-0.04693
0	-0.04684
0	-0.04678
0	-0.04717
0	-0.04676
0	-0.04702
0	-0.04732
0	-0.04765
0	-0.04802
0	-0.04843
0	-0.04789
0	-0.04789
0	-0.04807
0	-0.04848
0	-0.04847
0	-0.0483
0	-0.0475
0	-0.04802
0	-0.04854
0	-0.04821
0	-0.04795
0	-0.04746
0	-0.04739
0	-0.04743
0	-0.04781
0	-0.04794
0	-0.04807
0	-0.04802
0	-0.04799
0	-0.04838
0	-0.04873
0	-0.04859
0	-0.04818
0	-0.04869
0	-0.04879
0	-0.04863
0	-0.04911
0	-0.04871
0	-0.04867
0	-0.04882
0	-0.0486
0	-0.04794
0	-0.04803
0	-0.04808
0	-0.04774
0	-0.0478
0	-0.04816
0	-0.04786
0	-0.04766
0	-0.04701
0	-0.04733
0	-0.04696
0	-0.04735
0	-0.04737
0	-0.04776
0	-0.04783
0	-0.04731
0	-0.04776
0	-0.04743
0	-0.04705
0	-0.04714
0	-0.04721
0	-0.04675
0	-0.04706
0	-0.04704
0	-0.04755
0	-0.04805
0	-0.04802
0	-0.0477
0	-0.04743
0	-0.04747
0	-0.04768
0	-0.04816
0	-0.04852
0	-0.04875
0	-0.04886
0	-0.04915
0	-0.04913
0	-0.04883
0	-0.04881
0	-0.04802
0	-0.04807
0	-0.04761
0	-0.04778
0	-0.04787
0	-0.04752
0	-0.04769
0	-0.0478
0	-0.04748
0	-0.04746
0	-0.04794
0	-0.04725
0	-0.04738
0	-0.04773
0	-0.04736
0	-0.04708
0	-0.04733
0	-0.04746
0	-0.04769
0	-0.04714
0	-0.04667
0	-0.04671
0	-0.04684
0	-0.04619
0	-0.04563
0	-0.04568
0	-0.04544
0	-0.04536
0	-0.04509
0	-0.04539
0	-0.04577
0	-0.04615
0	-0.04603
0	-0.0459
0	-0.04636
0	-0.04632
0	-0.04621
0	-0.04636
0	-0.04652
0	-0.04655
0	-0.0467
0	-0.04656
0	-0.04634
0	-0.04589
0	-0.0458
0	-0.04617
0	-0.04625
0	-0.04674
0	-0.04704
0	-0.04734
0	-0.0466
0	-0.04631
0	-0.0459
0	-0.04615
0	-0.04584
0	-0.04615
0	-0.04681
0	-0.04628
0	-0.04639
0	-0.04675
0	-0.0468
0	-0.04671
0	-0.04642
0	-0.04621
0	-0.04668
0	-0.04662
0	-0.0471
0	-0.04715
0	-0.04718
0	-0.04682
0	-0.04736
0	-0.04773
0	-0.04784
0	-0.04791
0	-0.04789
0	-0.04752
0	-0.04785
0	-0.04832
0	-0.04868
0	-0.04821
0	-0.04796
0	-0.04756
0	-0.04744
0	-0.04721
0	-0.04682
0	-0.04701
0	-0.04694
0	-0.04674
0	-0.04625
0	-0.04669
0	-0.04701
0	-0.04725
0	-0.0469
0	-0.04714
0	-0.04721
0	-0.04752
0	-0.04793
0	-0.04811
0	-0.04872
0	-0.04861
0	-0.04875
0	-0.04837
0	-0.04821
0	-0.04839
0	-0.04885
0	-0.04879
0	-0.04896
0	-0.04858
0	-0.0487
0	-0.0485
0	-0.0484
0	-0.04848
0	-0.04905
0	-0.04849
0	-0.0488
0	-0.04912
0	-0.04876
0	-0.04892
0	-0.04882
0	-0.04907
0	-0.0493
0	-0.04989
0	-0.04988
0	-0.05002
0	-0.05037
0	-0.05082
0	-0.05138
0	-0.0514
0	-0.05172
0	-0.05157
0	-0.05191
0	-0.05182
0	-0.05155
0	-0.05176
0	-0.05124
0	-0.05133
0	-0.051
0	-0.05097
0	-0.05123
0	-0.05158
0	-0.05149
0	-0.05132
0	-0.05088
0	-0.05084
0	-0.05061
0	-0.05002
0	-0.05006
0	-0.04986
0	-0.04958
0	-0.04966
0	-0.05
0	-0.0494
0	-0.04917
0	-0.04974
0	-0.04992
0	-0.04975
0	-0.05
0	-0.04982
0	-0.04957
0	-0.04944
0	-0.0494
0	-0.04939
0	-0.04913
0	-0.04947
0	-0.04992
0	-0.04995
0	-0.04952
0	-0.04979
0	-0.05008
0	-0.05016
0	-0.04954
0	-0.04991
0	-0.04942
0	-0.0488
0	-0.04786
0	-0.04805
0	-0.04784
0	-0.04748
0	-0.04741
0	-0.04697
0	-0.04731
0	-0.04735
0	-0.0475
0	-0.04764
0	-0.04796
0	-0.04828
0	-0.04855
0	-0.04878
0	-0.04891
0	-0.04893
0	-0.04877
0	-0.04829
0	-0.04808
0	-0.04813
0	-0.04832
0	-0.04795
0	-0.04777
0	-0.04785
0	-0.04812
0	-0.04735
0	-0.04756
0	-0.04766
0	-0.04755
0	-0.04772
0	-0.04798
0	-0.04775
0	-0.04771
0	-0.04695
0	-0.04656
0	-0.04642
0	-0.04686
0	-0.0472
0	-0.04751
0	-0.04784
0	-0.04787
0	-0.04732
0	-0.04753
0	-0.04746
0	-0.04705
0	-0.0462
0	-0.04587
0	-0.04557
0	-0.04569
0	-0.0459
0	-0.04604
0	-0.04585
0	-0.0454
0	-0.04568
0	-0.04579
0	-0.0455
0	-0.0455
0	-0.04546
0	-0.04518
0	-0.04534
0	-0.04503
0	-0.04478
0	-0.04482
0	-0.04465
0	-0.04488
0	-0.04485
0	-0.04526
0	-0.04545
0	-0.04561
0	-0.04524
0	-0.04537
0	-0.04556
0	-0.04588
0	-0.04584
0	-0.04612
0	-0.04647
0	-0.04625
0	-0.04566
0	-0.0457
0	-0.04596
0	-0.04566
0	-0.04568
0	-0.04513
0	-0.04527
0	-0.04559
0	-0.04573
0	-0.04565
0	-0.04576
0	-0.0463
0	-0.04616
0	-0.04622
0	-0.04657
0	-0.04647
0	-0.0469
0	-0.04686
0	-0.04719
0	-0.04732
0	-0.047
0	-0.04669
0	-0.04629
0	-0.04595
0	-0.0458
0	-0.04594
0	-0.045
0	-0.04449
0	-0.0447
0	-0.04498
0	-0.04474
0	-0.04484
0	-0.04494
0	-0.04511
0	-0.04487
0	-0.04451
0	-0.04451
0	-0.04487
0	-0.04487
0	-0.04499
0	-0.04497
0	-0.04487
0	-0.04497
0	-0.0446
0	-0.04463
0	-0.04488
0	-0.04491
0	-0.04456
0	-0.04433
0	-0.04437
0	-0.04431
0	-0.04382
0	-0.0436
0	-0.04373
0	-0.04348
0	-0.04351
0	-0.0436
0	-0.04357
0	-0.04364
0	-0.04389
0	-0.04371
0	-0.04406
0	-0.04418
0	-0.04398
0	-0.0444
0	-0.04401
0	-0.04377
0	-0.04392
0	-0.04382
0	-0.04342
0	-0.04362
0	-0.04387
0	-0.04416
0	-0.04447
0	-0.04448
0	-0.04471
0	-0.04501
0	-0.04494
0	-0.04531
0	-0.04508
0	-0.04515
0	-0.04513
0	-0.04469
0	-0.04419
0	-0.04391
0	-0.04344
0	-0.04322
0	-0.04325
0	-0.04311
0	-0.04281
0	-0.0428
0	-0.04276
0	-0.04277
0	-0.04229
0	-0.0421
0	-0.04247
0	-0.0426
0	-0.04314
0	-0.0431
0	-0.04318
0	-0.04348
0	-0.04386
0	-0.04374
0	-0.04353
0	-0.04361
0	-0.04353
0	-0.04317
0	-0.04302
0	-0.04327
0	-0.04372
0	-0.0435
0	-0.04374
0	-0.0436
0	-0.04347
0	-0.04365
0	-0.04342
0	-0.0433
0	-0.04337
0	-0.04345
0	-0.04385
0	-0.04388
0	-0.04361
0	-0.04364
0	-0.04352
0	-0.04324
0	-0.04309
0	-0.04296
0	-0.04302
0	-0.04303
0	-0.04335
0	-0.0434
0	-0.04326
0	-0.04309
0	-0.04323
0	-0.04327
0	-0.0434
0	-0.04304
0	-0.04304
0	-0.04295
0	-0.04255
0	-0.04234
0	-0.04213
0	-0.04235
0	-0.04287
0	-0.04315
0	-0.04334
0	-0.04342
0	-0.04358
0	-0.04397
0	-0.04395
0	-0.04432
0	-0.04428
0	-0.04444
0	-0.04482
0	-0.045
0	-0.04537
0	-0.04515
0	-0.04518
0	-0.04519
0	-0.04523
0	-0.04503
0	-0.04504
0	-0.04485
0	-0.04503
0	-0.04467
0	-0.0446
0	-0.04434
0	-0.04416
0	-0.0445
0	-0.04489
0	-0.04532
0	-0.04531
0	-0.04535
0	-0.04574
0	-0.04581
0	-0.0459
0	-0.04546
0	-0.04525
0	-0.04517
0	-0.04474
0	-0.04494
0	-0.04542
0	-0.04536
0	-0.04499
0	-0.0451
0	-0.04529
0	-0.04559
0	-0.04567
0	-0.04572
0	-0.04606
0	-0.04549
0	-0.04551
0	-0.04553
0	-0.04583
0	-0.04564
0	-0.04557
0	-0.04537
0	-0.045
0	-0.04543
0	-0.04579
0	-0.04573
0	-0.04542
0	-0.04531
0	-0.04516
0	-0.04547
0	-0.0458
0	-0.04564
0	-0.04567
0	-0.04548
0	-0.04579
0	-0.04598
0	-0.04561
0	-0.04558
0	-0.04538
0	-0.04521
0	-0.04536
0	-0.04531
0	-0.04541
0	-0.04548
0	-0.04584
0	-0.04562
0	-0.04552
0	-0.04546
0	-0.04517
0	-0.04488
0	-0.04457
0	-0.04455
0	-0.0448
0	-0.04491
0	-0.04498
0	-0.04523
0	-0.04539
0	-0.0454
0	-0.04555
0	-0.04536
0	-0.04567
0	-0.04593
0	-0.04618
0	-0.04614
0	-0.04628
0	-0.04622
0	-0.04619
0	-0.04604
0	-0.04613
0	-0.04624
0	-0.04545
0	-0.04522
0	-0.04561
0	-0.04551
0	-0.0449
0	-0.04484
0	-0.04449
0	-0.04456
0	-0.0446
0	-0.04436
0	-0.04443
0	-0.04483
0	-0.04511
0	-0.04532
0	-0.04556
0	-0.04571
0	-0.04551
0	-0.04511
0	-0.04513
0	-0.0451
0	-0.04544
0	-0.04573
0	-0.04607
0	-0.046
0	-0.04594
0	-0.04579
0	-0.04584
0	-0.04616
0	-0.04638
0	-0.04655
0	-0.04639
0	-0.04693
0	-0.04679
0	-0.04727
0	-0.04736
0	-0.04757
0	-0.04763
0	-0.04783
0	-0.04757
0	-0.0471
0	-0.04737
0	-0.0471
0	-0.04677
0	-0.04705
0	-0.04711
0	-0.04703
0	-0.04693
0	-0.047
0	-0.04666
0	-0.0469
0	-0.04691
0	-0.04699
0	-0.04722
0	-0.04695
0	-0.0469
0	-0.04664
0	-0.04658
0	-0.04701
0	-0.04714
0	-0.04728
0	-0.04751
0	-0.04771
0	-0.04762
0	-0.04777
0	-0.04801
0	-0.04772
0	-0.04777
0	-0.04781
0	-0.04767
0	-0.04796
0	-0.0482
0	-0.04851
0	-0.04848
0	-0.04846
0	-0.04839
0	-0.0484
0	-0.04851
0	-0.04847
0	-0.04832
0	-0.04824
0	-0.04843
0	-0.0482
0	-0.04803
0	-0.04828
0	-0.04827
0	-0.04846
0	-0.04851
0	-0.0487
0	-0.04883
0	-0.04889
0	-0.04863
0	-0.0484
0	-0.04857
0	-0.0482
0	-0.04814
0	-0.04839
0	-0.04864
0	-0.04881
0	-0.04896
0	-0.04888
0	-0.04912
0	-0.0495
0	-0.0498
0	-0.04929
0	-0.04945
0	-0.0495
0	-0.04907
0	-0.04859
0	-0.04863
0	-0.04865
0	-0.04861
0	-0.04824
0	-0.04831
0	-0.04848
0	-0.04833
0	-0.04814
0	-0.04837
0	-0.0486
0	-0.04875
0	-0.04869
0	-0.04851
0	-0.04837
0	-0.04836
0	-0.04809
0	-0.04805
0	-0.04833
0	-0.04857
0	-0.04868
0	-0.04878
0	-0.0488
0	-0.04843
0	-0.04822
0	-0.04824
0	-0.04807
0	-0.04752
0	-0.0476
0	-0.0477
0	-0.048
0	-0.04755
0	-0.04772
0	-0.04791
0	-0.0483
0	-0.04862
0	-0.04854
0	-0.04863
0	-0.04874
0	-0.04914
0	-0.04952
0	-0.0491
0	-0.0489
0	-0.04915
0	-0.04901
0	-0.04897
0	-0.04922
0	-0.0493
0	-0.04921
0	-0.0492
0	-0.04908
0	-0.04924
0	-0.04964
0	-0.04981
0	-0.04985
0	-0.05004
0	-0.04978
0	-0.04974
0	-0.04944
0	-0.04926
0	-0.04944
0	-0.04941
0	-0.04938
0	-0.0493
0	-0.04912
0	-0.04863
0	-0.04832
0	-0.04845
0	-0.04802
0	-0.04774
0	-0.04749
0	-0.04723
0	-0.04751
0	-0.04749
0	-0.04753
0	-0.04775
0	-0.04755
0	-0.04714
0	-0.04702
0	-0.04705
0	-0.04693
0	-0.04675
0	-0.04671
0	-0.04705
0	-0.04696
0	-0.04738
0	-0.04731
0	-0.0474
0	-0.04736
0	-0.04728
0	-0.04739
0	-0.04736
0	-0.04727
0	-0.04702
0	-0.04707
0	-0.04686
0	-0.04651
0	-0.04624
0	-0.046
0	-0.04594
0	-0.04564
0	-0.0459
0	-0.04595
0	-0.04583
0	-0.04606
0	-0.04577
0	-0.04571
0	-0.04614
0	-0.04643
0	-0.04687
0	-0.04705
0	-0.04735
0	-0.04717
0	-0.04674
0	-0.04687
0	-0.04681
0	-0.04668
0	-0.04634
0	-0.04665
0	-0.04688
0	-0.04723
0	-0.04714
0	-0.04738
0	-0.04757
0	-0.0478
0	-0.04792
0	-0.0477
0	-0.04785
0	-0.0482
0	-0.04846
0	-0.04848
0	-0.04835
0	-0.0487
0	-0.04829
0	-0.04769
0	-0.04788
0	-0.04774
0	-0.04765
0	-0.04723
0	-0.04715
0	-0.047
0	-0.04658
0	-0.04637
0	-0.04643
0	-0.0462
0	-0.04602
0	-0.04647
0	-0.0462
0	-0.04616
0	-0.04619
0	-0.04629
0	-0.04623
0	-0.04642
0	-0.04598
0	-0.04616
0	-0.04639
0	-0.04626
0	-0.04606
0	-0.04639
0	-0.04653
0	-0.04618
0	-0.04612
0	-0.04618
0	-0.04627
0	-0.04617
0	-0.04657
0	-0.04662
0	-0.04677
0	-0.04651
0	-0.04637
0	-0.04644
0	-0.04626
0	-0.04609
0	-0.04616
0	-0.04626
0	-0.0465
0	-0.04685
0	-0.04727
0	-0.04726
0	-0.04717
0	-0.04709
0	-0.04712
0	-0.04724
0	-0.04721
0	-0.04758
0	-0.04748
0	-0.04729
0	-0.04756
0	-0.04746
0	-0.04745
0	-0.04702
0	-0.04674
0	-0.04647
0	-0.04645
0	-0.04636
0	-0.04671
0	-0.04643
0	-0.04609
0	-0.04595
0	-0.04579
0	-0.04584
0	-0.04591
0	-0.04629
0	-0.04635
0	-0.04622
0	-0.04611
0	-0.04584
0	-0.04572
0	-0.04562
0	-0.04563
0	-0.04535
0	-0.04525
0	-0.0456
0	-0.04557
0	-0.04578
0	-0.04605
0	-0.04633
0	-0.04616
0	-0.04617
0	-0.04621
0	-0.04652
0	-0.04636
0	-0.04667
0	-0.047
0	-0.0474
0	-0.04711
0	-0.04677
0	-0.04681
0	-0.047
0	-0.04735
0	-0.04739
0	-0.04747
0	-0.04753
0	-0.04718
0	-0.04684
0	-0.04701
0	-0.04702
0	-0.04729
0	-0.0473
0	-0.04723
0	-0.04708
0	-0.04703
0	-0.04658
0	-0.0469
0	-0.0469
0	-0.04654
0	-0.04654
0	-0.04684
0	-0.0472
0	-0.04705
0	-0.04693
0	-0.04696
0	-0.04699
0	-0.04717
0	-0.04707
0	-0.04717
0	-0.04751
0	-0.04773
0	-0.04776
0	-0.04786
0	-0.04734
0	-0.04711
0	-0.04719
0	-0.04737
0	-0.04698
0	-0.04701
0	-0.04705
0	-0.04704
0	-0.04658
0	-0.04625
0	-0.04632
0	-0.04644
0	-0.04634
0	-0.04623
0	-0.04611
0	-0.04641
0	-0.04665
0	-0.0469
0	-0.04718
0	-0.04741
0	-0.04728
0	-0.04685
0	-0.04714
0	-0.04729
0	-0.04717
0	-0.04712
0	-0.04694
0	-0.04661
0	-0.04636
0	-0.04633
0	-0.04597
0	-0.0462
0	-0.04609
0	-0.04599
0	-0.04594
0	-0.04603
0	-0.04609
0	-0.04594
0	-0.04577
0	-0.04587
0	-0.04585
0	-0.04552
0	-0.04531
0	-0.04502
0	-0.04495
0	-0.04509
0	-0.04531
0	-0.04539
0	-0.04538
0	-0.04553
0	-0.04536
0	-0.04528
0	-0.04534
0	-0.04518
0	-0.04497
0	-0.04513
0	-0.04513
0	-0.04537
0	-0.04536
0	-0.04576
0	-0.04602
0	-0.04573
0	-0.04578
0	-0.04543
0	-0.04528
0	-0.04525
0	-0.04556
0	-0.04604
0	-0.04582
0	-0.04592
0	-0.04575
0	-0.04577
0	-0.04571
0	-0.04586
0	-0.04603
0	-0.04589
0	-0.04592
0	-0.04576
0	-0.04568
0	-0.04579
0	-0.04569
0	-0.04599
0	-0.04633
0	-0.04632
0	-0.04574
0	-0.04572
0	-0.04549
0	-0.04548
0	-0.0455
0	-0.04584
0	-0.04546
0	-0.04527
0	-0.04524
0	-0.04534
0	-0.04564
0	-0.04602
0	-0.04625
0	-0.04631
0	-0.04619
0	-0.04629
0	-0.04628
0	-0.0464
0	-0.04597
0	-0.0461
0	-0.04609
0	-0.04564
0	-0.04585
0	-0.04619
0	-0.04641
0	-0.04649
0	-0.04625
0	-0.04627
0	-0.04628
0	-0.04654
0	-0.04655
0	-0.04673
0	-0.04665
0	-0.04669
0	-0.0462
0	-0.04625
0	-0.04637
0	-0.04614
0	-0.04582
0	-0.04602
0	-0.04624
0	-0.0463
0	-0.04625
0	-0.0463
0	-0.04635
0	-0.04638
0	-0.04645
0	-0.04629
0	-0.04629
0	-0.0462
0	-0.04631
0	-0.04642
0	-0.04636
0	-0.04602
0	-0.04595
0	-0.0461
0	-0.04629
0	-0.04658
0	-0.04671
0	-0.04684
0	-0.04684
0	-0.0463
0	-0.0462
0	-0.04621
0	-0.04632
0	-0.04613
0	-0.04612
0	-0.04599
0	-0.04583
0	-0.04582
0	-0.04593
0	-0.04593
0	-0.04625
0	-0.04656
0	-0.04654
0	-0.04626
0	-0.04616
0	-0.04589
0	-0.04566
0	-0.0459
0	-0.04568
0	-0.04551
0	-0.04521
0	-0.04501
0	-0.04512
0	-0.04504
0	-0.04524
0	-0.04535
0	-0.04541
0	-0.04549
0	-0.04585
0	-0.0458
0	-0.04574
0	-0.04587
0	-0.04613
0	-0.04617
0	-0.04642
0	-0.0467
0	-0.04702
0	-0.04708
0	-0.04703
0	-0.04704
0	-0.04736
0	-0.04694
0	-0.04694
0	-0.04722
0	-0.04715
0	-0.04708
0	-0.04703
0	-0.04727
0	-0.04764
0	-0.04766
0	-0.04737
0	-0.04755
0	-0.04758
0	-0.04791
0	-0.04788
0	-0.04812
0	-0.048
0	-0.0481
0	-0.0482
0	-0.04825
0	-0.04796
0	-0.04808
0	-0.04765
0	-0.04777
0	-0.04787
0	-0.04818
0	-0.04815
0	-0.0481
0	-0.04841
0	-0.04869
0	-0.04894
0	-0.04883
0	-0.04881
0	-0.04859
0	-0.04866
0	-0.04889
0	-0.04899
0	-0.04888
0	-0.04888
0	-0.04869
0	-0.04903
0	-0.04889
0	-0.04918
0	-0.04924
0	-0.04899
0	-0.04924
0	-0.04904
0	-0.04925
0	-0.04895
0	-0.04863
0	-0.0486
0	-0.04808
0	-0.04773
0	-0.04793
0	-0.04812
0	-0.04837
0	-0.04851
0	-0.04836
0	-0.04829
0	-0.04835
0	-0.04836
0	-0.04863
0	-0.04898
0	-0.04882
0	-0.04868
0	-0.04895
0	-0.04927
0	-0.04922
0	-0.04941
0	-0.0496
0	-0.04958
0	-0.04967
0	-0.04987
0	-0.04967
0	-0.04974
0	-0.04948
0	-0.04935
0	-0.04938
0	-0.04925
0	-0.04915
0	-0.04941
0	-0.0495
0	-0.04958
0	-0.04991
0	-0.04994
0	-0.05012
0	-0.05024
0	-0.05031
0	-0.05035
0	-0.04991
0	-0.04972
0	-0.04948
0	-0.04928
0	-0.04946
0	-0.04929
0	-0.04932
0	-0.04913
0	-0.04902
0	-0.0488
0	-0.04913
0	-0.04895
0	-0.04926
0	-0.0494
0	-0.04949
0	-0.04948
0	-0.04957
0	-0.04954
0	-0.04893
0	-0.04872
0	-0.04861
0	-0.04859
0	-0.04857
0	-0.04834
0	-0.04819
0	-0.04794
0	-0.04794
0	-0.0482
0	-0.04836
0	-0.04851
0	-0.04853
0	-0.04843
0	-0.04838
0	-0.04852
0	-0.04857
0	-0.0488
0	-0.04881
0	-0.04908
0	-0.0489
0	-0.04897
0	-0.04877
0	-0.04843
0	-0.04833
0	-0.04818
0	-0.04822
0	-0.0483
0	-0.04811
0	-0.04835
0	-0.04814
0	-0.04839
0	-0.04829
0	-0.04807
0	-0.04796
0	-0.04785
0	-0.04763
0	-0.04743
0	-0.04768
0	-0.04771
0	-0.04777
0	-0.04767
0	-0.04785
0	-0.04785
0	-0.04784
0	-0.04782
0	-0.04789
0	-0.04775
0	-0.04781
0	-0.04768
0	-0.04792
0	-0.04809
0	-0.04808
0	-0.04816
0	-0.04839
0	-0.0483
0	-0.04836
0	-0.04858
0	-0.04884
0	-0.04914
0	-0.04891
0	-0.04875
0	-0.04864
0	-0.0487
0	-0.04835
0	-0.0485
0	-0.04878
0	-0.04907
0	-0.04894
0	-0.0489
0	-0.0491
0	-0.04913
0	-0.04924
0	-0.0491
0	-0.04859
0	-0.04858
0	-0.04835
0	-0.04848
0	-0.04868
0	-0.04881
0	-0.04891
0	-0.04878
0	-0.04898
0	-0.04861
0	-0.04857
0	-0.04818
0	-0.04819
0	-0.0483
0	-0.04832
0	-0.04839
0	-0.04845
0	-0.04839
0	-0.04847
0	-0.0483
0	-0.04817
0	-0.04787
0	-0.04781
0	-0.04759
0	-0.04763
0	-0.04737
0	-0.04766
0	-0.04786
0	-0.04763
0	-0.04771
0	-0.04795
0	-0.04803
0	-0.04747
0	-0.04707
0	-0.04695
0	-0.04717
0	-0.04728
0	-0.04738
0	-0.0475
0	-0.04741
0	-0.04734
0	-0.04731
0	-0.04731
0	-0.04694
0	-0.04698
0	-0.04705
0	-0.04725
0	-0.04715
0	-0.04694
0	-0.04684
0	-0.04679
0	-0.04699
0	-0.04687
0	-0.04672
0	-0.04655
0	-0.0465
0	-0.04649
0	-0.04665
0	-0.04643
0	-0.0464
0	-0.04669
0	-0.04672
0	-0.04679
0	-0.0468
0	-0.04652
0	-0.04621
0	-0.0462
0	-0.04607
0	-0.04621
0	-0.04616
0	-0.04617
0	-0.04614
0	-0.04587
0	-0.04584
0	-0.04594
0	-0.04563
0	-0.04585
0	-0.04584
0	-0.04544
0	-0.04532
0	-0.04504
0	-0.04469
0	-0.04466
0	-0.04468
0	-0.04476
0	-0.04423
0	-0.04444
0	-0.04445
0	-0.0445
0	-0.04434
0	-0.04437
0	-0.04417
0	-0.04406
0	-0.0444
0	-0.04459
0	-0.04458
0	-0.04457
0	-0.04443
0	-0.04431
0	-0.04452
0	-0.04446
0	-0.04433
0	-0.04422
0	-0.0444
0	-0.04443
0	-0.04444
0	-0.04478
0	-0.04442
0	-0.04415
0	-0.04439
0	-0.04454
0	-0.0443
0	-0.04448
0	-0.04464
0	-0.04421
0	-0.04435
0	-0.04408
0	-0.04429
0	-0.04448
0	-0.0444
0	-0.04442
0	-0.0447
0	-0.04462
0	-0.04441
0	-0.04424
0	-0.04424
0	-0.04441
0	-0.04448
0	-0.04458
0	-0.04477
0	-0.04502
0	-0.04526
0	-0.045
0	-0.04504
0	-0.04506
0	-0.04473
0	-0.04489
0	-0.04518
0	-0.04527
0	-0.04559
0	-0.04565
0	-0.04559
0	-0.04574
0	-0.04559
0	-0.04557
0	-0.04561
0	-0.04588
0	-0.04613
0	-0.04615
0	-0.04639
0	-0.04651
0	-0.04653
0	-0.04642
0	-0.04657
0	-0.04618
0	-0.04637
0	-0.04651
0	-0.04639
0	-0.04625
0	-0.04616
0	-0.04614
0	-0.04587
0	-0.04587
0	-0.04606
0	-0.0459
0	-0.04566
0	-0.04567
0	-0.04545
0	-0.04519
0	-0.0448
0	-0.04497
0	-0.04498
0	-0.04519
0	-0.04537
0	-0.04538
0	-0.04555
0	-0.04575
0	-0.04561
0	-0.04533
0	-0.04533
0	-0.04554
0	-0.04545
0	-0.04529
0	-0.04543
0	-0.04538
0	-0.04563
0	-0.04535
0	-0.04538
0	-0.04534
0	-0.04534
0	-0.04506
0	-0.04511
0	-0.04493
0	-0.04481
0	-0.04483
0	-0.04457
0	-0.04452
0	-0.04449
0	-0.04396
0	-0.04398
0	-0.04375
0	-0.04376
0	-0.04391
0	-0.04376
0	-0.04385
0	-0.04413
0	-0.04429
0	-0.04452
0	-0.04473
0	-0.045
0	-0.04516
0	-0.04478
0	-0.04437
0	-0.04397
0	-0.0441
0	-0.04439
0	-0.04458
0	-0.04433
0	-0.04435
0	-0.04444
0	-0.04402
0	-0.04439
0	-0.04468
0	-0.04449
0	-0.04406
0	-0.04411
0	-0.04407
0	-0.04399
0	-0.04366
0	-0.04379
0	-0.04348
0	-0.04314
0	-0.04318
0	-0.04306
0	-0.04292
0	-0.04288
0	-0.04261
0	-0.04269
0	-0.04292
0	-0.0431
0	-0.04315
0	-0.04319
0	-0.04327
0	-0.0431
0	-0.04293
0	-0.0432
0	-0.04337
0	-0.04363
0	-0.04385
0	-0.04398
0	-0.04422
0	-0.04437
0	-0.04424
0	-0.0441
0	-0.04426
0	-0.04415
0	-0.04438
0	-0.04438
0	-0.0444
0	-0.04466
0	-0.04448
0	-0.04406
0	-0.0438
0	-0.04383
0	-0.04365
0	-0.04367
0	-0.04332
0	-0.04361
0	-0.04376
0	-0.04348
0	-0.04306
0	-0.04285
0	-0.0429
0	-0.04296
0	-0.04299
0	-0.04306
0	-0.04293
0	-0.04265
0	-0.04264
0	-0.04224
0	-0.04223
0	-0.04213
0	-0.04193
0	-0.04182
0	-0.04204
0	-0.04209
0	-0.04176
0	-0.04157
0	-0.04123
0	-0.04124
0	-0.0413
0	-0.04102
0	-0.0411
0	-0.04099
0	-0.04115
0	-0.04153
0	-0.04149
0	-0.04173
0	-0.04166
0	-0.04142
0	-0.04148
0	-0.04107
0	-0.04096
0	-0.04095
0	-0.04099
0	-0.04097
0	-0.04124
0	-0.04154
0	-0.04148
0	-0.04132
0	-0.04159
0	-0.04183
0	-0.04171
0	-0.04152
0	-0.04152
0	-0.04166
0	-0.04185
0	-0.04186
0	-0.04196
0	-0.0419
0	-0.04148
0	-0.04141
0	-0.04141
0	-0.04172
0	-0.0419
0	-0.04198
0	-0.0418
0	-0.04163
0	-0.04174
0	-0.04154
0	-0.04158
0	-0.04132
0	-0.04124
0	-0.04111
0	-0.04103
0	-0.04124
0	-0.04104
0	-0.04127
0	-0.04144
0	-0.04146
0	-0.04121
0	-0.04106
0	-0.04129
0	-0.04157
0	-0.0414
0	-0.04133
0	-0.04145
0	-0.0415
0	-0.04132
0	-0.04122
0	-0.04121
0	-0.04118
0	-0.04107
0	-0.04106
0	-0.04102
0	-0.04077
0	-0.04085
0	-0.04094
0	-0.04093
0	-0.04095
0	-0.04086
0	-0.04106
0	-0.0413
0	-0.04143
0	-0.04128
0	-0.0413
0	-0.04103
0	-0.04128
0	-0.04128
0	-0.04093
0	-0.04074
0	-0.04069
0	-0.04079
0	-0.04063
0	-0.0404
0	-0.04016
0	-0.04038
0	-0.04026
0	-0.04025
0	-0.04018
0	-0.03985
0	-0.03998
0	-0.0398
0	-0.03958
0	-0.0399
0	-0.03985
0	-0.04
0	-0.03963
0	-0.03971
0	-0.03953
0	-0.03922
0	-0.03911
0	-0.03923
0	-0.03894
0	-0.03876
0	-0.03859
0	-0.03842
0	-0.0386
0	-0.03871
0	-0.03859
0	-0.03841
0	-0.03826
0	-0.03849
0	-0.03867
0	-0.03858
0	-0.03854
0	-0.03848
0	-0.03862
0	-0.03861
0	-0.03884
0	-0.03897
0	-0.03893
0	-0.03865
0	-0.03873
0	-0.03843
0	-0.03837
0	-0.03814
0	-0.03807
0	-0.03811
0	-0.03816
0	-0.03809
0	-0.03773
0	-0.0375
0	-0.03772
0	-0.03769
0	-0.03776
0	-0.0378
0	-0.03762
0	-0.03772
0	-0.03766
0	-0.03754
0	-0.0376
0	-0.03774
0	-0.03768
0	-0.03763
0	-0.03748
0	-0.03765
0	-0.0377
0	-0.03779
0	-0.03769
0	-0.03754
0	-0.03771
0	-0.03798
0	-0.03816
0	-0.0378
0	-0.03765
0	-0.03774
0	-0.03764
0	-0.03774
0	-0.03741
0	-0.0369
0	-0.0369
0	-0.03698
0	-0.03692
0	-0.03655
0	-0.03691
0	-0.03699
0	-0.03674
0	-0.03677
0	-0.03692
0	-0.03687
0	-0.03671
0	-0.03683
0	-0.03669
0	-0.03663
0	-0.03662
0	-0.03659
0	-0.03655
0	-0.03636
0	-0.03644
0	-0.0363
0	-0.03583
0	-0.03582
0	-0.03563
0	-0.03565
0	-0.03575
0	-0.03579
0	-0.03596
0	-0.03586
0	-0.03568
0	-0.03555
0	-0.03535
0	-0.03547
0	-0.03535
0	-0.0351
0	-0.03544
0	-0.03569
0	-0.03593
0	-0.0358
0	-0.03574
0	-0.03588
0	-0.03601
0	-0.03598
0	-0.03589
0	-0.03561
0	-0.03569
0	-0.03558
0	-0.03531
0	-0.03541
0	-0.03559
0	-0.03565
0	-0.03587
0	-0.03609
0	-0.03574
0	-0.03582
0	-0.03595
0	-0.03589
0	-0.03619
0	-0.03625
0	-0.03599
0	-0.03578
0	-0.03588
0	-0.03586
0	-0.03595
0	-0.03585
0	-0.03556
0	-0.03559
0	-0.0355
0	-0.03552
0	-0.03555
0	-0.03547
0	-0.03557
0	-0.03538
0	-0.03533
0	-0.03513
0	-0.0352
0	-0.03497
0	-0.03511
0	-0.03531
0	-0.0353
0	-0.03518
0	-0.03502
0	-0.03499
0	-0.03517
0	-0.03493
0	-0.03505
0	-0.03489
0	-0.03507
0	-0.035
0	-0.03515
0	-0.03533
0	-0.0356
0	-0.03563
0	-0.03573
0	-0.03583
0	-0.03586
0	-0.0357
0	-0.03587
0	-0.03611
0	-0.03611
0	-0.03633
0	-0.03602
0	-0.03571
0	-0.03555
0	-0.03539
0	-0.03555
0	-0.03555
0	-0.03562
0	-0.03548
0	-0.03527
0	-0.03533
0	-0.03521
0	-0.03514
0	-0.03501
0	-0.03505
0	-0.03525
0	-0.03526
0	-0.03512
0	-0.03498
0	-0.03464
0	-0.03472
0	-0.03451
0	-0.03459
0	-0.03474
0	-0.03476
0	-0.03465
0	-0.03456
0	-0.03461
0	-0.03455
0	-0.0347
0	-0.03492
0	-0.03506
0	-0.03521
0	-0.03507
0	-0.035
0	-0.0353
0	-0.03536
0	-0.03551
0	-0.03559
0	-0.03542
0	-0.03547
0	-0.03547
0	-0.0357
0	-0.03564
0	-0.03567
0	-0.03583
0	-0.03597
0	-0.03591
0	-0.03607
0	-0.03632
0	-0.03643
0	-0.03662
0	-0.03679
0	-0.03667
0	-0.03639
0	-0.03644
0	-0.03642
0	-0.03648
0	-0.03642
0	-0.03656
0	-0.03652
0	-0.03624
0	-0.03616
0	-0.0363
0	-0.03632
0	-0.03647
0	-0.03648
0	-0.0365
0	-0.0366
0	-0.03634
0	-0.03636
0	-0.03622
0	-0.03634
0	-0.03637
0	-0.0365
0	-0.03631
0	-0.03639
0	-0.03635
0	-0.03657
0	-0.03658
0	-0.03624
0	-0.03647
0	-0.03646
0	-0.03645
0	-0.03644
0	-0.03648
0	-0.03632
0	-0.03653
0	-0.03655
0	-0.03636
0	-0.03632
0	-0.03642
0	-0.03654
0	-0.03641
0	-0.03633
0	-0.03663
0	-0.03659
0	-0.03643
0	-0.03658
0	-0.03683
0	-0.03667
0	-0.03657
0	-0.03662
0	-0.03654
0	-0.03659
0	-0.03661
0	-0.03653
0	-0.03681
0	-0.03685
0	-0.03679
0	-0.03665
0	-0.03665
0	-0.03651
0	-0.03648
0	-0.03662
0	-0.03682
0	-0.03679
0	-0.03678
0	-0.03691
0	-0.0367
0	-0.03686
0	-0.03711
0	-0.03697
0	-0.03687
0	-0.03677
0	-0.03694
0	-0.03679
0	-0.03677
0	-0.03691
0	-0.03668
0	-0.03644
0	-0.03647
0	-0.03642
0	-0.03654
0	-0.03667
0	-0.03662
0	-0.03653
0	-0.03635
0	-0.0364
0	-0.03659
0	-0.03674
0	-0.03681
0	-0.0366
0	-0.03676
0	-0.03687
0	-0.03672
0	-0.0364
0	-0.0365
0	-0.03648
0	-0.03643
0	-0.03648
0	-0.03626
0	-0.0363
0	-0.03643
0	-0.03643
0	-0.0362
0	-0.03622
0	-0.03642
0	-0.03644
0	-0.0365
0	-0.03664
0	-0.0366
0	-0.03635
0	-0.03651
0	-0.0364
0	-0.03632
0	-0.03655
0	-0.03665
0	-0.03658
0	-0.03658
0	-0.03654
0	-0.03639
0	-0.03632
0	-0.03641
0	-0.03647
0	-0.03663
0	-0.03659
0	-0.0365
0	-0.0365
0	-0.03654
0	-0.03654
0	-0.03662
0	-0.03685
0	-0.03698
0	-0.03707
0	-0.03688
0	-0.03696
0	-0.03706
0	-0.03733
0	-0.03728
0	-0.03724
0	-0.0374
0	-0.03742
0	-0.03775
0	-0.03795
0	-0.03812
0	-0.03836
0	-0.03841
0	-0.03865
0	-0.03869
0	-0.0388
0	-0.03884
0	-0.03887
0	-0.03881
0	-0.03868
0	-0.03882
0	-0.03889
0	-0.03893
0	-0.03894
0	-0.03897
0	-0.03883
0	-0.039
0	-0.03908
0	-0.03907
0	-0.03909
0	-0.03887
0	-0.03874
0	-0.03876
0	-0.03868
0	-0.03873
0	-0.03891
0	-0.03915
0	-0.03914
0	-0.03917
0	-0.03921
0	-0.0389
0	-0.0389
0	-0.03895
0	-0.03899
0	-0.03926
0	-0.03944
0	-0.03915
0	-0.03934
0	-0.03955
0	-0.03948
0	-0.03922
0	-0.03906
0	-0.03893
0	-0.03888
0	-0.03899
0	-0.0388
0	-0.03865
0	-0.03883
0	-0.03911
0	-0.03892
0	-0.03907
0	-0.03899
0	-0.03882
0	-0.03877
0	-0.03865
0	-0.03852
0	-0.03865
0	-0.03874
0	-0.03866
0	-0.03861
0	-0.0385
0	-0.03849
0	-0.03824
0	-0.03807
0	-0.03796
0	-0.0379
0	-0.03799
0	-0.03788
0	-0.03801
0	-0.03813
0	-0.03832
0	-0.03834
0	-0.03824
0	-0.03801
0	-0.03778
0	-0.03784
0	-0.03793
0	-0.03811
0	-0.03796
0	-0.03776
0	-0.03779
0	-0.03789
0	-0.03804
0	-0.03789
0	-0.03784
0	-0.03801
0	-0.03802
0	-0.038
0	-0.03785
0	-0.03784
0	-0.03789
0	-0.03765
0	-0.0376
0	-0.03759
0	-0.03755
0	-0.0377
0	-0.03765
0	-0.0378
0	-0.03779
0	-0.0378
0	-0.038
0	-0.0381
0	-0.03825
0	-0.03826
0	-0.03844
0	-0.0385
0	-0.03839
0	-0.03845
0	-0.03835
0	-0.03812
0	-0.03813
0	-0.03797
0	-0.03798
0	-0.03788
0	-0.03769
0	-0.03763
0	-0.03766
0	-0.03752
0	-0.03768
0	-0.03764
0	-0.03755
0	-0.03748
0	-0.03743
0	-0.03746
0	-0.03752
0	-0.03744
0	-0.03745
0	-0.03766
0	-0.03751
0	-0.03747
0	-0.03757
0	-0.03755
0	-0.03744
0	-0.0374
0	-0.03756
0	-0.03741
0	-0.03728
0	-0.03727
0	-0.03744
0	-0.03756
0	-0.03767
0	-0.03764
0	-0.03737
0	-0.0375
0	-0.03768
0	-0.03771
0	-0.03758
0	-0.03753
0	-0.03739
0	-0.03749
0	-0.03759
0	-0.0377
0	-0.03758
0	-0.03782
0	-0.03793
0	-0.03792
0	-0.03783
0	-0.03781
0	-0.03782
0	-0.03781
0	-0.03777
0	-0.03778
0	-0.03798
0	-0.03798
0	-0.03814
0	-0.03837
0	-0.0383
0	-0.03844
0	-0.03826
0	-0.03808
0	-0.03813
0	-0.03815
0	-0.03831
0	-0.03819
0	-0.03839
0	-0.03866
0	-0.03874
0	-0.03888
0	-0.03877
0	-0.03885
0	-0.03897
0	-0.03894
0	-0.0389
0	-0.03911
0	-0.0392
0	-0.03899
0	-0.03879
0	-0.03879
0	-0.03853
0	-0.03852
0	-0.03841
0	-0.03843
0	-0.0386
0	-0.03852
0	-0.03846
0	-0.03853
0	-0.03873
0	-0.03865
0	-0.03855
0	-0.03837
0	-0.03822
0	-0.03813
0	-0.03801
0	-0.03808
0	-0.03799
0	-0.03817
0	-0.03824
0	-0.03825
0	-0.03837
0	-0.03844
0	-0.03841
0	-0.03836
0	-0.03825
0	-0.03839
0	-0.03837
0	-0.0384
0	-0.0383
0	-0.03815
0	-0.03801
0	-0.03811
0	-0.03795
0	-0.03782
0	-0.0377
0	-0.0378
0	-0.03796
0	-0.03783
0	-0.03767
0	-0.0378
0	-0.03779
0	-0.03792
0	-0.03812
0	-0.03799
0	-0.03802
0	-0.0379
0	-0.03787
0	-0.03792
0	-0.03774
0	-0.03776
0	-0.03789
0	-0.03809
0	-0.03813
0	-0.03798
0	-0.03813
0	-0.03825
0	-0.03814
0	-0.03823
0	-0.03842
0	-0.03828
0	-0.03831
0	-0.03846
0	-0.03812
0	-0.03822
0	-0.03838
0	-0.03839
0	-0.03847
0	-0.03847
0	-0.03829
0	-0.03828
0	-0.03831
0	-0.03836
0	-0.03855
0	-0.0384
0	-0.03843
0	-0.03818
0	-0.03804
0	-0.03816
0	-0.03803
0	-0.03793
0	-0.03798
0	-0.0381
0	-0.03829
0	-0.03846
0	-0.03846
0	-0.03857
0	-0.0388
0	-0.03876
0	-0.03884
0	-0.03863
0	-0.03822
0	-0.03825
0	-0.0382
0	-0.0382
0	-0.03816
0	-0.03799
0	-0.03807
0	-0.03799
0	-0.03775
0	-0.03785
0	-0.03788
0	-0.03773
0	-0.03773
0	-0.03779
0	-0.03757
0	-0.03773
0	-0.0375
0	-0.03739
0	-0.03769
0	-0.03776
0	-0.03779
0	-0.03791
0	-0.03784
0	-0.03774
0	-0.03773
0	-0.03751
0	-0.03726
0	-0.03733
0	-0.03759
0	-0.03757
0	-0.03747
0	-0.03754
0	-0.03711
0	-0.037
0	-0.03686
0	-0.03685
0	-0.03693
0	-0.03685
0	-0.0366
0	-0.03656
0	-0.03663
0	-0.03679
0	-0.03673
0	-0.03664
0	-0.03653
0	-0.03616
0	-0.03627
0	-0.0363
0	-0.03639
0	-0.03643
0	-0.03649
0	-0.03661
0	-0.03672
0	-0.03672
0	-0.03665
0	-0.0368
0	-0.0367
0	-0.03684
0	-0.03666
0	-0.03666
0	-0.03676
0	-0.03696
0	-0.03667
0	-0.03686
0	-0.03689
0	-0.03684
0	-0.03696
0	-0.03688
0	-0.0369
0	-0.03685
0	-0.03697
0	-0.03699
0	-0.03688
0	-0.03699
0	-0.03687
0	-0.03698
0	-0.03697
0	-0.03681
0	-0.037
0	-0.03711
0	-0.03718
0	-0.03723
0	-0.03704
0	-0.03685
0	-0.03698
0	-0.03711
0	-0.03688
0	-0.03701
0	-0.03702
0	-0.03702
0	-0.03712
0	-0.03729
0	-0.03734
0	-0.0372
0	-0.03725
0	-0.03699
0	-0.03695
0	-0.03694
0	-0.0371
0	-0.03728
0	-0.03727
0	-0.03719
0	-0.03709
0	-0.03704
0	-0.03714
0	-0.03682
0	-0.03706
0	-0.03697
0	-0.03691
0	-0.03696
0	-0.03676
0	-0.03673
0	-0.03676
0	-0.03667
0	-0.03646
0	-0.03647
0	-0.03617
0	-0.03607
0	-0.03619
0	-0.03623
0	-0.03616
0	-0.03619
0	-0.03603
0	-0.03622
0	-0.03622
0	-0.0361
0	-0.03619
0	-0.03619
0	-0.03621
0	-0.03616
0	-0.03606
0	-0.03586
0	-0.03591
0	-0.0358
0	-0.03566
0	-0.03578
0	-0.03568
0	-0.03571
0	-0.03566
0	-0.03526
0	-0.03513
0	-0.0348
0	-0.03492
0	-0.03491
0	-0.03503
0	-0.03511
0	-0.03501
0	-0.03484
0	-0.03478
0	-0.03463
0	-0.03474
0	-0.03499
0	-0.03504
0	-0.03518
0	-0.03534
0	-0.03547
0	-0.03566
0	-0.03578
0	-0.03576
0	-0.03582
0	-0.03599
0	-0.03593
0	-0.03579
0	-0.03545
0	-0.03536
0	-0.03529
0	-0.03517
0	-0.03491
0	-0.03486
0	-0.03495
0	-0.03494
0	-0.03496
0	-0.03495
0	-0.03494
0	-0.03499
0	-0.03498
0	-0.0349
0	-0.03474
0	-0.03482
0	-0.03494
0	-0.03521
0	-0.03523
0	-0.03516
0	-0.03525
0	-0.03521
0	-0.03514
0	-0.03486
0	-0.03486
0	-0.03505
0	-0.03523
0	-0.03543
0	-0.03564
0	-0.0357
0	-0.03598
0	-0.03581
0	-0.03583
0	-0.03598
0	-0.03622
0	-0.03607
0	-0.03592
0	-0.03581
0	-0.03591
0	-0.03607
0	-0.03632
0	-0.03644
0	-0.03645
0	-0.03622
0	-0.03632
0	-0.03623
0	-0.03632
0	-0.03632
0	-0.03652
0	-0.03646
0	-0.03665
0	-0.0366
0	-0.03675
0	-0.03694
0	-0.03708
0	-0.03706
0	-0.0367
0	-0.03669
0	-0.03664
0	-0.03658
0	-0.03673
0	-0.03641
0	-0.03634
0	-0.03616
0	-0.03607
0	-0.03626
0	-0.03633
0	-0.03605
0	-0.03613
0	-0.0363
0	-0.03635
0	-0.03638
0	-0.03628
0	-0.03647
0	-0.03631
0	-0.03655
0	-0.03657
0	-0.03668
0	-0.03675
0	-0.03643
0	-0.03667
0	-0.03629
0	-0.03648
0	-0.0368
0	-0.0369
0	-0.03681
0	-0.03682
0	-0.03666
0	-0.03633
0	-0.03634
0	-0.03648
0	-0.03641
0	-0.03623
0	-0.03616
0	-0.03613
0	-0.03632
0	-0.03631
0	-0.03631
0	-0.03634
0	-0.03647
0	-0.03645
0	-0.03644
0	-0.03614
0	-0.03618
0	-0.03607
0	-0.0359
0	-0.03591
0	-0.03588
0	-0.03598
0	-0.03589
0	-0.03578
0	-0.0359
0	-0.03589
0	-0.03589
0	-0.03602
0	-0.03587
0	-0.03585
0	-0.03591
0	-0.03584
0	-0.03581
0	-0.0357
0	-0.03565
0	-0.03575
0	-0.03575
0	-0.0358
0	-0.03588
0	-0.03602
0	-0.03609
0	-0.03627
0	-0.03618
0	-0.0364
0	-0.03656
0	-0.03663
0	-0.03671
0	-0.03669
0	-0.03671
0	-0.03632
0	-0.03651
0	-0.03657
0	-0.03675
0	-0.03676
0	-0.03663
0	-0.03679
0	-0.03692
0	-0.0369
0	-0.03701
0	-0.03707
0	-0.03725
0	-0.03713
0	-0.03714
0	-0.03711
0	-0.03705
0	-0.037
0	-0.03708
0	-0.03732
0	-0.03745
0	-0.03732
0	-0.03719
0	-0.0371
0	-0.03693
0	-0.03702
0	-0.03682
0	-0.0366
0	-0.03655
0	-0.03655
0	-0.03676
0	-0.03683
0	-0.03694
0	-0.03689
0	-0.03681
0	-0.03682
0	-0.03687
0	-0.03685
0	-0.03664
0	-0.03666
0	-0.03666
0	-0.03643
0	-0.03631
0	-0.03652
0	-0.03656
0	-0.03644
0	-0.0365
0	-0.03651
0	-0.03649
0	-0.03644
0	-0.03641
0	-0.03629
0	-0.03639
0	-0.03627
0	-0.03598
0	-0.03587
0	-0.03592
0	-0.03589
0	-0.03568
0	-0.03573
0	-0.03577
0	-0.03571
0	-0.03565
0	-0.03555
0	-0.0356
0	-0.03569
0	-0.03562
0	-0.03561
0	-0.0356
0	-0.03552
0	-0.03569
0	-0.03565
0	-0.03588
0	-0.03604
0	-0.03623
0	-0.03594
0	-0.03593
0	-0.03593
0	-0.036
0	-0.03598
0	-0.03593
0	-0.03565
0	-0.03562
0	-0.03553
0	-0.03545
0	-0.03547
0	-0.03543
0	-0.03534
0	-0.03515
0	-0.03511
0	-0.03489
0	-0.03491
0	-0.03482
0	-0.03483
0	-0.03493
0	-0.03492
0	-0.03492
0	-0.03502
0	-0.0351
0	-0.0348
0	-0.03485
0	-0.03499
0	-0.03498
0	-0.035
0	-0.03508
0	-0.03503
0	-0.03496
0	-0.03509
0	-0.0348
0	-0.03471
0	-0.03477
0	-0.03486
0	-0.03483
0	-0.03473
0	-0.03476
0	-0.03469
0	-0.03462
0	-0.03461
0	-0.03458
0	-0.03456
0	-0.0346
0	-0.03456
0	-0.03461
0	-0.03462
0	-0.03443
0	-0.0342
0	-0.03447
0	-0.03465
0	-0.03467
0	-0.03462
0	-0.03465
0	-0.03464
0	-0.03452
0	-0.03431
0	-0.03432
0	-0.03436
0	-0.03413
0	-0.03422
0	-0.03414
0	-0.03397
0	-0.03403
0	-0.03399
0	-0.03398
0	-0.03387
0	-0.03396
0	-0.03401
0	-0.03388
0	-0.03377
0	-0.03365
0	-0.03364
0	-0.03362
0	-0.03363
0	-0.0336
0	-0.03366
0	-0.03367
0	-0.03382
0	-0.03394
0	-0.03406
0	-0.03414
0	-0.03407
0	-0.03414
0	-0.03432
0	-0.03452
0	-0.03459
0	-0.03457
0	-0.03478
0	-0.03479
0	-0.03464
0	-0.03458
0	-0.03481
0	-0.03498
0	-0.03513
0	-0.0352
0	-0.0349
0	-0.03491
0	-0.03482
0	-0.03487
0	-0.03495
0	-0.03487
0	-0.03493
0	-0.03484
0	-0.03492
0	-0.03483
0	-0.03496
0	-0.03504
0	-0.03494
0	-0.03508
0	-0.03525
0	-0.03532
0	-0.03526
0	-0.03529
0	-0.03524
0	-0.03513
0	-0.03495
0	-0.03513
0	-0.03518
0	-0.03513
0	-0.03527
0	-0.03536
0	-0.03536
0	-0.03511
0	-0.03486
0	-0.03497
0	-0.03488
0	-0.03482
0	-0.03481
0	-0.03471
0	-0.03465
0	-0.0348
0	-0.03491
0	-0.03493
0	-0.03485
0	-0.03494
0	-0.03486
0	-0.03483
0	-0.03503
0	-0.03514
0	-0.03519
0	-0.03513
0	-0.03522
0	-0.03522
0	-0.03527
0	-0.0352
0	-0.03492
0	-0.03494
0	-0.0349
0	-0.03467
0	-0.03447
0	-0.0346
0	-0.03462
0	-0.03471
0	-0.03494
0	-0.03468
0	-0.03475
0	-0.0347
0	-0.0347
0	-0.03471
0	-0.03456
0	-0.03469
0	-0.03468
0	-0.03482
0	-0.03498
0	-0.03503
0	-0.03497
0	-0.03501
0	-0.03501
0	-0.03505
0	-0.03523
0	-0.03527
0	-0.03515
0	-0.0351
0	-0.03516
0	-0.03518
0	-0.03513
0	-0.03501
0	-0.03507
0	-0.03503
0	-0.0351
0	-0.03512
0	-0.03522
0	-0.03516
0	-0.03534
0	-0.03546
0	-0.03523
0	-0.03517
0	-0.03502
0	-0.035
0	-0.03502
0	-0.03504
0	-0.03496
0	-0.03507
0	-0.03512
0	-0.03514
0	-0.0352
0	-0.03501
0	-0.03491
0	-0.03476
0	-0.03482
0	-0.03502
0	-0.03513
0	-0.03524
0	-0.0352
0	-0.03506
0	-0.03491
0	-0.03496
0	-0.03481
0	-0.03481
0	-0.03487
0	-0.035
0	-0.03506
0	-0.03524
0	-0.03521
0	-0.03526
0	-0.03518
0	-0.03525
0	-0.03537
0	-0.03518
0	-0.03527
0	-0.03523
0	-0.03513
0	-0.03512
0	-0.03507
0	-0.03499
0	-0.03484
0	-0.03464
0	-0.03461
0	-0.03464
0	-0.0347
0	-0.03443
0	-0.03418
0	-0.03432
0	-0.03436
0	-0.03428
0	-0.03433
0	-0.03433
0	-0.03441
0	-0.0344
0	-0.03423
0	-0.03423
0	-0.03437
0	-0.03452
0	-0.03466
0	-0.03469
0	-0.03446
0	-0.03432
0	-0.0343
0	-0.03439
0	-0.03437
0	-0.03435
0	-0.03444
0	-0.03454
0	-0.03458
0	-0.03478
0	-0.03496
0	-0.03494
0	-0.0349
0	-0.0349
0	-0.03497
0	-0.03497
0	-0.03512
0	-0.0353
0	-0.03522
0	-0.03524
0	-0.03527
0	-0.03542
0	-0.03532
0	-0.0355
0	-0.03552
0	-0.03564
0	-0.03562
0	-0.03555
0	-0.03544
0	-0.0354
0	-0.03544
0	-0.03546
0	-0.03548
0	-0.0354
0	-0.03546
0	-0.03545
0	-0.03565
0	-0.03574
0	-0.03581
0	-0.03591
0	-0.03595
0	-0.03597
0	-0.03581
0	-0.03566
0	-0.03583
0	-0.03574
0	-0.03571
0	-0.03566
0	-0.03586
0	-0.03599
0	-0.03602
0	-0.03603
0	-0.03591
0	-0.03582
0	-0.03567
0	-0.03575
0	-0.03591
0	-0.03599
0	-0.03583
0	-0.0359
0	-0.03565
0	-0.03549
0	-0.03558
0	-0.03557
0	-0.03559
0	-0.03568
0	-0.03565
0	-0.03545
0	-0.03531
0	-0.03515
0	-0.03515
0	-0.03486
0	-0.03479
0	-0.03468
0	-0.03468
0	-0.03468
0	-0.03449
0	-0.03438
0	-0.03453
0	-0.03449
0	-0.03447
0	-0.03434
0	-0.03417
0	-0.03432
0	-0.03428
0	-0.03438
0	-0.03437
0	-0.03415
0	-0.03413
0	-0.03411
0	-0.03426
0	-0.03446
0	-0.03456
0	-0.03466
0	-0.03456
0	-0.03466
0	-0.03465
0	-0.03459
0	-0.03458
0	-0.03463
0	-0.03475
0	-0.0345
0	-0.03442
0	-0.03452
0	-0.03424
0	-0.0341
0	-0.03402
0	-0.03423
0	-0.03438
0	-0.03454
0	-0.03465
0	-0.03462
0	-0.03472
0	-0.0348
0	-0.03479
0	-0.03478
0	-0.03467
0	-0.03469
0	-0.03472
0	-0.03489
0	-0.03501
0	-0.03509
0	-0.035
0	-0.035
0	-0.03509
0	-0.03527
0	-0.03493
0	-0.03481
0	-0.03501
0	-0.03499
0	-0.03491
0	-0.03483
0	-0.03477
0	-0.03495
0	-0.03488
0	-0.03476
0	-0.0348
0	-0.03453
0	-0.03443
0	-0.03442
0	-0.03437
0	-0.03442
0	-0.03446
0	-0.03449
0	-0.03452
0	-0.0343
0	-0.0344
0	-0.03454
0	-0.03446
0	-0.03443
0	-0.03429
0	-0.0342
0	-0.03434
0	-0.03432
0	-0.03411
0	-0.03388
0	-0.03394
0	-0.03399
0	-0.03393
0	-0.0339
0	-0.03372
0	-0.03375
0	-0.03372
0	-0.03355
0	-0.03351
0	-0.03362
0	-0.03349
0	-0.03348
0	-0.03355
0	-0.03367
0	-0.03364
0	-0.03383
0	-0.03389
0	-0.03392
0	-0.03389
0	-0.03361
0	-0.03359
0	-0.03368
0	-0.03382
0	-0.03398
0	-0.03417
0	-0.03412
0	-0.03427
0	-0.03438
0	-0.03439
0	-0.03438
0	-0.03441
0	-0.03445
0	-0.03422
0	-0.03414
0	-0.03393
0	-0.0341
0	-0.03406
0	-0.034
0	-0.03401
0	-0.0339
0	-0.03376
0	-0.03367
0	-0.03369
0	-0.03378
0	-0.03399
0	-0.03402
0	-0.03415
0	-0.03405
0	-0.03387
0	-0.03398
0	-0.03396
0	-0.034
0	-0.03392
0	-0.03386
0	-0.03375
0	-0.03377
0	-0.03399
0	-0.034
0	-0.03423
0	-0.03436
0	-0.0345
0	-0.03432
0	-0.03448
0	-0.03432
0	-0.03429
0	-0.03443
0	-0.03453
0	-0.03461
0	-0.0345
0	-0.03447
0	-0.03427
0	-0.03438
0	-0.0346
0	-0.03459
0	-0.03452
0	-0.03449
0	-0.03444
0	-0.03448
0	-0.03451
0	-0.03445
0	-0.03438
0	-0.03431
0	-0.03418
0	-0.03431
0	-0.03419
0	-0.03421
0	-0.03398
0	-0.03385
0	-0.0339
0	-0.03378
0	-0.03379
0	-0.03373
0	-0.03368
0	-0.03385
0	-0.03394
0	-0.03372
0	-0.03372
0	-0.03366
0	-0.03351
0	-0.03332
0	-0.03324
0	-0.03329
0	-0.03348
0	-0.0336
0	-0.0337
0	-0.03364
0	-0.03369
0	-0.03357
0	-0.03354
0	-0.0335
0	-0.03344
0	-0.0336
0	-0.03363
0	-0.03359
0	-0.03358
0	-0.03339
0	-0.03334
0	-0.03333
0	-0.0332
0	-0.03301
0	-0.033
0	-0.03294
0	-0.03287
0	-0.03264
0	-0.03275
0	-0.03265
0	-0.03278
0	-0.03264
0	-0.03255
0	-0.03243
0	-0.03233
0	-0.03221
0	-0.03216
0	-0.03222
0	-0.03217
0	-0.03218
0	-0.03203
0	-0.03213
0	-0.03217
0	-0.03224
0	-0.03232
0	-0.03224
0	-0.03222
0	-0.0323
0	-0.0323
0	-0.03223
0	-0.03234
0	-0.03248
0	-0.03247
0	-0.03253
0	-0.03257
0	-0.03271
0	-0.03273
0	-0.03286
0	-0.03274
0	-0.03246
0	-0.03238
0	-0.0324
0	-0.03244
0	-0.03257
0	-0.03245
0	-0.03231
0	-0.03235
0	-0.03228
0	-0.03224
0	-0.03242
0	-0.03259
0	-0.03241
0	-0.03226
0	-0.03223
0	-0.0321
0	-0.03197
0	-0.03187
0	-0.03195
0	-0.03189
0	-0.03163
0	-0.03173
0	-0.03174
0	-0.03187
0	-0.03201
0	-0.03224
0	-0.03235
0	-0.0325
0	-0.03264
0	-0.03274
0	-0.0327
0	-0.03262
0	-0.03243
0	-0.03251
0	-0.03256
0	-0.03251
0	-0.03239
0	-0.03238
0	-0.03256
0	-0.03275
0	-0.03291
0	-0.03301
0	-0.03286
0	-0.03293
0	-0.03262
0	-0.03264
0	-0.0327
0	-0.03283
0	-0.03299
0	-0.03305
0	-0.03323
0	-0.03331
0	-0.0333
0	-0.03333
0	-0.03316
0	-0.03315
0	-0.03315
0	-0.03299
0	-0.03296
0	-0.03283
0	-0.03275
0	-0.03263
0	-0.03269
0	-0.03248
0	-0.03236
0	-0.03237
0	-0.03214
0	-0.03207
0	-0.03204
0	-0.03205
0	-0.03212
0	-0.03223
0	-0.03227
0	-0.03236
0	-0.03223
0	-0.03216
0	-0.03218
0	-0.0322
0	-0.03198
0	-0.03193
0	-0.03171
0	-0.03154
0	-0.03142
0	-0.03146
0	-0.03162
0	-0.03136
0	-0.03135
0	-0.03153
0	-0.03123
0	-0.03129
0	-0.03131
0	-0.03131
0	-0.03127
0	-0.0313
0	-0.031
0	-0.03084
0	-0.0309
0	-0.03073
0	-0.03056
0	-0.03078
0	-0.03074
0	-0.03073
0	-0.03068
0	-0.0308
0	-0.03094
0	-0.0309
0	-0.03083
0	-0.03082
0	-0.03098
0	-0.03108
0	-0.03105
0	-0.0311
0	-0.03127
0	-0.03123
0	-0.03113
0	-0.03111
0	-0.03092
0	-0.03103
0	-0.03099
0	-0.03089
0	-0.03093
0	-0.03076
0	-0.03049
0	-0.03059
0	-0.03063
0	-0.03068
0	-0.03083
0	-0.03094
0	-0.03093
0	-0.03113
0	-0.0311
0	-0.03118
0	-0.0312
0	-0.03121
0	-0.03094
0	-0.03098
0	-0.0311
0	-0.03086
0	-0.03089
0	-0.03087
0	-0.03091
0	-0.03087
0	-0.03049
0	-0.03053
0	-0.03038
0	-0.03055
0	-0.03034
0	-0.03037
0	-0.0303
0	-0.03041
0	-0.03048
0	-0.03051
0	-0.03042
0	-0.03027
0	-0.03015
0	-0.03029
0	-0.03045
0	-0.03036
0	-0.0303
0	-0.03026
0	-0.03029
0	-0.03027
0	-0.03023
0	-0.03007
0	-0.03011
0	-0.02998
0	-0.02989
0	-0.02975
0	-0.02976
0	-0.0297
0	-0.02949
0	-0.02935
0	-0.02935
0	-0.02916
0	-0.029
0	-0.02893
0	-0.02911
0	-0.02915
0	-0.02897
0	-0.02886
0	-0.02895
0	-0.02892
0	-0.02907
0	-0.02915
0	-0.02908
0	-0.02906
0	-0.02911
0	-0.02914
0	-0.02907
0	-0.02904
0	-0.02897
0	-0.02885
0	-0.02899
0	-0.02888
0	-0.02893
0	-0.02909
0	-0.02902
0	-0.02905
0	-0.02922
0	-0.02924
0	-0.02921
0	-0.02908
0	-0.02919
0	-0.02929
0	-0.02935
0	-0.02947
0	-0.02935
0	-0.02921
0	-0.02933
0	-0.02922
0	-0.02923
0	-0.02935
0	-0.02943
0	-0.02942
0	-0.02953
0	-0.02937
0	-0.02938
0	-0.02957
0	-0.02952
0	-0.02945
0	-0.02942
0	-0.02934
0	-0.02943
0	-0.02936
0	-0.02924
0	-0.02942
0	-0.02956
0	-0.02951
0	-0.02958
0	-0.02945
0	-0.02923
0	-0.02914
0	-0.02896
0	-0.02904
0	-0.02893
0	-0.02883
0	-0.02896
0	-0.02906
0	-0.029
0	-0.02912
0	-0.02893
0	-0.02872
0	-0.02864
0	-0.02865
0	-0.02854
0	-0.02847
0	-0.02851
0	-0.02851
0	-0.0285
0	-0.02858
0	-0.02847
0	-0.02856
0	-0.02872
0	-0.02875
0	-0.02865
0	-0.02857
0	-0.02855
0	-0.02834
0	-0.02814
0	-0.02803
0	-0.0279
0	-0.0279
0	-0.02793
0	-0.02793
0	-0.02786
0	-0.02801
0	-0.02795
0	-0.02801
0	-0.02819
0	-0.02831
0	-0.02838
0	-0.02824
0	-0.02827
0	-0.02831
0	-0.02819
0	-0.02819
0	-0.0283
0	-0.02835
0	-0.02828
0	-0.0283
0	-0.02826
0	-0.02813
0	-0.02801
0	-0.02807
0	-0.02812
0	-0.02796
0	-0.02774
0	-0.02777
0	-0.02776
0	-0.02782
0	-0.02773
0	-0.02758
0	-0.02767
0	-0.02779
0	-0.02771
0	-0.0278
0	-0.02784
0	-0.02794
0	-0.02799
0	-0.02805
0	-0.02813
0	-0.02821
0	-0.02797
0	-0.02791
0	-0.02811
0	-0.02796
0	-0.02816
0	-0.02817
0	-0.0283
0	-0.02806
0	-0.02825
0	-0.02833
0	-0.02822
0	-0.02839
0	-0.02856
0	-0.02854
0	-0.02852
0	-0.02861
0	-0.02875
0	-0.02877
0	-0.02879
0	-0.02868
0	-0.02857
0	-0.02853
0	-0.02871
0	-0.02873
0	-0.02867
0	-0.02863
0	-0.02874
0	-0.02891
0	-0.02899
0	-0.02906
0	-0.02893
0	-0.02892
0	-0.02893
0	-0.02896
0	-0.02895
0	-0.02884
0	-0.02899
0	-0.02902
0	-0.02888
0	-0.0289
0	-0.02888
0	-0.02894
0	-0.0288
0	-0.02884
0	-0.02889
0	-0.02869
0	-0.02847
0	-0.0285
0	-0.02866
0	-0.02853
0	-0.0284
0	-0.02837
0	-0.02833
0	-0.02851
0	-0.02864
0	-0.02859
0	-0.02859
0	-0.02865
0	-0.02865
0	-0.02853
0	-0.02846
0	-0.02844
0	-0.0286
0	-0.02874
0	-0.02865
0	-0.02858
0	-0.02848
0	-0.02823
0	-0.02825
0	-0.02808
0	-0.02801
0	-0.02816
0	-0.02802
0	-0.02819
0	-0.02832
0	-0.02849
0	-0.02857
0	-0.02871
0	-0.02881
0	-0.02889
0	-0.02903
0	-0.02919
0	-0.02924
0	-0.02929
0	-0.02929
0	-0.0291
0	-0.02908
0	-0.02925
0	-0.02934
0	-0.02931
0	-0.02929
0	-0.02934
0	-0.02926
0	-0.0292
0	-0.02927
0	-0.02905
0	-0.02907
0	-0.02891
0	-0.02882
0	-0.02881
0	-0.02873
0	-0.02881
0	-0.02887
0	-0.0288
0	-0.02885
0	-0.02884
0	-0.02885
0	-0.02895
0	-0.02895
0	-0.02906
0	-0.02894
0	-0.02881
0	-0.02904
0	-0.02909
0	-0.02887
0	-0.02888
0	-0.02891
0	-0.02878
0	-0.02864
0	-0.02865
0	-0.02872
0	-0.0286
0	-0.02853
0	-0.02862
0	-0.02858
0	-0.02863
0	-0.02863
0	-0.02873
0	-0.02884
0	-0.02886
0	-0.02872
0	-0.02879
0	-0.02895
0	-0.02893
0	-0.02892
0	-0.02907
0	-0.02911
0	-0.02912
0	-0.02901
0	-0.0289
0	-0.02901
0	-0.02893
0	-0.02874
0	-0.02866
0	-0.02863
0	-0.02868
0	-0.02862
0	-0.02854
0	-0.02848
0	-0.02847
0	-0.02847
0	-0.02848
0	-0.02852
0	-0.02854
0	-0.02839
0	-0.02843
0	-0.02841
0	-0.02845
0	-0.02838
0	-0.02845
0	-0.02849
0	-0.0285
0	-0.02849
0	-0.02848
0	-0.02847
0	-0.02837
0	-0.02832
0	-0.02838
0	-0.02839
0	-0.02832
0	-0.02824
0	-0.02813
0	-0.028
0	-0.028
0	-0.02811
0	-0.02799
0	-0.02809
0	-0.0281
0	-0.02791
0	-0.02794
0	-0.02781
0	-0.02791
0	-0.02785
0	-0.02775
0	-0.0277
0	-0.0278
0	-0.0277
0	-0.02779
0	-0.02788
0	-0.02777
0	-0.02771
0	-0.02767
0	-0.0278
0	-0.02784
0	-0.02792
0	-0.02777
0	-0.0277
0	-0.02775
0	-0.02787
0	-0.02795
0	-0.02807
0	-0.0281
0	-0.02818
0	-0.0282
0	-0.0279
0	-0.02788
0	-0.02785
0	-0.02791
0	-0.02787
0	-0.02793
0	-0.02792
0	-0.02792
0	-0.02779
0	-0.02775
0	-0.02782
0	-0.02774
0	-0.02784
0	-0.02777
0	-0.0279
0	-0.02792
0	-0.02803
0	-0.02794
0	-0.02786
0	-0.02781
0	-0.02788
0	-0.02787
0	-0.0278
0	-0.0277
0	-0.02781
0	-0.02791
0	-0.02798
0	-0.02798
0	-0.02806
0	-0.02808
0	-0.02814
0	-0.02823
0	-0.02827
0	-0.02826
0	-0.02831
0	-0.02807
0	-0.02809
0	-0.02821
0	-0.02839
0	-0.02845
0	-0.02843
0	-0.02838
0	-0.02842
0	-0.02837
0	-0.02847
0	-0.02852
0	-0.0285
0	-0.02861
0	-0.02849
0	-0.02839
0	-0.0283
0	-0.02843
0	-0.02855
0	-0.02869
0	-0.0287
0	-0.0287
0	-0.02874
0	-0.02866
0	-0.02869
0	-0.02882
0	-0.02889
0	-0.02874
0	-0.02879
0	-0.0289
0	-0.02886
0	-0.0288
0	-0.02874
0	-0.0288
0	-0.02895
0	-0.02896
0	-0.02899
0	-0.02889
0	-0.02889
0	-0.02903
0	-0.02913
0	-0.02925
0	-0.0294
0	-0.02938
0	-0.02943
0	-0.02942
0	-0.02921
0	-0.02929
0	-0.02939
0	-0.02951
0	-0.02965
0	-0.02965
0	-0.02968
0	-0.02986
0	-0.02968
0	-0.02973
0	-0.02982
0	-0.02978
0	-0.0297
0	-0.02957
0	-0.02947
0	-0.02955
0	-0.02946
0	-0.02947
0	-0.02938
0	-0.02919
0	-0.02914
0	-0.02914
0	-0.02907
0	-0.0289
0	-0.02891
0	-0.0291
0	-0.02906
0	-0.02879
0	-0.02908
0	-0.02912
0	-0.02901
0	-0.02882
0	-0.02878
0	-0.02872
0	-0.02878
0	-0.02887
0	-0.02875
0	-0.02882
0	-0.02882
0	-0.02892
0	-0.02904
0	-0.02891
0	-0.029
0	-0.02902
0	-0.02893
0	-0.02895
0	-0.02876
0	-0.02881
0	-0.02867
0	-0.02852
0	-0.02839
0	-0.02842
0	-0.0284
0	-0.02839
0	-0.02844
0	-0.02834
0	-0.02839
0	-0.02842
0	-0.02861
0	-0.02861
0	-0.02865
0	-0.02853
0	-0.0285
0	-0.02837
0	-0.02845
0	-0.02853
0	-0.02831
0	-0.02817
0	-0.0281
0	-0.02801
0	-0.0279
0	-0.02798
0	-0.02794
0	-0.02801
0	-0.02793
0	-0.02797
0	-0.02791
0	-0.02784
0	-0.02782
0	-0.02772
0	-0.02775
0	-0.02774
0	-0.02786
0	-0.02791
0	-0.02779
0	-0.02764
0	-0.02739
0	-0.02736
0	-0.02729
0	-0.02746
0	-0.02756
0	-0.02739
0	-0.02758
0	-0.02761
0	-0.02759
0	-0.0276
0	-0.02746
0	-0.02728
0	-0.02723
0	-0.02729
0	-0.02719
0	-0.02701
0	-0.02709
0	-0.02701
0	-0.02707
0	-0.02706
0	-0.02728
0	-0.02719
0	-0.02714
0	-0.02716
0	-0.02732
0	-0.02719
0	-0.02726
0	-0.02719
0	-0.02713
0	-0.02721
0	-0.02723
0	-0.02708
0	-0.02696
0	-0.02697
0	-0.02695
0	-0.02689
0	-0.0268
0	-0.02679
0	-0.02665
0	-0.02657
0	-0.02643
0	-0.02632
0	-0.02636
0	-0.02642
0	-0.02638
0	-0.02631
0	-0.02635
0	-0.02632
0	-0.02638
0	-0.02641
0	-0.02637
0	-0.02656
0	-0.0266
0	-0.02658
0	-0.02648
0	-0.02622
0	-0.02618
0	-0.02625
0	-0.02625
0	-0.02622
0	-0.02627
0	-0.02644
0	-0.0264
0	-0.02629
0	-0.02617
0	-0.02611
0	-0.02619
0	-0.0262
0	-0.02618
0	-0.02626
0	-0.02639
0	-0.02657
0	-0.02656
0	-0.02663
0	-0.02683
0	-0.02669
0	-0.02681
0	-0.02683
0	-0.02673
0	-0.02683
0	-0.0267
0	-0.0266
0	-0.02662
0	-0.02662
0	-0.02663
0	-0.02669
0	-0.02682
0	-0.02697
0	-0.02705
0	-0.02696
0	-0.02702
0	-0.02699
0	-0.02713
0	-0.02704
0	-0.02715
0	-0.02716
0	-0.02716
0	-0.02702
0	-0.02692
0	-0.02689
0	-0.0267
0	-0.0266
0	-0.02658
0	-0.02652
0	-0.02642
0	-0.02637
0	-0.02637
0	-0.02647
0	-0.02639
0	-0.02638
0	-0.02628
0	-0.02631
0	-0.02631
0	-0.02638
0	-0.02642
0	-0.02641
0	-0.02651
0	-0.02649
0	-0.02632
0	-0.02609
0	-0.02618
0	-0.02615
0	-0.02625
0	-0.02627
0	-0.02641
0	-0.02631
0	-0.02638
0	-0.02649
0	-0.02657
0	-0.02649
0	-0.02643
0	-0.02661
0	-0.02682
0	-0.02688
0	-0.02697
0	-0.02703
0	-0.02706
0	-0.02709
0	-0.02715
0	-0.02707
0	-0.02718
0	-0.02729
0	-0.02746
0	-0.02759
0	-0.02769
0	-0.02782
0	-0.02775
0	-0.02783
0	-0.02793
0	-0.02795
0	-0.02786
0	-0.02781
0	-0.02779
0	-0.02779
0	-0.02792
0	-0.0279
0	-0.0279
0	-0.0279
0	-0.02803
0	-0.02802
0	-0.02804
0	-0.02798
0	-0.02791
0	-0.02786
0	-0.02797
0	-0.02809
0	-0.02826
0	-0.02821
0	-0.02832
0	-0.02831
0	-0.02837
0	-0.02848
0	-0.02851
0	-0.02858
0	-0.02839
0	-0.02843
0	-0.02837
0	-0.02835
0	-0.02838
0	-0.02827
0	-0.02816
0	-0.02825
0	-0.02836
0	-0.02837
0	-0.02832
0	-0.02825
0	-0.0283
0	-0.02834
0	-0.02833
0	-0.02827
0	-0.02833
0	-0.02849
0	-0.02844
0	-0.0284
0	-0.02825
0	-0.02816
0	-0.02805
0	-0.02807
0	-0.02811
0	-0.02816
0	-0.02815
0	-0.0281
0	-0.02814
0	-0.028
0	-0.02795
0	-0.02797
0	-0.02801
0	-0.02802
0	-0.02817
0	-0.02834
0	-0.02847
0	-0.0286
0	-0.02872
0	-0.02872
0	-0.02885
0	-0.02903
0	-0.0289
0	-0.02889
0	-0.02873
0	-0.02887
0	-0.02879
0	-0.02883
0	-0.02882
0	-0.02863
0	-0.02846
0	-0.02838
0	-0.02837
0	-0.02844
0	-0.02848
0	-0.02851
0	-0.02851
0	-0.02861
0	-0.02851
0	-0.02849
0	-0.02849
0	-0.02841
0	-0.02836
0	-0.02838
0	-0.02836
0	-0.02836
0	-0.02846
0	-0.02852
0	-0.0286
0	-0.02848
0	-0.02848
0	-0.02845
0	-0.02848
0	-0.02844
0	-0.02851
0	-0.02841
0	-0.02844
0	-0.02826
0	-0.02834
0	-0.0284
0	-0.0285
0	-0.02862
0	-0.02856
0	-0.02853
0	-0.02869
0	-0.02879
0	-0.02875
0	-0.02871
0	-0.02877
0	-0.02871
0	-0.02862
0	-0.02874
0	-0.02857
0	-0.02857
0	-0.02872
0	-0.02874
0	-0.02887
0	-0.02897
0	-0.02914
0	-0.02927
0	-0.02932
0	-0.02946
0	-0.02949
0	-0.02934
0	-0.0294
0	-0.02935
0	-0.02928
0	-0.02933
0	-0.02935
0	-0.02924
0	-0.0292
0	-0.0292
0	-0.02926
0	-0.02927
0	-0.02929
0	-0.02915
0	-0.02925
0	-0.02931
0	-0.02936
0	-0.02926
0	-0.02914
0	-0.02931
0	-0.02905
0	-0.02911
0	-0.02913
0	-0.02921
0	-0.02909
0	-0.02916
0	-0.02907
0	-0.02921
0	-0.02937
0	-0.02943
0	-0.02939
0	-0.02937
0	-0.02944
0	-0.02952
0	-0.02966
0	-0.02965
0	-0.02935
0	-0.02954
0	-0.02949
0	-0.02926
0	-0.02917
0	-0.02913
0	-0.029
0	-0.02895
0	-0.02882
0	-0.02885
0	-0.02904
0	-0.02895
0	-0.029
0	-0.02896
0	-0.02885
0	-0.02896
0	-0.02912
0	-0.02891
0	-0.02887
0	-0.02897
0	-0.02909
0	-0.02914
0	-0.02914
0	-0.02918
0	-0.02931
0	-0.02939
0	-0.02943
0	-0.0295
0	-0.02937
0	-0.02942
0	-0.02944
0	-0.02955
0	-0.0296
0	-0.02963
0	-0.02953
0	-0.0294
0	-0.02944
0	-0.02936
0	-0.0293
0	-0.02947
0	-0.02948
0	-0.02934
0	-0.02934
0	-0.02923
0	-0.02932
0	-0.02942
0	-0.02927
0	-0.0293
0	-0.02923
0	-0.02915
0	-0.02924
0	-0.02911
0	-0.02907
0	-0.02895
0	-0.02897
0	-0.02901
0	-0.02901
0	-0.02898
0	-0.02894
0	-0.02888
0	-0.02878
0	-0.02867
0	-0.02861
0	-0.02866
