# iterations	 errorinentropy	 maxerror	(generated with python figs/comparison.py 0 s000/periodic-ww1.30-ff0.20-N50-tmi3-golden-movie/001090-lndos.dat s000/periodic-ww1.30-ff0.20-N50
2.48e+04	13.9	112
3.164e+05	13.45	68.85
4.658e+05	11.45	60.42
6.045e+05	10.86	57.01
7.788e+05	9.3	50.99
9.850e+05	7.848	43.74
1.531e+06	6.689	45.21
2.198e+06	5.875	44.8
2.882e+06	5.252	39.74
3.658e+06	4.888	42.86
4.420e+06	4.64	41.97
5.302e+06	4.309	38.66
6.262e+06	3.714	31.18
7.196e+06	3.435	28.48
8.194e+06	3.232	27.76
8.688e+06	2.997	24.32
9.226e+06	2.907	24.12
9.813e+06	2.821	23.95
1.038e+07	2.711	23.52
1.121e+07	2.541	22.81
1.266e+07	2.373	20.65
1.416e+07	2.3	20.13
1.57e+07	2.103	19.24
1.733e+07	2.09	19.35
1.838e+07	2.044	19.07
1.921e+07	2.013	19.04
2e+07	1.984	18.98
2.146e+07	1.89	18.41
2.345e+07	1.832	17.91
2.543e+07	1.763	17.59
2.759e+07	1.623	16.67
2.865e+07	1.624	16.75
2.973e+07	1.608	16.82
3.195e+07	1.512	16.23
3.419e+07	1.424	15.34
3.663e+07	1.344	13.88
3.798e+07	1.307	13.71
3.922e+07	1.302	13.72
4.176e+07	1.3	13.78
4.439e+07	1.263	13.62
4.668e+07	1.207	12.9
4.792e+07	1.167	12.41
5.037e+07	1.151	12.16
5.318e+07	1.151	12.28
5.599e+07	1.119	11.88
5.734e+07	1.086	11.62
6.033e+07	1.029	11.34
6.356e+07	0.975	10.86
6.581e+07	0.9495	10.68
6.753e+07	0.9259	10.44
7.094e+07	0.9091	10.24
7.443e+07	0.8812	10.1
7.617e+07	0.8688	10.05
7.97e+07	0.8276	9.563
8.331e+07	0.8066	9.355
8.533e+07	0.7924	9.258
8.841e+07	0.7797	9.187
9.211e+07	0.7558	9.013
9.433e+07	0.7437	8.893
9.727e+07	0.727	8.846
1.013e+08	0.7195	8.76
1.037e+08	0.7065	8.542
1.068e+08	0.6999	8.525
1.108e+08	0.6865	8.351
1.132e+08	0.6726	8.229
1.171e+08	0.6518	7.389
1.215e+08	0.6387	7.32
1.24e+08	0.6309	7.323
1.287e+08	0.6288	7.385
1.315e+08	0.6133	7.239
1.35e+08	0.6083	7.225
1.387e+08	0.5992	7.164
1.414e+08	0.5974	7.209
1.459e+08	0.5883	7.122
1.488e+08	0.5874	7.129
1.533e+08	0.5787	7.018
1.563e+08	0.5739	7.019
1.61e+08	0.5708	7.053
1.642e+08	0.5634	6.967
1.682e+08	0.5559	6.912
1.714e+08	0.5564	6.877
1.755e+08	0.5559	6.86
1.79e+08	0.5438	6.536
1.825e+08	0.5317	6.381
1.864e+08	0.5162	6.21
1.898e+08	0.5119	6.213
1.943e+08	0.5088	6.14
1.976e+08	0.5104	6.154
2.03e+08	0.4954	6.06
2.066e+08	0.4844	5.976
2.119e+08	0.4757	5.857
2.156e+08	0.4635	5.675
2.197e+08	0.4584	5.652
2.239e+08	0.4532	5.621
2.279e+08	0.4561	5.645
2.323e+08	0.4373	5.455
2.36e+08	0.4396	5.453
2.413e+08	0.4278	5.384
2.45e+08	0.416	5.26
2.51e+08	0.4145	5.27
2.551e+08	0.4113	5.241
2.601e+08	0.4184	5.31
2.646e+08	0.4148	5.282
2.684e+08	0.4063	5.18
2.745e+08	0.405	5.169
2.788e+08	0.4109	5.206
2.843e+08	0.4136	5.27
2.889e+08	0.4119	5.25
2.928e+08	0.4106	5.217
2.994e+08	0.3917	5.046
3.039e+08	0.396	5.079
3.084e+08	0.3986	5.083
3.143e+08	0.3918	4.974
3.187e+08	0.3924	4.977
3.241e+08	0.3864	4.993
3.293e+08	0.3852	4.998
3.339e+08	0.3821	4.976
3.401e+08	0.38	4.976
3.453e+08	0.3824	5.015
3.498e+08	0.3835	5.028
3.562e+08	0.3813	5.05
3.615e+08	0.3771	5.027
3.662e+08	0.3681	4.904
3.722e+08	0.3633	4.855
3.778e+08	0.3578	4.834
3.827e+08	0.3475	4.737
3.882e+08	0.3443	4.713
3.943e+08	0.3401	4.684
3.995e+08	0.3363	4.601
4.047e+08	0.3371	4.632
4.118e+08	0.3318	4.559
4.173e+08	0.3282	4.514
4.224e+08	0.3215	4.437
4.29e+08	0.3179	4.363
4.352e+08	0.3136	4.334
4.409e+08	0.3135	4.274
4.474e+08	0.3098	4.254
4.555e+08	0.3087	4.274
4.621e+08	0.3054	4.253
4.684e+08	0.3001	4.234
4.778e+08	0.2984	4.219
4.85e+08	0.2954	4.195
4.916e+08	0.2971	4.195
4.981e+08	0.2957	4.186
5.077e+08	0.296	4.207
5.154e+08	0.2977	4.231
5.225e+08	0.294	4.221
5.293e+08	0.2921	4.228
5.374e+08	0.2922	4.26
5.46e+08	0.2853	4.234
5.535e+08	0.2839	4.256
5.606e+08	0.2818	4.23
5.677e+08	0.2818	4.216
5.78e+08	0.2728	4.108
5.855e+08	0.2664	4.065
5.935e+08	0.2638	4.035
6.009e+08	0.2596	3.978
6.082e+08	0.2589	3.975
6.179e+08	0.2514	3.931
6.259e+08	0.2469	3.894
6.344e+08	0.2466	3.902
6.422e+08	0.2454	3.891
6.499e+08	0.2464	3.906
6.575e+08	0.2455	3.894
6.671e+08	0.2455	3.899
6.756e+08	0.2394	3.815
6.845e+08	0.2385	3.814
6.926e+08	0.2386	3.758
7.005e+08	0.2397	3.78
7.085e+08	0.2388	3.777
7.165e+08	0.2353	3.735
7.259e+08	0.2348	3.708
7.351e+08	0.2362	3.718
7.443e+08	0.2339	3.669
7.536e+08	0.232	3.656
7.625e+08	0.2335	3.683
7.713e+08	0.2302	3.637
7.799e+08	0.2314	3.655
7.886e+08	0.2306	3.622
7.974e+08	0.2289	3.611
8.061e+08	0.2272	3.587
8.158e+08	0.227	3.583
8.253e+08	0.2227	3.548
8.351e+08	0.2249	3.568
8.446e+08	0.226	3.58
8.542e+08	0.2247	3.588
8.636e+08	0.2266	3.607
8.736e+08	0.2179	3.461
8.831e+08	0.2175	3.459
8.933e+08	0.2171	3.46
9.026e+08	0.2184	3.468
9.125e+08	0.2145	3.429
9.222e+08	0.2075	3.34
9.319e+08	0.2073	3.334
9.417e+08	0.2043	3.294
9.516e+08	0.198	3.198
9.615e+08	0.196	3.175
9.714e+08	0.1927	3.134
9.814e+08	0.1905	3.114
9.915e+08	0.1905	3.1
1.003e+09	0.1884	3.06
1.016e+09	0.1852	3.038
1.03e+09	0.1863	3.057
1.043e+09	0.1846	3.039
1.056e+09	0.1839	3.035
1.069e+09	0.1816	3.02
1.083e+09	0.1828	3.035
1.097e+09	0.1745	2.929
1.111e+09	0.173	2.897
1.129e+09	0.1744	2.916
1.142e+09	0.174	2.9
1.16e+09	0.1726	2.889
1.174e+09	0.1728	2.907
1.189e+09	0.1708	2.886
1.208e+09	0.1697	2.872
1.221e+09	0.1687	2.872
1.24e+09	0.1695	2.878
1.255e+09	0.1644	2.833
1.27e+09	0.1633	2.831
1.284e+09	0.162	2.817
1.299e+09	0.1605	2.805
1.314e+09	0.1591	2.79
1.332e+09	0.1578	2.768
1.349e+09	0.1561	2.746
1.364e+09	0.1564	2.749
1.38e+09	0.1571	2.746
1.395e+09	0.1592	2.761
1.41e+09	0.1551	2.669
1.43e+09	0.153	2.643
1.444e+09	0.1551	2.655
1.465e+09	0.1548	2.619
1.479e+09	0.154	2.612
1.495e+09	0.1533	2.603
1.511e+09	0.1525	2.604
1.527e+09	0.1525	2.606
1.543e+09	0.1523	2.593
1.559e+09	0.1502	2.574
1.573e+09	0.1514	2.584
1.588e+09	0.1525	2.59
1.604e+09	0.15	2.573
1.624e+09	0.1493	2.556
1.639e+09	0.1474	2.537
1.658e+09	0.1486	2.553
1.677e+09	0.1493	2.566
1.692e+09	0.1489	2.566
1.708e+09	0.1484	2.567
1.725e+09	0.1478	2.547
1.743e+09	0.1479	2.544
1.762e+09	0.1484	2.553
1.779e+09	0.1496	2.557
1.796e+09	0.1473	2.534
1.81e+09	0.1479	2.539
1.827e+09	0.1472	2.54
1.847e+09	0.1442	2.507
1.863e+09	0.1449	2.513
1.881e+09	0.1454	2.514
1.899e+09	0.1465	2.527
1.916e+09	0.1456	2.519
1.935e+09	0.145	2.518
1.951e+09	0.1442	2.49
1.974e+09	0.1429	2.476
1.991e+09	0.142	2.471
2.009e+09	0.14	2.448
2.025e+09	0.1401	2.451
2.043e+09	0.1378	2.429
2.061e+09	0.1381	2.431
2.08e+09	0.1375	2.425
2.096e+09	0.1373	2.418
2.119e+09	0.1355	2.403
2.137e+09	0.1325	2.359
2.156e+09	0.1319	2.349
2.175e+09	0.1324	2.351
2.194e+09	0.1294	2.315
2.211e+09	0.1287	2.301
2.229e+09	0.1286	2.296
2.249e+09	0.128	2.288
2.268e+09	0.1267	2.276
2.288e+09	0.1272	2.275
2.308e+09	0.1231	2.204
2.328e+09	0.1224	2.201
2.349e+09	0.1219	2.197
2.369e+09	0.1229	2.211
2.389e+09	0.1222	2.193
2.407e+09	0.1226	2.197
2.43e+09	0.1189	2.136
2.449e+09	0.1184	2.134
2.469e+09	0.1191	2.133
2.49e+09	0.1175	2.115
2.508e+09	0.1157	2.099
2.528e+09	0.1158	2.098
2.549e+09	0.1164	2.106
2.57e+09	0.1153	2.085
2.592e+09	0.116	2.089
2.613e+09	0.1162	2.091
2.635e+09	0.1129	2.041
2.656e+09	0.1127	2.037
2.678e+09	0.1092	1.872
2.699e+09	0.1078	1.856
2.718e+09	0.1078	1.848
2.742e+09	0.1083	1.851
2.763e+09	0.1086	1.856
2.785e+09	0.1082	1.853
2.806e+09	0.1069	1.836
2.824e+09	0.1071	1.834
2.846e+09	0.1073	1.84
2.868e+09	0.1049	1.82
2.89e+09	0.1041	1.811
2.913e+09	0.1026	1.789
2.932e+09	0.1021	1.79
2.959e+09	0.1017	1.779
2.979e+09	0.1012	1.774
3.002e+09	0.1014	1.773
3.024e+09	0.1005	1.754
3.047e+09	0.0998	1.739
3.071e+09	0.0991	1.728
3.094e+09	0.09914	1.717
3.117e+09	0.09936	1.719
3.139e+09	0.09964	1.726
3.16e+09	0.09898	1.711
3.184e+09	0.09883	1.707
3.208e+09	0.09887	1.707
3.229e+09	0.09907	1.708
3.253e+09	0.09864	1.704
3.276e+09	0.09839	1.703
3.299e+09	0.0982	1.693
3.323e+09	0.09866	1.7
3.347e+09	0.09716	1.684
3.372e+09	0.0957	1.67
3.396e+09	0.09517	1.667
3.421e+09	0.09572	1.672
3.445e+09	0.09638	1.681
3.47e+09	0.09632	1.685
3.491e+09	0.09576	1.666
3.516e+09	0.09457	1.653
3.541e+09	0.09463	1.654
3.562e+09	0.09153	1.586
3.582e+09	0.09201	1.591
3.603e+09	0.0915	1.583
3.626e+09	0.09188	1.589
3.647e+09	0.09149	1.587
3.668e+09	0.08895	1.54
3.69e+09	0.08977	1.546
3.713e+09	0.09037	1.551
3.734e+09	0.09085	1.553
3.755e+09	0.08932	1.535
3.776e+09	0.08969	1.538
3.799e+09	0.09013	1.544
3.82e+09	0.09011	1.546
3.84e+09	0.08998	1.544
3.86e+09	0.08703	1.5
3.883e+09	0.08686	1.497
3.905e+09	0.08711	1.5
3.927e+09	0.08707	1.503
3.947e+09	0.08716	1.506
3.968e+09	0.08713	1.503
3.991e+09	0.08801	1.511
4.014e+09	0.08736	1.5
4.035e+09	0.08832	1.51
4.056e+09	0.08747	1.496
4.077e+09	0.08777	1.499
4.099e+09	0.08806	1.5
4.121e+09	0.08766	1.496
4.144e+09	0.08786	1.497
4.166e+09	0.08717	1.49
4.187e+09	0.0857	1.356
4.208e+09	0.08566	1.353
4.231e+09	0.08584	1.353
4.254e+09	0.08581	1.352
4.278e+09	0.08614	1.359
4.302e+09	0.08719	1.37
4.325e+09	0.08635	1.353
4.348e+09	0.08503	1.342
4.371e+09	0.0837	1.317
4.394e+09	0.08277	1.309
4.417e+09	0.08252	1.306
4.441e+09	0.08083	1.281
4.465e+09	0.07992	1.274
4.487e+09	0.07918	1.267
4.511e+09	0.07949	1.271
4.534e+09	0.07993	1.277
4.558e+09	0.07812	1.254
4.581e+09	0.07885	1.261
4.604e+09	0.07819	1.251
4.627e+09	0.07827	1.252
4.65e+09	0.07851	1.255
4.673e+09	0.07894	1.263
4.697e+09	0.07767	1.254
4.72e+09	0.0777	1.254
4.743e+09	0.07809	1.259
4.767e+09	0.07803	1.257
4.79e+09	0.07819	1.261
4.814e+09	0.07772	1.254
4.838e+09	0.07728	1.252
4.861e+09	0.0773	1.255
4.885e+09	0.07753	1.257
4.909e+09	0.07739	1.251
4.933e+09	0.07802	1.256
4.957e+09	0.07766	1.242
4.98e+09	0.07833	1.246
5.005e+09	0.07743	1.234
5.029e+09	0.07754	1.235
5.053e+09	0.07677	1.23
5.077e+09	0.07686	1.231
5.101e+09	0.0768	1.236
5.126e+09	0.07671	1.233
5.151e+09	0.07734	1.239
5.176e+09	0.07777	1.242
5.2e+09	0.07807	1.242
5.225e+09	0.0789	1.252
5.249e+09	0.07867	1.249
5.274e+09	0.07868	1.249
5.299e+09	0.07931	1.253
5.324e+09	0.07856	1.249
