# iterations	 errorinentropy	 maxerror	(generated with python figs/yaml-multi-comparison.py /home/jordan/weniger-cp-data/ /home/jordan/deft/papers/histogram/data/samc-1e5-256-reference-lndos.dat s000/periodic-ww1.50-ff0.17-N256 256 915 509 true 8 sad-256 wl-256 wl-inv-t-256 samc-1e3-256 samc-1e4-256 samc-1e5-256 samc-1e6-256
0.003906	74.19	274.6
0.007812	74.19	274.6
0.01172	74.19	274.6
0.01562	74.19	274.6
0.02344	74.19	274.6
0.02734	74.19	274.6
0.03906	74.19	274.6
0.05078	74.19	274.6
0.07031	74.19	274.6
0.09375	74.19	274.6
0.125	74.19	274.6
0.1641	74.19	274.6
0.2188	74.19	274.6
0.293	74.19	274.6
0.3906	74.19	274.6
0.5195	74.19	274.6
0.6953	74.19	274.6
0.9258	74.19	274.6
1.234	74.19	274.6
1.648	74.19	274.6
2.195	74.18	274.6
2.93	74.04	274.6
3.906	74.04	274.6
5.211	73.33	273.9
6.945	72.35	273.9
9.262	71.09	273.1
12.35	69.34	272.3
16.47	68.15	271.1
21.96	65.91	265.1
29.29	61.82	260
39.06	60.84	258
52.09	56.26	247.7
69.46	58.12	247.7
92.63	58.02	247.7
123.5	57.75	247.7
164.7	57.81	247.7
219.7	57.81	247.7
292.9	57.81	247.7
390.6	57.81	247.7
520.9	57.81	247.7
694.6	58.86	247.7
926.3	61.22	247.7
1235	61.22	247.7
1647	61.26	247.7
2197	58.61	217.5
2929	51.59	190
3906	44.91	169.1
5209	38.51	161.2
6946	32.57	134
9263	27.59	114.9
1.235e+04	22.98	104.7
1.647e+04	18.7	94.78
2.197e+04	14.74	90.49
2.929e+04	11.06	73.28
3.906e+04	7.672	60.71
5.209e+04	6.404	52.29
6.946e+04	5.181	48.42
9.263e+04	5.181	48.42
1.235e+05	3.982	42.77
1.647e+05	3.918	42.42
2.197e+05	2.378	32.58
2.929e+05	2.519	29.45
3.906e+05	1.736	24.84
5.209e+05	1.656	22.73
6.946e+05	1.49	14.67
9.263e+05	0.4652	10.2
1.235e+06	1.002	6.056
1.647e+06	0.5927	2.958
2.197e+06	0.3542	2.163
2.929e+06	0.5554	2.529
3.906e+06	0.3649	1.842
5.209e+06	0.1337	0.7474
6.946e+06	0.1201	0.5787
9.263e+06	0.3374	1.143
1.235e+07	0.2342	0.951
1.647e+07	0.2681	0.8048
2.197e+07	0.117	0.4383
2.929e+07	0.1959	0.9931
3.906e+07	0.08836	0.5009
5.209e+07	0.1057	0.4462
6.946e+07	0.09357	0.2977
9.263e+07	0.1997	0.7135
1.235e+08	0.1422	0.5223
1.647e+08	0.1489	0.5294
2.197e+08	0.04842	0.1769
2.929e+08	0.04649	0.2282
3.906e+08	0.02262	0.0908
5.209e+08	0.03789	0.1513
6.946e+08	0.04131	0.1512
9.263e+08	0.02905	0.1287
1.235e+09	0.0107	0.04998
1.647e+09	0.03892	0.1365
2.197e+09	0.01766	0.1039
2.929e+09	0.0072	0.04987
3.906e+09	0.01361	0.05915
5.209e+09	0.01126	0.09237
