# iterations	 errorinentropy	 maxerror	(generated with python figs/yaml-multi-comparison.py /home/jordan/weniger-cp-data/ /home/jordan/deft/papers/histogram/data/samc-1e5-256-reference-lndos.dat s000/periodic-ww1.50-ff0.17-N256 256 915 509 true 4 sad-256 wl-256 wl-inv-t-256 samc-1e3-256 samc-1e4-256 samc-1e5-256 samc-1e6-256
0.003906	74.19	274.6
0.007812	74.19	274.6
0.01172	74.19	274.6
0.01562	74.19	274.6
0.02344	74.19	274.6
0.02734	74.19	274.6
0.03906	74.19	274.6
0.05078	74.19	274.6
0.07031	74.19	274.6
0.09375	74.19	274.6
0.125	74.19	274.6
0.1641	74.19	274.6
0.2188	74.19	274.6
0.293	74.19	274.6
0.3906	74.19	274.6
0.5195	74.19	274.6
0.6953	74.19	274.6
0.9258	74.19	274.6
1.234	74.19	274.6
1.648	74.19	274.6
2.195	74.19	274.6
2.93	73.94	274.5
3.906	73.45	273.9
5.211	72.7	273.9
6.945	72.45	273.9
9.262	71.9	273.9
12.35	70.16	270.9
16.47	67.87	267
21.96	65.02	265.2
29.29	62.61	265.2
39.06	63.42	265.2
52.09	63.42	265.2
69.46	69.8	265.2
92.63	78.05	321.7
123.5	75.06	326.4
164.7	87.35	372.5
219.7	96.3	460.7
292.9	98.99	552.5
390.6	141.4	580.6
520.9	187.2	748.2
694.6	209.3	805.3
926.3	282.1	899.5
1235	427.6	1172
1647	496.1	1630
2197	701.4	1960
2929	680.4	2049
3906	800.6	2367
5209	992.5	2788
6946	1111	3137
9263	547.1	1881
1.235e+04	312.1	1262
1.647e+04	242.1	1040
2.197e+04	283.5	1056
2.929e+04	283.5	1056
3.906e+04	273.7	886.6
5.209e+04	187.9	573
6.946e+04	44.77	204.3
9.263e+04	48.16	205.4
1.235e+05	46.73	131.4
1.647e+05	34.04	109.7
2.197e+05	8.296	38.93
2.929e+05	13.09	49.13
3.906e+05	17.04	62.07
5.209e+05	2.737	13.06
6.946e+05	13.94	57.91
9.263e+05	5.19	20.15
1.235e+06	10.87	39.61
1.647e+06	3.279	18.9
2.197e+06	1.899	8.454
2.929e+06	3.084	19.36
3.906e+06	5.19	17.86
5.209e+06	0.8903	5.415
6.946e+06	1.405	5.313
9.263e+06	1.101	5.778
1.235e+07	1.008	3.83
1.647e+07	0.8799	4.573
2.197e+07	2.012	8.258
2.929e+07	0.8768	4.013
3.906e+07	0.6503	2.807
5.209e+07	0.6954	2.607
6.946e+07	0.3952	2.114
9.263e+07	1.664	5.587
1.235e+08	0.8297	2.702
1.647e+08	1.245	5.123
2.197e+08	0.5652	2.073
2.929e+08	0.6683	1.985
3.906e+08	0.375	1.728
5.209e+08	0.375	1.728
6.946e+08	0.375	1.728
9.263e+08	0.375	1.728
1.235e+09	0.205	1.374
1.647e+09	0.1106	0.491
2.197e+09	0.07329	0.4673
2.929e+09	0.05513	0.3302
3.906e+09	0.09384	0.4053
5.209e+09	0.05785	0.4543
6.946e+09	0.04784	0.2757
