# round trips	 doserror
78	462.1
78	96.64
78	149
78	194.4
78	198.6
78	91.8
78	62.85
78	22.94
78	76.84
78	-16.16
78	42.43
78	23.85
78	28.24
78	2.289
78	41.75
78	11.47
78	29.29
78	10.41
78	11.62
78	11.24
78	21.46
78	40.18
78	-1.764
78	-3.99
78	-7.746
78	1.785
78	4.049
78	9.679
78	19.62
78	-9.578
78	-22.96
78	3.513
78	0.08766
78	17.81
78	22.76
78	6.529
78	6.88
78	10.24
78	15.7
78	12.11
78	-5.713
78	-2.301
78	-7.776
78	-3.034
78	-4.045
78	-2.869
78	-7.032
78	-7.71
78	9.623
78	5.502
78	-4.184
78	0.645
78	-4.944
78	3.244
78	-7.86
78	1.287
78	1.287
78	4.089
78	9.134
78	16.57
78	-5.157
78	-0.1417
78	2.408
78	2.499
78	11.76
78	5.325
78	0.1085
78	6.603
78	-9.057
78	4.512
78	9.87
78	1.427
78	2.655
78	-6.521
78	-11.36
78	-4.964
78	-0.7498
78	1.928
78	-1.105
78	-1.941
78	-3.54
78	2.54
78	-1.563
78	2.055
78	3.434
78	-0.8608
78	-4.471
78	0.506
78	8.617
78	10.52
78	-1.48
78	-3.102
78	1.909
78	0.01001
78	0.01001
78	0.01001
78	0.01001
78	0.01001
78	1.599
78	-2.903
78	2.133
78	3.888
78	1.367
78	5.299
78	5.719
78	3.427
78	-5.408
78	-5.658
78	3.581
78	3.235
78	-0.2805
78	5.515
78	-0.5534
78	-3.595
78	4.138
78	4.515
78	3.036
78	-5.712
78	4.659
78	3.496
78	-5.681
78	2.78
78	0.4007
78	7.958
78	5.394
78	6.011
78	-0.04403
78	-0.8184
78	-2.869
78	-1.033
78	1.88
78	4.702
78	2.439
78	1.869
78	-4.301
78	2.895
78	2.691
78	6.721
78	1.172
78	-2.005
78	-3.883
78	1.852
78	-3.797
78	-5.198
78	-1.377
78	-2.96
78	-2.047
78	-2.255
78	-3.618
78	-0.9941
78	1.742
78	-1.763
78	4.63
78	1.82
78	5.432
78	0.02876
78	0.1725
78	-8.305
78	2.161
78	7.104
78	1.989
78	-0.5977
78	1.349
78	-0.9745
78	-0.746
78	-6.925
78	1.859
78	2.737
78	1.492
78	-2.197
78	-3.362
78	-2.561
78	1.289
78	2.034
78	0.3503
78	-0.1221
78	-0.9939
78	-1.679
78	-1.869
78	-1.022
78	2.24
78	0.125
78	-0.7044
78	1.501
78	0.3716
78	-3.592
78	-0.8747
78	3.714
78	-1.932
78	-1.258
78	2.052
78	2.112
78	2.457
78	1.2
78	0.03612
78	-2.539
78	0.4111
78	1.265
78	0.08469
78	-1.115
78	-0.7536
78	1.049
78	1.307
78	1.134
78	0.5485
78	-0.4231
78	2.486
78	0.5556
78	-0.147
78	-0.8147
78	0.4427
78	0.4427
78	0.4427
78	2.399
78	3.326
78	-0.1531
78	4.508
78	1.845
78	1.361
78	-2.183
78	1.496
78	-2.14
78	0.5181
78	-0.7636
78	1.858
78	-0.2385
78	2.158
78	-1.444
78	0.08379
78	-1.297
78	-2.064
78	2.308
78	-0.8794
78	-0.658
78	-3.56
78	0.9693
78	-1.902
78	-5.259
78	-2.54
78	-0.7822
78	-1.767
78	-1.845
78	1.621
78	0.7779
78	0.6281
78	-1.573
78	1.161
78	0.08285
78	1.687
78	0.4287
78	3.78
78	-0.9711
78	1.093
78	-1.251
78	-0.8665
78	-1.806
78	1.326
78	-0.3781
78	-1.33
78	2.673
78	0.5138
78	1.396
78	-1.853
78	-1.785
78	1.235
78	0.4464
78	-0.6343
78	-0.6876
78	0.3627
78	1.581
78	-1.679
78	0.2653
78	1.236
78	0.03583
78	-2.117
78	0.8756
78	-2.452
78	1.356
78	1.769
78	0.07508
78	0.8292
78	0.3894
78	0.5644
78	2.323
78	0.7904
78	0.4263
78	-0.5854
78	-0.8311
78	-2.658
78	-2.406
78	0.1428
78	-0.2656
78	-1.141
78	0.5746
78	0.3979
78	0.6358
78	-0.7413
78	0.1477
78	0.4007
78	0.7549
78	-0.1448
78	-1.496
78	-0.7724
78	-0.6171
78	1.313
78	0.4942
78	-0.9337
78	0.9159
78	0.3864
78	0.08371
78	-4.34
78	1.698
78	-0.4523
78	0.5305
78	1.073
78	1.328
78	-1.082
78	0.4203
78	0.01511
78	-2.928
78	2.257
78	-1.869
78	-0.5002
78	0.3428
78	0.1469
78	0.0008722
78	-0.9558
78	0.2034
78	1.995
78	1.655
78	0.6983
78	-1.187
78	-0.2877
78	-3.103
78	0.7541
78	2.723
78	-2.392
78	1.29
78	1.132
78	1.132
78	1.132
78	1.132
78	1.132
78	1.132
78	1.132
78	1.132
78	1.132
78	1.132
78	1.132
78	1.132
78	1.132
78	1.132
78	1.132
78	1.132
78	0.1678
78	0.7145
78	-0.5586
78	0.4685
78	-0.1441
78	-0.8227
78	0.8738
78	-0.6312
78	0.1216
78	1.26
78	0.3593
78	0.4073
78	-0.734
78	-0.4841
78	0.1671
78	1.017
78	-2.779
78	0.8178
78	0.6484
78	-1.284
78	-0.1653
78	1.387
78	0.9226
78	-2.223
78	-0.6946
78	-1.033
78	-1.909
78	-0.8095
78	0.1283
78	-0.5908
78	-1.885
78	-0.7439
78	-0.2933
78	0.01151
78	0.3814
78	-0.9573
78	0.0005803
78	-0.371
78	0.4573
78	0.5337
78	-1.249
78	1.388
78	-2.577
78	0.7903
78	0.7204
78	0.2207
78	0.771
78	1.559
78	1.233
78	1.348
78	0.0254
78	-0.803
78	-0.3652
78	0.1287
78	-0.1857
78	-0.7437
78	-0.4191
78	1
78	0.7311
78	-1.006
78	-1.378
78	-1.478
78	-2.438
78	0.5015
78	-0.9063
78	0.9749
78	-1.237
78	-0.989
78	-2.527
78	-0.1
78	-1.119
78	-0.716
78	0.7815
78	2.147
78	0.8896
78	0.0807
78	2.119
78	-0.4373
78	-1.647
78	0.9798
78	0.1116
78	2.121
78	-1.562
78	-0.7938
78	-1.88
78	-0.3149
78	0.05305
78	0.3574
78	-0.6132
78	-1.033
78	-0.802
78	0.472
78	-0.4574
78	-0.794
78	-1.383
78	-0.1959
78	-1.955
78	0.4689
78	-1.008
78	-2.571
78	0.2917
78	1.735
78	-0.2224
78	-0.9868
78	-0.7092
78	0.1794
78	-0.6957
78	-0.08474
78	-0.802
78	-1.812
78	-0.1124
78	-1.098
78	1.026
78	-0.4576
78	0.6312
78	-0.6018
78	-0.07271
78	2.378
78	-0.8362
78	0.6471
78	1.52
78	0.3731
78	-0.5317
78	-0.486
78	-0.0592
78	0.7026
78	0.8966
78	0.8966
78	0.8966
78	0.8966
78	0.8966
78	0.8966
78	0.8966
78	0.8966
78	0.8966
78	0.8966
78	0.8966
78	0.8966
78	0.8966
78	0.8966
78	0.8966
78	0.8966
78	0.8966
78	0.8966
78	0.8966
78	0.8966
78	0.8966
78	0.8966
78	0.8966
78	0.7382
78	-0.3237
78	0.1404
78	-0.5067
78	-0.1933
78	0.6548
78	0.3174
78	0.2608
78	-1.443
78	0.6815
78	1.089
78	1.586
78	0.5021
78	0.2247
78	0.2193
78	-0.05436
78	0.8377
78	0.4032
78	0.1941
78	0.114
78	0.2606
78	0.003644
78	-0.8623
78	0.7445
78	-0.3401
78	0.411
78	0.1095
78	-2.187
78	1.27
78	-0.5396
78	0.2879
78	0.2221
78	0.1605
78	-1.327
78	0.4308
78	-0.01388
78	0.2729
78	-0.06818
78	-0.178
78	-1.755
78	-0.03513
78	-1.247
78	-0.6752
78	-0.1494
78	-0.6074
78	-0.6229
78	0.1183
78	0.284
78	0.005241
78	0.6366
78	0.3893
78	1.405
78	-0.06664
78	-0.4398
78	0.6588
78	-1.229
78	0.9627
78	-0.1108
78	0.216
78	-1.227
78	-0.4476
78	-0.7737
78	0.05143
78	0.3213
78	0.2145
78	-0.09923
78	-2.01
78	-0.8832
78	0.4516
78	0.6837
78	0.2742
78	-0.7588
78	0.3655
78	0.5978
78	0.4329
78	0.0118
78	-0.6955
78	-0.2776
78	-0.5328
78	0.2474
78	-1.104
78	0.08559
78	0.1994
78	-0.4536
78	-1.444
78	1.561
78	0.8266
78	-0.02655
78	-0.2612
78	0.5268
78	-0.5141
78	0.02051
78	0.4155
78	0.233
78	0.08869
78	-0.7264
78	0.5334
78	-0.7152
78	1.268
78	1.267
78	-0.6563
78	-1.244
78	-0.2501
78	1.176
78	-1.068
78	-0.2353
78	-0.199
78	0.01972
78	0.4066
78	-0.3381
78	0.897
78	1.365
78	0.7152
78	0.02787
78	0.2117
78	0.9428
78	0.3554
78	-0.3089
78	0.7366
78	-1.419
78	-1.664
78	0.9761
78	0.3157
78	-0.01812
78	-0.4577
78	0.7534
78	0.3238
78	0.07854
78	-0.04308
78	0.1247
78	0.8485
78	-0.4729
78	0.1425
78	-1.031
78	0.3693
78	1.085
78	-0.1297
78	-0.5983
78	-0.3086
78	-0.5786
78	-0.6501
78	-0.1306
78	-0.5262
78	-0.6366
78	-0.3245
78	-1.25
78	0.5347
78	-0.6835
78	-0.5719
78	-1.289
78	0.9922
78	0.4441
78	0.6203
78	0.09558
78	-0.6713
78	-0.1919
78	-0.3094
78	-0.06333
78	-0.1833
78	2.123
78	-0.2555
78	-0.2033
78	1.563
78	-0.4318
78	-0.6105
78	1.042
78	0.2323
78	-0.5753
78	-1.152
78	0.006472
78	-0.5281
78	1.084
78	0.4804
78	0.07971
78	-0.6976
78	-0.1641
78	0.5769
78	1.495
78	0.131
78	0.2333
78	0.09973
78	-0.3067
78	-0.4075
78	-0.5638
78	0.9175
78	-0.1767
78	0.3637
78	0.4566
78	0.383
78	0.8751
78	-0.03007
78	0.1528
78	-0.6311
78	-0.2556
78	-0.1025
78	0.165
78	0.4156
78	-0.7443
78	-0.4783
78	-0.7613
78	0.1913
78	-0.03296
78	-0.3429
78	-0.9301
78	0.2679
78	0.367
78	0.8128
78	-0.1725
78	0.6253
78	-0.8656
78	1.21
78	-0.3979
78	0.5945
78	-0.774
78	-0.03502
78	-0.3139
78	-0.5208
78	-0.5208
78	-0.5208
78	-0.5208
78	-0.5208
78	-0.5208
78	-0.5208
78	-0.5208
78	-0.5208
78	-0.5208
78	-0.5208
78	-0.5208
78	-0.5208
78	-0.5208
78	-0.5208
78	-0.5208
78	-0.5208
78	-0.5208
78	-0.5208
78	-0.5208
78	-0.5208
78	-0.5208
78	-0.5208
78	-0.5208
78	-0.5208
78	-0.5208
78	-0.5208
78	-0.5208
78	-0.5208
78	-0.5208
78	-0.5208
78	-0.5208
78	-0.5208
78	-0.5208
78	-0.5208
78	-0.5208
78	-0.5208
78	-0.5208
78	-0.5208
78	-0.5208
78	-0.5208
78	-0.5208
78	-0.5208
78	-0.5208
78	-0.5208
78	-0.5208
78	-0.5208
78	-0.5208
78	-0.5208
78	-0.5208
78	-0.5208
78	-0.5208
78	-0.5208
78	-0.5208
78	-0.5208
78	-0.5208
78	-0.5208
78	-0.5208
78	-0.5208
78	-0.5208
78	-0.5208
78	-0.5208
78	-0.5208
78	-0.5208
78	-0.5208
78	-0.5208
78	-0.5208
78	-0.5208
78	-0.5208
78	-0.5208
78	-0.5208
78	-0.5208
78	-0.5208
78	-0.5208
78	-0.5208
78	-0.5208
78	-0.5208
78	-0.5208
78	-0.5208
78	-0.5208
78	-0.5208
78	-0.5208
78	-0.5208
78	-0.5208
78	-0.5208
78	-0.5208
78	-0.5208
78	-0.5208
78	-0.5208
78	-0.5208
78	-0.5208
78	-0.5208
78	-0.5208
78	-0.5208
78	-0.5208
78	-0.5208
78	-0.5208
78	-0.5208
78	-0.5208
78	-0.5208
78	-0.5208
78	-0.5208
78	-0.5208
78	-0.5208
78	-0.5208
78	-0.5208
78	-0.5208
78	-0.5208
78	-0.5208
78	-0.5208
78	-0.5208
78	-0.5208
78	-0.5208
78	-0.5208
78	-0.5208
78	-0.5208
78	-0.5208
78	-0.5208
78	-0.5208
78	-0.5208
78	-0.5208
78	-0.5208
78	-0.5208
78	-0.5208
78	-0.5208
78	-0.5208
78	-0.5208
78	-0.5208
78	-0.5208
78	-0.5208
78	-0.5208
78	-0.5208
78	-0.5208
78	-0.5208
78	-0.5208
78	-0.5208
78	-0.5208
78	-0.5208
78	-0.5208
78	-0.5208
78	-0.5208
78	-0.5208
78	-0.5208
78	-0.5208
78	-0.5208
78	-0.5208
78	-0.5208
78	-0.5208
78	-0.5208
78	-0.5208
78	-0.5208
78	-0.5208
78	-0.5208
78	-0.5208
78	-0.5208
78	-0.5208
78	-0.5208
78	-0.5208
78	-0.5208
78	-0.5208
78	-0.5208
78	-0.5208
78	-0.5208
78	-0.5208
78	-0.5208
78	-0.5208
78	-0.5208
78	-0.5208
78	-0.5208
78	-0.5208
78	-0.5208
78	-0.5208
78	-0.5208
78	-0.5208
78	-0.5208
78	-0.5208
78	-0.5208
78	-0.5208
78	-0.5208
78	-0.5208
78	-0.5208
78	-0.5208
78	-0.5208
78	-0.5208
78	-0.5208
78	-0.5208
78	-0.5208
78	-0.5208
78	-0.5208
78	-0.5208
78	-0.5208
78	-0.5208
78	-0.5208
78	-0.5208
78	-0.5208
78	-0.5208
78	-0.5208
78	-0.5208
78	-0.5208
78	-0.5208
78	-0.5208
78	-0.5208
78	-0.5208
78	-0.5208
78	-0.5208
78	-0.5208
78	-0.5208
78	-0.5208
78	-0.5208
78	-0.5208
78	-0.5208
78	-0.5208
78	-0.5208
78	-0.5208
78	-0.5208
78	-0.5208
78	-0.5208
78	-0.5208
78	-0.5208
78	-0.5208
78	-0.5208
78	-0.5208
78	-0.5208
78	-0.5208
78	-0.5208
78	-0.5208
78	-0.5208
78	-0.5208
78	-0.5208
78	-0.5208
78	-0.5208
78	-0.5208
78	-0.5208
78	-0.5208
78	-0.5208
78	-0.5208
78	-0.5208
78	-0.5208
78	-0.5208
78	-0.5208
78	-0.5208
78	-0.5208
78	-0.5208
78	-0.5208
78	-0.5208
78	-0.5208
78	-0.5208
78	-0.5208
78	-0.5208
78	-0.5208
78	-0.5208
78	-0.5208
78	-0.5208
78	-0.5208
78	-0.5208
78	-0.5208
78	-0.5208
78	-0.5208
78	-0.5208
78	-0.5208
78	-0.5208
78	-0.5208
78	-0.5208
78	-0.5208
78	-0.5208
78	-0.5208
78	-0.5208
78	-0.5208
78	-0.5208
78	-0.5208
78	-0.5208
78	-0.5208
78	-0.5208
78	-0.5208
78	-0.5208
78	-0.5208
78	-0.5208
78	-0.5208
78	-0.5208
78	-0.5208
78	-0.5208
78	-0.5208
78	-0.5208
78	-0.5208
78	-0.5208
78	-0.5208
78	-0.5208
78	-0.5208
78	-0.5208
78	-0.5208
78	-0.5208
78	-0.5208
78	-0.5208
78	-0.5208
78	-0.5208
78	-0.5208
78	-0.5208
78	-0.5208
78	-0.5208
78	-0.5208
78	-0.5208
78	-0.5208
78	-0.5208
78	-0.5208
78	-0.5208
78	-0.5208
78	-0.5208
78	-0.5208
78	-0.5208
78	-0.5208
78	-0.5208
78	-0.5208
78	-0.5208
78	-0.5208
78	-0.5208
78	-0.5208
78	-0.5208
78	-0.5208
78	-0.5208
78	-0.5208
78	-0.5208
78	-0.5208
78	-0.5208
78	-0.5208
78	-0.5208
78	-0.5208
78	-0.5208
78	-0.5208
78	-0.5208
78	-0.5208
78	-0.5208
78	-0.5208
78	-0.5208
78	-0.5208
78	-0.5208
78	-0.5208
78	-0.5208
78	-0.5208
78	-0.5208
78	-0.5208
78	-0.5208
78	-0.5208
78	-0.5208
78	-0.5208
78	-0.5208
78	-0.5208
78	-0.5208
78	-0.5208
78	-0.5208
78	-0.5208
78	-0.5208
78	-0.5208
78	-0.5208
78	-0.5208
78	-0.5208
78	-0.5208
78	-0.5208
78	-0.5208
78	-0.5208
78	-0.5208
78	-0.5208
78	-0.5208
78	-0.5208
78	-0.5208
78	-0.5208
78	-0.5208
78	-0.5208
78	-0.5208
78	-0.5208
78	-0.5208
78	-0.5208
78	-0.5208
78	-0.5208
78	-0.5208
78	-0.5208
78	-0.5208
78	-0.5208
78	-0.5208
78	-0.5208
78	-0.5208
78	-0.5208
78	-0.5208
78	-0.5208
78	-0.5208
78	-0.5208
78	-0.5208
78	-0.5208
78	-0.5208
78	-0.5208
78	-0.5208
78	-0.5208
78	-0.5208
78	-0.5208
78	-0.5208
78	-0.5208
78	-0.5208
78	-0.5208
78	-0.5208
78	-0.5208
78	-0.5208
78	-0.5208
78	-0.5208
78	-0.5208
78	-0.5208
78	-0.5208
78	-0.5208
78	-0.5208
78	-0.5208
78	-0.5208
78	-0.5208
78	-0.5208
78	-0.5208
78	-0.5208
78	-0.5208
78	-0.5208
78	-0.5208
78	-0.5208
78	-0.5208
78	-0.5208
78	-0.5208
78	-0.5208
78	-0.5208
78	-0.5208
78	-0.5208
78	-0.5208
78	-0.5208
78	-0.5208
78	-0.5208
78	-0.5208
78	-0.5208
78	-0.5208
78	-0.5208
78	-0.5208
78	-0.5208
78	-0.5208
78	-0.5208
78	-0.5208
78	-0.5208
78	-0.5208
78	-0.5208
78	-0.5208
78	-0.5208
78	-0.5208
78	-0.5208
78	-0.5208
78	-0.5208
78	-0.5208
78	-0.5208
78	-0.5208
78	-0.5208
78	-0.5208
78	-0.5208
78	-0.5208
78	-0.5208
78	-0.5208
78	-0.5208
78	-0.5208
78	-0.5208
78	-0.5208
78	-0.5208
78	-0.5208
78	-0.5208
78	-0.5208
78	-0.5208
78	-0.5208
78	-0.5208
78	-0.5208
78	-0.5208
78	-0.5208
78	-0.5208
78	-0.5208
78	-0.5208
78	-0.5208
78	-0.5208
78	-0.5208
78	-0.5208
78	-0.5208
78	-0.5208
78	-0.5208
78	-0.5208
78	-0.5208
78	-0.5208
78	-0.5208
78	-0.5208
78	-0.5208
78	-0.5208
78	-0.5208
78	-0.5208
78	-0.5208
78	-0.5208
78	-0.5208
78	-0.5208
78	-0.5208
78	-0.5208
78	-0.5208
78	-0.5208
78	-0.5208
78	-0.5208
78	-0.5208
78	-0.5208
78	-0.5208
78	-0.5208
78	-0.5208
78	-0.5208
78	-0.5208
78	-0.5208
78	-0.5208
78	-0.5208
78	-0.5208
78	-0.5208
78	-0.5208
78	-0.5208
78	-0.5208
78	-0.5208
78	-0.5208
78	-0.5208
78	-0.5208
78	-0.5208
78	-0.5208
78	-0.5208
78	-0.5208
78	-0.5208
78	-0.5208
78	-0.5208
78	-0.5208
78	-0.5208
78	-0.5208
78	-0.5208
78	-0.5208
78	-0.5208
78	-0.5208
78	-0.5208
78	-0.5208
78	-0.5208
78	-0.5208
78	-0.5208
78	-0.5208
78	-0.5208
78	-0.5208
78	-0.5208
78	-0.5208
78	-0.5208
78	-0.5208
78	-0.5208
78	-0.5208
78	-0.5208
78	-0.5208
78	-0.5208
78	-0.5208
78	-0.5208
78	-0.5208
78	-0.5208
78	-0.5208
78	-0.5208
78	-0.5208
78	-0.5208
78	-0.5208
78	-0.5208
78	-0.5208
78	-0.5208
78	-0.5208
78	-0.5208
78	-0.5208
78	-0.5208
78	-0.5208
78	-0.5208
78	-0.5208
78	-0.5208
78	-0.5208
78	-0.5208
78	-0.5208
78	-0.5208
78	-0.5208
78	-0.5208
78	-0.5208
78	-0.5208
78	-0.5208
78	-0.5208
78	-0.5208
78	-0.5208
78	-0.5208
78	-0.5208
78	-0.5208
78	-0.5208
78	-0.5208
78	-0.5208
78	-0.5208
78	-0.5208
78	-0.5208
78	-0.5208
78	-0.5208
78	-0.5208
78	-0.5208
78	-0.5208
78	-0.5208
78	-0.5208
78	-0.5208
78	-0.5208
78	-0.5208
78	-0.5208
78	-0.5208
78	-0.5208
78	-0.5208
78	-0.5208
78	-0.5208
78	-0.5208
78	-0.5208
78	-0.5208
78	-0.5208
78	-0.5208
78	-0.5208
78	-0.5208
78	-0.5208
78	-0.5208
78	-0.5208
78	-0.5208
78	-0.5208
78	-0.5208
78	-0.5208
78	-0.5208
78	-0.5208
78	-0.5208
78	-0.5208
78	-0.5208
78	-0.5208
78	-0.5208
78	-0.5208
78	-0.5208
78	-0.5208
78	-0.5208
78	-0.5208
78	-0.5208
78	-0.5208
78	-0.5208
78	-0.5208
78	-0.5208
78	-0.5208
78	-0.5208
78	-0.5208
78	-0.5208
78	-0.5208
78	-0.5208
78	-0.5208
78	-0.5208
78	-0.5208
78	-0.5208
78	-0.5208
78	-0.5208
78	-0.5208
78	-0.5208
78	-0.5208
78	-0.5208
78	-0.5208
78	-0.5208
78	-0.5208
78	-0.5208
78	-0.5208
78	-0.5208
78	-0.5208
78	-0.5208
78	-0.5208
78	-0.5208
78	-0.5208
78	-0.5208
78	-0.5208
78	-0.5208
78	-0.5208
78	-0.5208
78	-0.5208
78	-0.5208
78	-0.5208
78	-0.5208
78	-0.5208
78	-0.5208
78	-0.5208
78	-0.5208
78	-0.5208
78	-0.5208
78	-0.5208
78	-0.5208
78	-0.5208
78	-0.5208
78	-0.5208
78	-0.5208
78	-0.5208
78	-0.5208
78	-0.5208
78	-0.5208
78	-0.5208
78	-0.5208
78	-0.5208
78	-0.5208
78	-0.5208
78	-0.5208
78	-0.5208
78	-0.5208
78	-0.5208
78	-0.5208
78	-0.5208
78	-0.5208
78	-0.5208
78	-0.5208
78	-0.5208
78	-0.5208
78	-0.5208
78	-0.5208
78	-0.5208
78	-0.5208
78	-0.5208
78	-0.5208
78	-0.5208
78	-0.5208
78	-0.5208
78	-0.5208
78	-0.5208
78	-0.5208
78	-0.5208
78	-0.5208
78	-0.5208
78	-0.5208
78	-0.5208
78	-0.5208
78	-0.5208
78	-0.5208
78	-0.5208
78	-0.5208
78	-0.5208
78	-0.5208
78	-0.5208
78	-0.5208
78	-0.5208
78	-0.5208
78	-0.5208
78	-0.5208
78	-0.5208
78	-0.5208
78	-0.5208
78	-0.5208
78	-0.5208
78	-0.5208
78	-0.5208
78	-0.5208
78	-0.5208
78	-0.5208
78	-0.5208
78	-0.5208
78	-0.5208
78	-0.5208
78	-0.5208
78	-0.5208
78	-0.5208
78	-0.5208
78	-0.5208
78	-0.5208
78	-0.5208
78	-0.5208
78	-0.5208
78	-0.5208
78	-0.5208
78	-0.5208
78	-0.5208
78	-0.5208
78	-0.5208
78	-0.5208
78	-0.5208
78	-0.5208
78	-0.5208
78	-0.5208
