0	2.38732e-06	2.38732e-06	1.00003	1.00003	2.38732e-06	1.00003	1.00003
0.0996441	2.38732e-06	2.38732e-06	1.00003	1.00003	2.38732e-06	1.00003	1.00003
0.199288	2.38732e-06	2.38732e-06	1.00003	1.00003	2.38732e-06	1.00003	1.00003
0.298932	2.38732e-06	2.38732e-06	1.00003	1.00003	2.38732e-06	1.00003	1.00003
0.398577	2.38732e-06	2.38732e-06	1.00003	1.00003	2.38732e-06	1.00003	1.00003
0.498221	2.38732e-06	2.38732e-06	1.00003	1.00003	2.38732e-06	1.00003	1.00003
0.597865	2.38732e-06	2.38732e-06	1.00003	1.00003	2.38732e-06	1.00003	1.00003
0.697509	2.38732e-06	2.38732e-06	1.00003	1.00003	2.38732e-06	1.00003	1.00003
0.797153	2.38732e-06	2.38732e-06	1.00003	1.00003	2.38732e-06	1.00003	1.00003
0.896797	2.38732e-06	2.38732e-06	1.00003	1.00003	2.38732e-06	1.00003	1.00003
0.996441	2.38732e-06	2.38732e-06	1.00003	1.00003	2.38732e-06	1.00003	1.00003
1.09609	2.38732e-06	2.38732e-06	1.00003	1.00003	2.38732e-06	1.00003	1.00003
1.19573	2.38732e-06	2.38732e-06	1.00003	1.00003	2.38732e-06	1.00004	1.00003
1.29537	2.38732e-06	2.38732e-06	1.00003	1.00003	2.38732e-06	1.00005	1.00003
1.39502	2.38732e-06	2.38732e-06	1.00003	1.00003	2.38732e-06	1.00009	1.00003
1.49466	2.38732e-06	2.38732e-06	1.00003	1.00003	2.38732e-06	1.00021	1.00003
1.59431	2.38732e-06	2.38732e-06	1.00003	1.00003	2.38732e-06	1.00054	1.00003
1.69395	2.38732e-06	2.38732e-06	1.00003	1.00003	2.38732e-06	1.00142	1.00003
1.79359	2.38732e-06	2.38732e-06	1.00003	1.00003	2.38732e-06	1.00367	1.00003
1.89324	2.38732e-06	2.38732e-06	1.00003	1.00003	2.38732e-06	1.00923	1.00003
1.99288	2.38732e-06	2.38732e-06	1.00003	1.00003	2.38733e-06	1.02249	1.00003
2.09253	2.38732e-06	2.38732e-06	1.00003	1.00003	2.38735e-06	1.05294	1.00003
2.19217	2.38732e-06	2.38732e-06	1.00003	1.00003	2.38744e-06	1.12025	1.00003
2.29181	2.38732e-06	2.38732e-06	1.00003	1.00003	2.38787e-06	1.26349	1.00003
2.39146	2.38732e-06	2.38732e-06	1.00003	1.00003	2.38965e-06	1.55664	1.00003
2.4911	2.38732e-06	2.38732e-06	1.00003	1.00003	2.39651e-06	2.13176	1.00003
2.59075	2.38732e-06	2.38732e-06	1.00003	1.00003	2.42096e-06	3.20258	1.00003
2.69039	2.38732e-06	2.38732e-06	1.00003	1.00003	2.50163e-06	5.03856	1.00003
2.79004	2.38732e-06	2.38732e-06	1.00003	1.00003	2.74791e-06	7.70804	1.00003
2.88968	2.38732e-06	2.38733e-06	1.00004	1.00003	3.44392e-06	10.3939	1.00003
2.98932	2.38732e-06	2.38733e-06	1.00006	1.00003	5.26567e-06	11.3584	1.00003
3.08897	2.38732e-06	2.38735e-06	1.00015	1.00003	9.68413e-06	10.1062	1.00004
3.18861	2.38732e-06	2.38748e-06	1.0006	1.00002	1.9621e-05	7.95479	1.00005
3.28826	2.38732e-06	2.38803e-06	1.00253	1.00002	4.0359e-05	5.99722	1.00009
3.3879	2.38732e-06	2.39039e-06	1.01022	1.00002	8.05612e-05	4.52675	1.00017
3.48754	2.38732e-06	2.39959e-06	1.03825	0.999982	0.000153039	3.48822	1.00033
3.58719	2.38732e-06	2.43289e-06	1.13004	0.999451	0.000274732	2.76484	1.00061
3.68683	2.38732e-06	2.54423e-06	1.38542	0.993873	0.000465367	2.25932	1.00111
3.78648	2.38732e-06	2.88866e-06	1.90516	0.95238	0.000744599	1.90329	1.00193
3.88612	2.38732e-06	3.87464e-06	2.44971	0.780754	0.00112806	1.65089	1.00318
3.98577	2.38732e-06	6.4879e-06	2.47742	0.474811	0.00162337	1.47161	1.00501
4.08541	2.38732e-06	1.29044e-05	2.12672	0.241614	0.00222759	1.34493	1.00753
4.18505	2.38732e-06	2.751e-05	1.82569	0.139535	0.00292699	1.25676	1.01088
4.2847	2.38732e-06	5.83554e-05	1.6574	0.104775	0.00369951	1.19723	1.01511
4.38434	2.38732e-06	0.000118854	1.56687	0.0967612	0.00451897	1.15916	1.02028
4.48399	2.38732e-06	0.000229183	1.51031	0.100381	0.00535965	1.1372	1.02639
4.58363	2.38732e-06	0.000416539	1.46675	0.110402	0.00619984	1.12724	1.03339
4.68327	2.38732e-06	0.000713316	1.42735	0.125099	0.00702375	1.12608	1.04122
4.78292	2.38732e-06	0.00115278	1.38866	0.144124	0.00782161	1.13124	1.04982
4.88256	2.38732e-06	0.00176272	1.34959	0.167752	0.00858873	1.1408	1.05909
4.98221	2.38732e-06	0.00255875	1.31016	0.196577	0.00932398	1.15332	1.06894
5.08185	2.38732e-06	0.0035395	1.27094	0.231349	0.0100284	1.16775	1.07929
5.18149	2.38732e-06	0.00468558	1.23272	0.272855	0.0107043	1.18333	1.09004
5.28114	2.38732e-06	0.00596294	1.19642	0.321779	0.0113542	1.19949	1.10113
5.38078	2.38732e-06	0.00732945	1.16292	0.378557	0.011981	1.21586	1.11248
5.48043	2.38732e-06	0.00874249	1.13304	0.44323	0.0125873	1.23211	1.12401
5.58007	2.38732e-06	0.0101652	1.10744	0.515324	0.0131755	1.24803	1.13566
5.67972	2.38732e-06	0.0115702	1.08661	0.5938	0.013748	1.26342	1.14736
5.77936	2.38732e-06	0.0129396	1.07079	0.677079	0.0143067	1.27814	1.15906
5.879	2.38732e-06	0.0142644	1.06003	0.763145	0.0148533	1.29206	1.17069
5.97865	2.38732e-06	0.0155408	1.05426	0.849676	0.0153895	1.30509	1.1822
6.07829	0.0331407	0.0167684	1.05339	0.934189	0.0159166	1.31716	1.19353
6.17794	0.0320358	0.0179469	1.05752	1.01418	0.0164356	1.32824	1.20462
6.27758	0.031003	0.0190743	1.06687	1.08728	0.0169476	1.3383	1.21543
6.37722	0.0300428	0.0201451	1.08184	1.15142	0.0174532	1.34733	1.22589
6.47687	0.029155	0.0211491	1.10275	1.20507	0.0179531	1.35536	1.23596
6.57651	0.0283394	0.0220708	1.12959	1.24744	0.0184478	1.36239	1.24558
6.67616	0.0275951	0.0228911	1.16178	1.27867	0.0189376	1.36842	1.2547
6.7758	0.0269213	0.0235895	1.19803	1.29978	0.0194227	1.37347	1.26326
6.87544	0.0263167	0.0241488	1.23642	1.31249	0.0199033	1.37751	1.27122
6.97509	0.0257799	0.0245589	1.27464	1.31888	0.0203793	1.38051	1.27853
7.07473	0.0253093	0.0248209	1.31032	1.32099	0.0208501	1.38242	1.28513
7.17438	0.0249029	0.0249476	1.34142	1.32054	0.0213144	1.38322	1.29098
7.27402	0.0245584	0.0249618	1.36652	1.31877	0.0217699	1.38289	1.29604
7.37367	0.024273	0.0248926	1.38499	1.31647	0.0222125	1.38151	1.30028
7.47331	0.0240433	0.0247698	1.39704	1.31407	0.0226358	1.37924	1.30369
7.57295	0.0238653	0.0246205	1.40353	1.31178	0.0230314	1.37635	1.30627
7.6726	0.0237344	0.0244655	1.40572	1.3097	0.0233891	1.37324	1.30805
7.77224	0.0236453	0.0243191	1.40494	1.30786	0.0236982	1.37034	1.30911
7.87189	0.0235923	0.0241896	1.40238	1.30629	0.0239493	1.36806	1.30952
7.97153	0.0235693	0.0240805	1.39894	1.30498	0.0241367	1.3667	1.30942
8.07117	0.02357	0.0239922	1.39521	1.30393	0.0242596	1.3664	1.30894
8.17082	0.0235884	0.0239237	1.39156	1.30312	0.0243229	1.36709	1.3082
8.27046	0.0236188	0.0238726	1.38818	1.30254	0.024336	1.36854	1.30734
8.37011	0.0236563	0.0238366	1.38517	1.30214	0.0243114	1.37042	1.30645
8.46975	0.0236966	0.0238131	1.38257	1.30191	0.0242622	1.37241	1.3056
8.5694	0.0237364	0.0237997	1.38038	1.30181	0.0242003	1.37423	1.30485
8.66904	0.0237733	0.0237943	1.3786	1.30181	0.0241349	1.37571	1.30422
8.76868	0.0238058	0.0237949	1.3772	1.30189	0.0240724	1.37678	1.30371
8.86833	0.0238331	0.0237998	1.37616	1.30202	0.0240166	1.37747	1.30332
8.96797	0.023855	0.0238076	1.37542	1.30218	0.0239691	1.37783	1.30304
9.06762	0.0238716	0.0238169	1.37495	1.30235	0.0239304	1.37797	1.30285
9.16726	0.0238835	0.0238269	1.3747	1.30252	0.0239	1.37796	1.30273
9.2669	0.0238914	0.0238368	1.37463	1.30268	0.023877	1.37785	1.30267
9.36655	0.0238959	0.023846	1.37469	1.30282	0.0238605	1.3777	1.30266
9.46619	0.0238977	0.0238543	1.37485	1.30294	0.0238495	1.37753	1.30267
9.56584	0.0238975	0.0238613	1.37506	1.30304	0.023843	1.37737	1.30271
9.66548	0.0238959	0.0238671	1.37531	1.30312	0.02384	1.37721	1.30277
9.76512	0.0238935	0.0238716	1.37556	1.30318	0.0238397	1.37707	1.30283
9.86477	0.0238905	0.0238749	1.37581	1.30322	0.0238414	1.37694	1.30289
9.96441	0.0238873	0.0238772	1.37603	1.30324	0.0238444	1.37683	1.30295
10.0641	0.0238842	0.0238786	1.37622	1.30326	0.0238483	1.37674	1.30301
10.1637	0.0238814	0.0238792	1.37638	1.30326	0.0238525	1.37666	1.30306
10.2633	0.0238788	0.0238794	1.37651	1.30325	0.0238567	1.3766	1.3031
10.363	0.0238766	0.0238791	1.3766	1.30325	0.0238608	1.37656	1.30313
10.4626	0.0238749	0.0238785	1.37667	1.30323	0.0238644	1.37653	1.30315
10.5623	0.0238735	0.0238778	1.37672	1.30322	0.0238676	1.37651	1.30317
10.6619	0.0238725	0.023877	1.37674	1.30321	0.0238702	1.3765	1.30318
10.7616	0.0238718	0.0238763	1.37675	1.30319	0.0238722	1.3765	1.30319
10.8612	0.0238714	0.0238755	1.37674	1.30318	0.0238738	1.3765	1.30319
10.9609	0.0238713	0.0238749	1.37673	1.30317	0.0238748	1.37651	1.30319
11.0605	0.0238713	0.0238743	1.37672	1.30317	0.0238755	1.37652	1.30319
11.1601	0.0238714	0.0238738	1.3767	1.30316	0.0238759	1.37653	1.30319
11.2598	0.0238716	0.0238735	1.37668	1.30315	0.023876	1.37654	1.30318
11.3594	0.0238719	0.0238732	1.37666	1.30315	0.0238759	1.37656	1.30318
11.4591	0.0238722	0.023873	1.37664	1.30315	0.0238757	1.37657	1.30317
11.5587	0.0238724	0.0238729	1.37662	1.30315	0.0238754	1.37658	1.30317
11.6584	0.0238727	0.0238729	1.37661	1.30315	0.023875	1.37658	1.30316
11.758	0.0238729	0.0238729	1.3766	1.30315	0.0238747	1.37659	1.30316
11.8577	0.0238731	0.0238729	1.37659	1.30315	0.0238744	1.37659	1.30316
11.9573	0.0238733	0.0238729	1.37658	1.30315	0.0238741	1.3766	1.30316
12.0569	0.0238734	0.023873	1.37658	1.30315	0.0238738	1.3766	1.30316
12.1566	0.0238735	0.0238731	1.37658	1.30315	0.0238736	1.3766	1.30315
12.2562	0.0238736	0.0238731	1.37658	1.30315	0.0238734	1.3766	1.30315
12.3559	0.0238736	0.0238732	1.37658	1.30315	0.0238733	1.3766	1.30315
12.4555	0.0238736	0.0238732	1.37658	1.30316	0.0238732	1.3766	1.30315
12.5552	0.0238736	0.0238733	1.37658	1.30316	0.0238731	1.3766	1.30315
12.6548	0.0238736	0.0238733	1.37658	1.30316	0.0238731	1.3766	1.30315
12.7544	0.0238735	0.0238733	1.37658	1.30316	0.0238731	1.37659	1.30315
12.8541	0.0238735	0.0238734	1.37658	1.30316	0.0238731	1.37659	1.30315
12.9537	0.0238735	0.0238734	1.37659	1.30316	0.0238731	1.37659	1.30315
13.0534	0.0238734	0.0238734	1.37659	1.30316	0.0238732	1.37659	1.30316
13.153	0.0238734	0.0238734	1.37659	1.30316	0.0238732	1.37659	1.30316
13.2527	0.0238733	0.0238734	1.37659	1.30316	0.0238732	1.37659	1.30316
13.3523	0.0238733	0.0238733	1.37659	1.30316	0.0238732	1.37659	1.30316
13.452	0.0238733	0.0238733	1.37659	1.30316	0.0238733	1.37659	1.30316
13.5516	0.0238732	0.0238733	1.37659	1.30316	0.0238733	1.37659	1.30316
13.6512	0.0238732	0.0238733	1.37659	1.30316	0.0238733	1.37659	1.30316
13.7509	0.0238732	0.0238733	1.37659	1.30316	0.0238733	1.37659	1.30316
13.8505	0.0238732	0.0238733	1.37659	1.30316	0.0238733	1.37659	1.30316
