0	2.38732e-06	0.000118286	5.25237	1.00089	0.0162585	0.51042	1.06475
0.0995025	2.38732e-06	0.000133609	4.86863	0.877098	0.0162722	0.513769	1.06562
0.199005	2.38732e-06	0.000183721	4.10514	0.660199	0.0163124	0.52372	1.06819
0.298507	2.38732e-06	0.000281068	3.43312	0.504348	0.0163775	0.539996	1.07233
0.39801	2.38732e-06	0.000446184	2.95099	0.417004	0.0164646	0.562164	1.07786
0.497512	2.38732e-06	0.000706498	2.60966	0.372143	0.0165706	0.589664	1.08456
0.597015	2.38732e-06	0.00109339	2.35729	0.352344	0.0166922	0.621852	1.09219
0.696517	2.38732e-06	0.00163716	2.16109	0.348696	0.0168266	0.65803	1.10053
0.79602	2.38732e-06	0.00236049	2.00188	0.356823	0.0169715	0.69748	1.10939
0.895522	2.38732e-06	0.00327209	1.86839	0.374598	0.0171249	0.739488	1.11861
0.995025	2.38732e-06	0.00436252	1.7538	0.401006	0.0172857	0.783352	1.12804
1.09453	2.38732e-06	0.005604	1.65392	0.435556	0.0174531	0.8284	1.1376
1.19403	2.38732e-06	0.00695465	1.56609	0.477914	0.0176268	0.87399	1.14721
1.29353	2.38732e-06	0.00836582	1.48864	0.527659	0.0178066	0.919514	1.15679
1.39303	2.38732e-06	0.00979023	1.42048	0.584116	0.0179923	0.964398	1.16629
1.49254	2.38732e-06	0.0111887	1.36089	0.646264	0.0181841	1.00811	1.17569
1.59204	2.38732e-06	0.0125336	1.30935	0.712737	0.0183819	1.05017	1.18494
1.69154	2.38732e-06	0.0138093	1.26536	0.781894	0.0185857	1.09016	1.19402
1.79104	2.38732e-06	0.0150102	1.22836	0.851948	0.0187954	1.12771	1.2029
1.89055	2.38732e-06	0.0161375	1.19778	0.921107	0.019011	1.16255	1.21155
1.99005	2.38732e-06	0.0171965	1.17302	0.987683	0.0192324	1.19448	1.21996
2.08955	0.0299244	0.0181931	1.15365	1.05016	0.0194592	1.2234	1.22809
2.18905	0.0292147	0.0191328	1.13947	1.10723	0.0196913	1.24924	1.23595
2.28856	0.0285518	0.0200183	1.13058	1.15781	0.0199284	1.27203	1.24349
2.38806	0.0279355	0.0208488	1.12737	1.20108	0.0201704	1.29181	1.25071
2.48756	0.0273652	0.0216192	1.13025	1.23659	0.0204171	1.30868	1.25758
2.58706	0.0268405	0.0223198	1.13946	1.26429	0.0206683	1.32271	1.26408
2.68657	0.0263609	0.022938	1.15473	1.28461	0.0209238	1.33402	1.27019
2.78607	0.0259257	0.0234605	1.17512	1.29843	0.0211833	1.34268	1.27589
2.88557	0.0255343	0.0238767	1.19901	1.30697	0.0214465	1.34879	1.28115
2.98507	0.0251859	0.0241818	1.22432	1.31155	0.0217128	1.35244	1.28595
3.08458	0.0248796	0.0243793	1.24887	1.31341	0.0219812	1.35376	1.29026
3.18408	0.0246142	0.0244809	1.27073	1.31359	0.0222505	1.3529	1.29408
3.28358	0.0243884	0.0245047	1.28858	1.31283	0.0225185	1.35004	1.29737
3.38308	0.0242004	0.0244722	1.30183	1.31161	0.0227822	1.34548	1.30014
3.48259	0.0240481	0.0244044	1.31062	1.31021	0.023037	1.33957	1.30237
3.58209	0.023929	0.0243193	1.31561	1.30882	0.0232773	1.33278	1.30407
3.68159	0.0238399	0.0242301	1.31772	1.30752	0.0234964	1.32563	1.30528
3.78109	0.0237776	0.0241457	1.31789	1.30636	0.0236872	1.31865	1.30604
3.8806	0.0237382	0.024071	1.3169	1.30536	0.0238438	1.31234	1.3064
3.9801	0.023718	0.0240079	1.31533	1.30454	0.0239626	1.30707	1.30644
4.0796	0.0237128	0.0239567	1.31352	1.30388	0.0240431	1.30304	1.30624
4.1791	0.023719	0.0239165	1.31169	1.30338	0.0240881	1.30029	1.30589
4.27861	0.023733	0.0238862	1.30996	1.30301	0.0241035	1.29869	1.30545
4.37811	0.0237518	0.0238644	1.30838	1.30276	0.0240965	1.29801	1.30499
4.47761	0.0237727	0.0238497	1.30699	1.3026	0.0240748	1.29799	1.30455
4.57711	0.0237939	0.0238407	1.3058	1.30252	0.0240453	1.29838	1.30415
4.67662	0.0238138	0.0238362	1.3048	1.3025	0.0240131	1.29899	1.30381
4.77612	0.0238316	0.0238352	1.304	1.30252	0.0239818	1.29967	1.30354
4.87562	0.0238467	0.0238368	1.30337	1.30258	0.0239535	1.30034	1.30333
4.97512	0.0238589	0.02384	1.30291	1.30265	0.0239292	1.30096	1.30317
5.07463	0.0238684	0.0238443	1.3026	1.30273	0.0239091	1.30151	1.30306
5.17413	0.0238754	0.0238491	1.3024	1.30282	0.0238931	1.30198	1.30299
5.27363	0.0238802	0.0238539	1.30231	1.3029	0.0238807	1.30238	1.30295
5.37313	0.0238831	0.0238585	1.30229	1.30297	0.0238717	1.3027	1.30293
5.47264	0.0238846	0.0238627	1.30233	1.30303	0.0238653	1.30296	1.30293
5.57214	0.023885	0.0238663	1.3024	1.30308	0.0238613	1.30316	1.30295
5.67164	0.0238846	0.0238693	1.30251	1.30313	0.0238591	1.3033	1.30297
5.77114	0.0238836	0.0238716	1.30262	1.30316	0.0238584	1.30339	1.303
5.87065	0.0238823	0.0238734	1.30273	1.30318	0.0238587	1.30345	1.30302
5.97015	0.0238808	0.0238746	1.30283	1.30319	0.0238598	1.30347	1.30305
6.06965	0.0238793	0.0238754	1.30293	1.3032	0.0238613	1.30347	1.30308
6.16915	0.0238778	0.0238759	1.30301	1.3032	0.0238631	1.30345	1.3031
6.26866	0.0238765	0.023876	1.30308	1.3032	0.023865	1.30341	1.30312
6.36816	0.0238754	0.023876	1.30313	1.3032	0.0238669	1.30338	1.30314
6.46766	0.0238744	0.0238757	1.30317	1.30319	0.0238686	1.30333	1.30315
6.56716	0.0238737	0.0238754	1.30319	1.30319	0.0238701	1.30329	1.30316
6.66667	0.0238731	0.0238751	1.30321	1.30318	0.0238713	1.30326	1.30316
6.76617	0.0238727	0.0238747	1.30322	1.30317	0.0238723	1.30322	1.30317
6.86567	0.0238724	0.0238743	1.30322	1.30317	0.0238731	1.3032	1.30317
6.96517	0.0238722	0.023874	1.30322	1.30316	0.0238737	1.30317	1.30317
7.06468	0.0238722	0.0238737	1.30321	1.30316	0.023874	1.30316	1.30317
7.16418	0.0238722	0.0238735	1.30321	1.30316	0.0238743	1.30314	1.30317
7.26368	0.0238722	0.0238733	1.3032	1.30315	0.0238743	1.30313	1.30317
7.36318	0.0238723	0.0238731	1.30319	1.30315	0.0238743	1.30313	1.30316
7.46269	0.0238725	0.023873	1.30318	1.30315	0.0238743	1.30313	1.30316
7.56219	0.0238726	0.023873	1.30317	1.30315	0.0238742	1.30313	1.30316
7.66169	0.0238727	0.0238729	1.30317	1.30315	0.023874	1.30313	1.30316
7.76119	0.0238728	0.0238729	1.30316	1.30315	0.0238739	1.30313	1.30316
7.8607	0.023873	0.0238729	1.30316	1.30315	0.0238737	1.30314	1.30316
7.9602	0.0238731	0.023873	1.30315	1.30315	0.0238736	1.30314	1.30315
8.0597	0.0238731	0.023873	1.30315	1.30315	0.0238735	1.30314	1.30315
8.1592	0.0238732	0.023873	1.30315	1.30315	0.0238734	1.30315	1.30315
8.25871	0.0238733	0.0238731	1.30315	1.30315	0.0238733	1.30315	1.30315
8.35821	0.0238733	0.0238731	1.30315	1.30315	0.0238732	1.30315	1.30315
8.45771	0.0238733	0.0238731	1.30315	1.30315	0.0238732	1.30315	1.30315
8.55721	0.0238733	0.0238732	1.30315	1.30315	0.0238732	1.30315	1.30315
8.65672	0.0238733	0.0238732	1.30315	1.30315	0.0238731	1.30316	1.30315
8.75622	0.0238733	0.0238732	1.30315	1.30316	0.0238731	1.30316	1.30315
8.85572	0.0238733	0.0238732	1.30315	1.30316	0.0238731	1.30316	1.30315
8.95522	0.0238733	0.0238733	1.30315	1.30316	0.0238731	1.30316	1.30315
9.05473	0.0238733	0.0238733	1.30315	1.30316	0.0238732	1.30316	1.30315
9.15423	0.0238733	0.0238733	1.30315	1.30316	0.0238732	1.30316	1.30315
9.25373	0.0238733	0.0238733	1.30315	1.30316	0.0238732	1.30316	1.30315
9.35323	0.0238733	0.0238733	1.30315	1.30316	0.0238732	1.30316	1.30316
9.45274	0.0238733	0.0238733	1.30316	1.30316	0.0238732	1.30316	1.30316
9.55224	0.0238733	0.0238733	1.30316	1.30316	0.0238732	1.30316	1.30316
9.65174	0.0238733	0.0238733	1.30316	1.30316	0.0238732	1.30316	1.30316
9.75124	0.0238733	0.0238733	1.30316	1.30316	0.0238733	1.30316	1.30316
9.85075	0.0238733	0.0238733	1.30316	1.30316	0.0238733	1.30316	1.30316
