0	0.0239282	0.0325656	0.0189547	0.0319404	0.0231824	0.0314517	0.0267913	0.0308673	0.0310561	0.0238932	0.0238716
0.337073	0.0238834	0.032943	0.0303768	0.0323977	0.0324481	0.0320047	0.0319224	0.0312868	0.0310617	0.0238953	0.0238754
0.469527	0.0239257	0.0303151	0.0267881	0.0305576	0.0292511	0.0304914	0.0293129	0.0307756	0.0308646	0.0238904	0.0238784
0.592031	0.0238567	0.0351514	0.0318783	0.0325318	0.0315265	0.0314509	0.0320105	0.0309599	0.0310157	0.0238916	0.0238797
0.709356	0.023883	0.0301489	0.0313622	0.0305403	0.0321929	0.0304975	0.0308758	0.030873	0.0311136	0.0238905	0.0238804
0.823387	0.0238879	0.0309599	0.0346305	0.0314354	0.0328695	0.031357	0.0320729	0.0311962	0.0312991	0.0238891	0.0238816
0.935097	0.0238714	0.0305895	0.0311559	0.0313261	0.0321632	0.0306666	0.0317328	0.0310221	0.0311351	0.0238877	0.0238819
1.04507	0.0239049	0.0313672	0.0323017	0.0305987	0.0309543	0.030741	0.0310698	0.0310127	0.0309711	0.0238854	0.023882
1.15367	0.0239055	0.030937	0.0311872	0.0308184	0.0307495	0.030682	0.0308973	0.0309746	0.0310853	0.0238841	0.0238816
1.26118	0.0239093	0.0307391	0.0308774	0.0312295	0.0305477	0.0311295	0.0306034	0.0309217	0.0309159	0.023883	0.0238816
1.36777	0.0238892	0.0301411	0.0316523	0.0313457	0.0311529	0.0310993	0.0309137	0.031043	0.0308645	0.0238834	0.0238817
1.47359	0.0238806	0.0308676	0.0284036	0.0306861	0.0310032	0.0305908	0.0305098	0.0310053	0.0308138	0.0238826	0.0238816
1.57875	0.0238923	0.0314733	0.0317917	0.0316905	0.0312049	0.0312486	0.0314789	0.0310016	0.0312389	0.0238831	0.0238822
1.68333	0.0238795	0.0297985	0.0319	0.0313794	0.0312161	0.0312375	0.031144	0.0311746	0.0309916	0.023883	0.0238825
1.7874	0.0238735	0.0305051	0.029153	0.0310172	0.0310426	0.031021	0.0309725	0.0310033	0.0311074	0.0238828	0.0238828
1.89103	0.0238779	0.031334	0.0312608	0.0314042	0.0309579	0.0311838	0.0307762	0.0310499	0.0310401	0.0238824	0.0238828
1.99426	0.0238643	0.0310878	0.0307913	0.0313924	0.0310046	0.0312474	0.0310568	0.0310387	0.0310218	0.023882	0.023883
2.09712	0.0238685	0.0315836	0.0305308	0.0308627	0.0309532	0.0306418	0.0307213	0.0310295	0.0309814	0.0238813	0.0238828
2.19966	0.0238765	0.03065	0.0299051	0.0311763	0.0313045	0.0310674	0.0310872	0.0310197	0.0309748	0.0238806	0.0238828
2.30189	0.0238905	0.0313435	0.0307393	0.0315156	0.0313884	0.0312877	0.0310685	0.0310591	0.0310411	0.0238798	0.0238826
2.40386	0.0238812	0.0311237	0.031549	0.0310696	0.0314409	0.0310199	0.0311262	0.0309901	0.0309755	0.0238797	0.0238824
2.50557	0.0238907	0.0307878	0.0309995	0.0310949	0.0315336	0.0312712	0.0312453	0.0310429	0.0310891	0.02388	0.0238822
2.60705	0.0238808	0.0310168	0.0312371	0.0309956	0.0313702	0.0310557	0.0312379	0.0310192	0.0311594	0.0238801	0.0238823
2.70832	0.0238787	0.0303584	0.031574	0.0310082	0.0310965	0.0309947	0.0309415	0.0310154	0.0309744	0.0238805	0.0238826
2.80938	0.0238783	0.0306881	0.0321135	0.031111	0.0311527	0.0310992	0.0311559	0.0310081	0.0309888	0.0238809	0.0238831
2.91026	0.0238763	0.0310899	0.030496	0.0310271	0.031017	0.0310241	0.0308612	0.0309721	0.0309643	0.0238812	0.0238833
3.01097	0.0238787	0.030903	0.0306667	0.0311195	0.0308806	0.0310887	0.0312061	0.0309944	0.0309737	0.023882	0.0238835
3.11151	0.0238781	0.0313921	0.0311142	0.0313415	0.0310133	0.0310526	0.0311352	0.0309711	0.0310066	0.0238822	0.0238834
3.21189	0.0238782	0.0312185	0.0316254	0.031062	0.031355	0.0310216	0.031397	0.0309918	0.0310556	0.0238825	0.0238835
3.31213	0.0238859	0.0314967	0.031061	0.0312048	0.031149	0.0312237	0.0309121	0.0310143	0.0310224	0.0238824	0.0238833
3.41224	0.0238836	0.0311751	0.030157	0.0313315	0.0309956	0.0311572	0.0309877	0.0310151	0.0310107	0.023882	0.0238832
3.51221	0.0238873	0.0307643	0.0313124	0.0311466	0.0311885	0.0311896	0.0310777	0.0310654	0.0310809	0.023882	0.0238833
3.61206	0.0238849	0.0311125	0.0308622	0.0310575	0.0314737	0.0310679	0.0313322	0.0309616	0.0310346	0.0238819	0.0238833
3.7118	0.0238842	0.031154	0.0311575	0.0310095	0.0310435	0.0309568	0.0311512	0.0310391	0.0309771	0.0238826	0.0238834
3.81142	0.0238833	0.0308172	0.0312537	0.0313998	0.031193	0.0311976	0.0309988	0.031046	0.0309238	0.0238833	0.0238835
3.91094	0.0238863	0.031305	0.0308452	0.0310672	0.0309806	0.0311683	0.0309451	0.0310541	0.0309958	0.0238838	0.0238835
4.01036	0.0238813	0.0315877	0.0323195	0.0311656	0.0312349	0.0311974	0.0311562	0.0310802	0.0309905	0.0238843	0.0238837
4.10969	0.0238835	0.0312508	0.0307053	0.0312858	0.0307694	0.0311813	0.0309967	0.0310237	0.030927	0.0238845	0.0238839
4.20892	0.0238797	0.0313453	0.0308007	0.0311154	0.0311729	0.03106	0.0311422	0.0310279	0.0310447	0.023885	0.0238839
4.30806	0.023881	0.0311671	0.0311248	0.0309947	0.0311283	0.0310598	0.0310298	0.0309876	0.0310358	0.0238852	0.0238839
4.40712	0.0238799	0.0312345	0.0308207	0.0312164	0.0310206	0.030991	0.0311252	0.0310447	0.0310811	0.0238851	0.023884
4.5061	0.0238808	0.0310868	0.0311484	0.031036	0.0309533	0.0310398	0.0309152	0.0309976	0.031043	0.0238851	0.023884
4.605	0.0238867	0.0311634	0.0309525	0.0309923	0.0310694	0.0310132	0.0310759	0.0310034	0.0310867	0.0238851	0.0238841
4.70382	0.0238931	0.0314478	0.0313331	0.0311885	0.0310599	0.0311488	0.0311626	0.0310022	0.0310538	0.023885	0.0238842
4.80258	0.02389	0.0313194	0.0314307	0.0310872	0.0312307	0.031135	0.0311483	0.03105	0.0310399	0.023885	0.0238842
4.90127	0.0238891	0.0307854	0.0317448	0.0311382	0.0311901	0.0311141	0.0311976	0.0310059	0.0310709	0.0238849	0.0238843
4.99988	0.0238854	0.0309662	0.0308775	0.0309773	0.0310971	0.0310621	0.0310979	0.0310135	0.0309884	0.0238848	0.0238845
5.09844	0.023887	0.0312664	0.0312115	0.0310438	0.0311893	0.0311973	0.0312499	0.0310298	0.0310684	0.0238849	0.0238846
5.19693	0.0238894	0.0311687	0.0311595	0.0311264	0.0312532	0.0310717	0.03125	0.031023	0.0310459	0.0238847	0.0238848
5.29537	0.0238857	0.0310948	0.0308883	0.031083	0.0311161	0.0311531	0.031019	0.0310368	0.0310153	0.0238848	0.0238849
5.39374	0.0238801	0.031347	0.0306976	0.0312316	0.0309983	0.0312059	0.0310865	0.0310261	0.0309714	0.0238851	0.023885
5.49206	0.0238876	0.0312961	0.0317857	0.0310906	0.0313772	0.0310584	0.0312725	0.031008	0.0310295	0.0238853	0.023885
5.59033	0.0238853	0.0307996	0.0318114	0.0311574	0.0313146	0.0312218	0.0311733	0.0310309	0.0309856	0.0238855	0.0238851
5.68854	0.0238835	0.030959	0.03133	0.0312108	0.0312205	0.0311383	0.0311605	0.031022	0.0310093	0.0238854	0.0238852
5.78671	0.0238817	0.0314915	0.0314634	0.0313066	0.0312249	0.0311996	0.0311059	0.0310598	0.0310171	0.0238849	0.0238855
5.88482	0.0238822	0.0313313	0.031118	0.0311603	0.0311231	0.0311117	0.031164	0.0309982	0.0310385	0.0238847	0.0238858
5.98288	0.0238844	0.0311354	0.0312785	0.0311785	0.0311349	0.0310664	0.0310762	0.0310088	0.0310031	0.0238846	0.023886
6.0809	0.0238832	0.0312579	0.0315402	0.0311522	0.0313193	0.0311261	0.0311584	0.0310063	0.0309926	0.0238846	0.0238863
6.17888	0.0238814	0.0314279	0.031025	0.0312073	0.0310183	0.0311506	0.0311347	0.0310095	0.0310127	0.0238846	0.0238865
6.27681	0.023884	0.0310686	0.031296	0.0311167	0.0312568	0.0310724	0.0311707	0.0310004	0.0310032	0.0238846	0.0238869
6.3747	0.0238876	0.031165	0.0310375	0.0310459	0.0311251	0.0310555	0.0311351	0.0309916	0.0310116	0.0238849	0.0238873
6.47255	0.0238863	0.0311893	0.0310448	0.0311498	0.0311516	0.0311148	0.0311855	0.0310339	0.031066	0.023885	0.0238875
6.57035	0.0238865	0.031221	0.0310186	0.0312498	0.0310601	0.031186	0.0311006	0.0310017	0.0309848	0.023885	0.0238878
6.66812	0.0238837	0.0314194	0.0310088	0.0312033	0.031116	0.0311336	0.0310566	0.0310295	0.0310213	0.0238853	0.0238878
6.76585	0.0238825	0.031344	0.0313101	0.0311876	0.0311358	0.0311655	0.0311771	0.0310208	0.0310073	0.0238857	0.0238878
6.86354	0.0238863	0.0311783	0.0309917	0.0310971	0.0309899	0.031074	0.030998	0.0310156	0.031001	0.0238862	0.0238879
6.9612	0.023884	0.030976	0.0313423	0.0311046	0.0310969	0.0311567	0.0309288	0.0309984	0.0309566	0.0238868	0.0238879
7.05882	0.0238862	0.0312673	0.031137	0.031155	0.0310647	0.0311493	0.0310576	0.0310415	0.0309845	0.0238872	0.0238879
7.15641	0.0238883	0.0307046	0.030955	0.0309997	0.0311107	0.031044	0.0311782	0.0310139	0.0310423	0.0238876	0.0238879
7.25396	0.0238863	0.0307346	0.0308284	0.0309973	0.0310434	0.0310757	0.0310786	0.0310148	0.0310225	0.0238883	0.0238879
7.35148	0.0238881	0.0311669	0.0309621	0.0310204	0.0311624	0.0310668	0.0310651	0.0310149	0.0309894	0.0238888	0.023888
7.44897	0.0238854	0.030943	0.0308208	0.0311272	0.0309839	0.0310338	0.0309559	0.0310172	0.031043	0.0238891	0.0238881
7.54642	0.0238879	0.0307659	0.0306781	0.0310246	0.0310579	0.0310588	0.0310696	0.0310131	0.0310052	0.0238894	0.0238881
7.64385	0.0238891	0.0311553	0.0310832	0.0311965	0.031137	0.0311499	0.0311582	0.0310246	0.0310309	0.0238896	0.0238881
7.74125	0.0238909	0.0310421	0.0313424	0.0310483	0.0312135	0.0309881	0.0311342	0.031002	0.0310194	0.0238898	0.0238882
7.83861	0.0238963	0.0312968	0.0311267	0.0310413	0.0310789	0.0310061	0.0311902	0.0310189	0.031056	0.0238901	0.0238884
7.93595	0.0238908	0.030985	0.0307392	0.0311325	0.0309886	0.0311039	0.0311025	0.0310283	0.0310313	0.0238903	0.0238885
8.03326	0.023893	0.0308511	0.0313143	0.0310527	0.0310344	0.0311196	0.0310704	0.0310332	0.0310458	0.0238903	0.0238885
8.13055	0.0238911	0.0312102	0.0311945	0.0311219	0.0311384	0.0311165	0.0311622	0.0309976	0.0310099	0.0238904	0.0238887
8.2278	0.0238968	0.0308705	0.03115	0.0311254	0.0311025	0.031104	0.0311386	0.03101	0.0310165	0.0238904	0.0238889
8.32503	0.0238943	0.0312949	0.0309567	0.0311998	0.0310491	0.03113	0.0309702	0.0310179	0.0310061	0.0238905	0.023889
8.42224	0.0238911	0.0310688	0.0312417	0.0310921	0.031193	0.0311337	0.031147	0.031032	0.0310265	0.0238904	0.0238891
8.51942	0.0238931	0.0309988	0.0314777	0.0310003	0.0311576	0.031078	0.0310791	0.0310318	0.0310198	0.0238906	0.0238893
8.61657	0.0238894	0.0309518	0.0307669	0.0310231	0.0311129	0.0310885	0.0310858	0.0309881	0.0310078	0.0238904	0.0238894
8.7137	0.0238898	0.0311424	0.0310205	0.0311499	0.0309545	0.0311078	0.0309796	0.0310322	0.0310094	0.0238903	0.0238896
8.81081	0.0238905	0.0311608	0.0309982	0.0310825	0.0310846	0.0310792	0.0310649	0.0310311	0.031015	0.0238902	0.0238898
8.90789	0.0238888	0.0311033	0.0311288	0.0311122	0.0310934	0.0311236	0.0311162	0.0310138	0.0310514	0.0238899	0.0238898
9.00495	0.0238863	0.03096	0.0311815	0.0310788	0.0311028	0.0310645	0.0310561	0.0310257	0.0310143	0.0238897	0.0238898
9.10199	0.0238897	0.0311742	0.0307861	0.0310903	0.031123	0.0310993	0.0311814	0.0310422	0.0310456	0.0238897	0.0238898
9.19901	0.0238876	0.0313858	0.0311172	0.0311387	0.0311172	0.0310916	0.0310757	0.0310395	0.0310522	0.0238896	0.0238896
9.296	0.0238898	0.0312233	0.031052	0.0311311	0.0310261	0.0310581	0.0311043	0.0310139	0.0310169	0.0238894	0.0238894
9.39298	0.0238868	0.031034	0.0309277	0.0311319	0.0310654	0.0310615	0.0310785	0.0310127	0.0310195	0.0238892	0.0238891
9.48993	0.0238883	0.0311408	0.031275	0.0310963	0.0312784	0.0311116	0.0311742	0.0310288	0.0310077	0.0238893	0.0238887
9.58686	0.0238877	0.0310706	0.0312199	0.0310978	0.0310095	0.0310926	0.0310567	0.0310249	0.0310278	0.0238893	0.0238882
9.68378	0.0238868	0.0310487	0.0313288	0.0310923	0.0311093	0.0310792	0.0310821	0.0309987	0.0310291	0.0238894	0.0238875
9.78067	0.0238897	0.0311394	0.0310242	0.0311049	0.0310925	0.0311148	0.0310508	0.0310303	0.0310157	0.0238895	0.0238867
9.87755	0.023889	0.031224	0.0310683	0.031144	0.0310804	0.0311165	0.0310474	0.0310378	0.0310305	0.0238895	0.0238859
9.9744	0.0238874	0.0309872	0.0311577	0.0310425	0.0311423	0.0310578	0.0310832	0.0310139	0.0310216	0.0238894	0.0238851
10.0712	0.0238908	0.0310718	0.0310769	0.0311171	0.0311316	0.0310881	0.0311128	0.0310026	0.030997	0.0238893	0.0238844
10.1681	0.0238906	0.0311566	0.0312171	0.0311797	0.0311363	0.0311385	0.0311036	0.0310059	0.0309974	0.023889	0.0238839
10.2649	0.0238906	0.031135	0.0311496	0.0310653	0.0311745	0.031114	0.0311759	0.0310142	0.0310315	0.0238887	0.0238837
10.3616	0.0238904	0.0309622	0.0311056	0.0310576	0.0311167	0.0310791	0.0311436	0.0310121	0.0310372	0.0238881	0.0238838
10.4584	0.0238933	0.0312126	0.0311427	0.0311546	0.0311212	0.0311105	0.0311013	0.0310062	0.0310164	0.0238874	0.0238846
10.5551	0.0238914	0.0311862	0.0309499	0.0311565	0.0310598	0.0311111	0.0310572	0.0310115	0.0310056	0.0238866	0.0238859
10.6519	0.0238914	0.0311509	0.0308909	0.0311167	0.0309976	0.0310888	0.0310039	0.0310013	0.0310244	0.0238856	0.0238878
10.7486	0.023893	0.0311141	0.0311429	0.0310932	0.0310516	0.0311115	0.0310781	0.0310385	0.0310056	0.0238843	0.0238905
10.8453	0.0238875	0.0311139	0.0311297	0.0311403	0.0311216	0.0311228	0.0310561	0.0310265	0.0310016	0.023883	0.0238937
10.942	0.0238857	0.0310712	0.0311743	0.0310354	0.0311494	0.0310123	0.0311527	0.031028	0.0310098	0.0238817	0.0238974
11.0386	0.0238872	0.0312622	0.0310723	0.0311939	0.0311441	0.0311764	0.0311465	0.0310349	0.0310016	0.0238805	0.0239015
11.1353	0.0238826	0.0310117	0.0314169	0.031152	0.031271	0.0311599	0.0311775	0.0310461	0.0310249	0.0238794	0.0239057
11.2319	0.0238828	0.030939	0.0311717	0.0311	0.0311936	0.0310687	0.0311445	0.0310474	0.031005	0.0238789	0.0239097
11.3285	0.0238777	0.0311981	0.0310503	0.0311829	0.0310703	0.031162	0.03109	0.0310546	0.0310192	0.0238791	0.0239131
11.4251	0.0238733	0.0311199	0.0312024	0.031159	0.0311295	0.0311072	0.0311559	0.0310622	0.0310289	0.0238801	0.0239154
11.5217	0.023872	0.0312702	0.0312456	0.0311535	0.0311935	0.0311287	0.0311359	0.0310695	0.0310141	0.0238821	0.0239161
11.6183	0.0238661	0.0312159	0.0309128	0.0312057	0.031086	0.0312123	0.0311212	0.0310628	0.0310209	0.0238852	0.0239145
11.7149	0.0238632	0.0311971	0.0311918	0.0311735	0.0311308	0.0312113	0.0310656	0.0310594	0.0309981	0.0238895	0.02391
11.8114	0.0238641	0.0312107	0.0311331	0.0311773	0.0311056	0.0311621	0.0311026	0.0310458	0.0310094	0.023895	0.0239015
11.908	0.0238624	0.0312117	0.0313705	0.0310955	0.0312056	0.0310903	0.0311325	0.0310232	0.0310581	0.0239016	0.0238882
12.0045	0.0238638	0.0312344	0.0312525	0.0311648	0.0311622	0.031151	0.0311527	0.0310087	0.0310563	0.023909	0.0238692
12.101	0.0238712	0.0312562	0.0311194	0.0311394	0.0311264	0.0310958	0.0310919	0.03098	0.0310663	0.0239167	0.0238442
12.1975	0.0238806	0.0310369	0.0311447	0.0310595	0.0311968	0.0310489	0.0311277	0.0309319	0.0310756	0.0239246	0.0238156
12.294	0.023894	0.030883	0.0311981	0.0309167	0.0311754	0.0309095	0.0312067	0.0308635	0.0310843	0.0239316	0.0237863
12.3904	0.0239099	0.0309871	0.0311182	0.0309079	0.0310353	0.0309317	0.0311155	0.0308388	0.0310927	0.0239372	0.0237592
12.4869	0.0239317	0.0310739	0.0311187	0.0309738	0.031168	0.0309152	0.0311506	0.0308206	0.0311028	0.0239403	0.0237367
12.5833	0.0239526	0.0308801	0.0310774	0.030877	0.0312076	0.030884	0.0311788	0.0307699	0.031094	0.0239399	0.0237216
12.6797	0.0239764	0.0308508	0.0313825	0.0308442	0.0313017	0.0308635	0.0312441	0.0307662	0.0310821	0.0239346	0.0237161
12.7762	0.0239999	0.0308084	0.0312781	0.0308305	0.0311448	0.0308511	0.0311827	0.0307734	0.0310775	0.0239229	0.0237224
12.8726	0.0240182	0.0308543	0.0312268	0.0308385	0.0311545	0.0308297	0.0311648	0.0307898	0.0310363	0.023903	0.0237429
12.969	0.0240323	0.0309386	0.0309157	0.0309053	0.0310661	0.0309015	0.0311148	0.0308519	0.0309666	0.0238731	0.0237797
13.0653	0.0240399	0.0309444	0.0310779	0.0309591	0.0309439	0.0309473	0.0309768	0.0309129	0.0308948	0.0238318	0.0238347
13.1617	0.0240383	0.0311157	0.0309257	0.0311209	0.030852	0.0311068	0.0309157	0.0310239	0.030855	0.0237815	0.0239101
13.2581	0.0240203	0.0313215	0.0309627	0.0311794	0.0308557	0.0311832	0.0308713	0.0311291	0.0307613	0.0237276	0.0240078
13.3544	0.0239878	0.0313883	0.0309657	0.031371	0.0307442	0.0313981	0.0307374	0.0312961	0.0306578	0.023675	0.0241298
13.4508	0.023937	0.0316303	0.0308365	0.0315767	0.0307706	0.0316059	0.0307055	0.0315228	0.0306007	0.0236285	0.024278
13.5471	0.0238629	0.0318835	0.0305178	0.0318328	0.030572	0.0318457	0.0305928	0.031771	0.0305476	0.0235929	0.0244544
13.6434	0.0237636	0.0321419	0.0304867	0.0321614	0.0306589	0.0321757	0.0306533	0.0320624	0.030536	0.0235724	0.0246607
13.7397	0.0236313	0.0325134	0.030816	0.0324633	0.0305766	0.0324583	0.0305565	0.0324286	0.0305165	0.0235712	0.0248986
13.836	0.0234668	0.0330119	0.0304443	0.0329124	0.0305811	0.0329041	0.0306304	0.0328593	0.0305508	0.0235936	0.0251697
13.9323	0.0232676	0.0334034	0.030766	0.0333767	0.0306287	0.0334295	0.030684	0.0333289	0.0306363	0.0236439	0.0254756
14.0285	0.0230385	0.0333982	0.0309603	0.0335039	0.0309575	0.0334574	0.0309441	0.033341	0.0308134	0.0237261	0.0254908
14.1248	0.0228757	0.0327021	0.030819	0.0327143	0.0310152	0.0326868	0.0310461	0.0325184	0.0310059	0.0238442	0.0248468
14.2211	0.0228165	0.0318131	0.031306	0.0318305	0.0313281	0.0318301	0.0313092	0.0316551	0.0312798	0.0240027	0.0241868
14.3173	0.02286	0.0309474	0.0317901	0.0309624	0.0316756	0.0309527	0.0316808	0.0307888	0.031615	0.0242059	0.0235316
14.4135	0.0229957	0.0300675	0.0321858	0.0300866	0.0321103	0.0300744	0.0321355	0.0299209	0.0320463	0.024458	0.0228811
14.5097	0.0232271	0.0291547	0.0324917	0.0291823	0.032508	0.0291843	0.0325114	0.0290371	0.0324904	0.0247637	0.0222351
14.606	0.0235431	0.028236	0.0331248	0.0283056	0.0330855	0.0282973	0.0330645	0.0281694	0.0330106	0.0251272	0.0215934
14.7022	0.0239453	0.0274339	0.0335655	0.027399	0.0335817	0.027414	0.0335892	0.0273125	0.033551	0.025553	0.0209559
14.7984	0.0244327	0.0265287	0.0343093	0.0265679	0.0342134	0.0265459	0.0341929	0.026443	0.0341375	0.026046	0.0203226
14.8945	0.0250023	0.0256844	0.0344692	0.0256835	0.0348096	0.0256919	0.0347898	0.0255879	0.03475	0.0266104	0.0196933
14.9907	0.0256489	0.0248106	0.0351328	0.0248552	0.0352842	0.0248564	0.0351949	0.0247355	0.0350966	0.0270948	0.0190682
15.0869	0.0263763	0.0239334	0.0342907	0.0240141	0.0342868	0.0240117	0.0343256	0.0238912	0.0340673	0.0262246	0.0184472
15.183	0.0271815	0.0231433	0.0329158	0.0231027	0.0329987	0.0231156	0.0329762	0.0230356	0.0327299	0.0250349	0.0178304
15.2792	0.0280655	0.0222057	0.0315382	0.0222872	0.0314262	0.0222943	0.0314043	0.0222044	0.0312312	0.0238556	0.0172181
15.3753	0.0290266	0.0214043	0.0294941	0.0214513	0.0296872	0.0214564	0.0297223	0.0213597	0.029539	0.0226819	0.0166105
15.4714	0.0300642	0.0206933	0.0276271	0.0206274	0.0275955	0.0205882	0.0275403	0.0205193	0.0273682	0.0215095	0.0160079
15.5676	0.0311763	0.019743	0.0248224	0.0197668	0.0248274	0.0197705	0.0247939	0.019704	0.0246257	0.0203341	0.0154106
15.6637	0.0323575	0.0188807	0.0211514	0.0189287	0.0211802	0.0189226	0.0211583	0.0188719	0.0209772	0.0191519	0.014819
15.7598	0.0336133	0.0180951	0.0162783	0.0181011	0.0162553	0.0180961	0.0162882	0.0180605	0.0162508	0.0179588	0.0142339
15.8559	0.0349353	0.0172819	0.0101233	0.0173246	0.0100734	0.0173004	0.0100443	0.0172563	0.00995784	0.0167511	0.0136556
15.952	0.0363184	0.0164905	0.00214345	0.01648	0.00217576	0.0164715	0.00218353	0.0164486	0.002163	0.0155251	0.0130849
