2	0	0.182641	0.538792	0.181096	0.555247	0.169046	0.53693	0.156983	0.518565	0.0724266	0.0670347
2.04	0.208916	0.182641	0.538792	0.181096	0.555247	0.169046	0.53693	0.156983	0.518565	0.0724266	0.0670347
2.12	0.181437	0.18727	0.202807	0.183545	0.214927	0.171529	0.198581	0.158774	0.182419	0.0736186	0.0678091
2.2	0.15947	0.182704	0.250561	0.18363	0.22069	0.174198	0.20845	0.161095	0.188511	0.0747411	0.068646
2.28	0.143112	0.187466	0.216841	0.191086	0.226535	0.176805	0.20831	0.163189	0.189747	0.0758343	0.0694906
2.36	0.127539	0.185799	0.22069	0.191365	0.228911	0.177787	0.209777	0.164311	0.190966	0.0769204	0.0703221
2.44	0.115456	0.189092	0.219568	0.192271	0.230199	0.180503	0.212151	0.166666	0.191509	0.0780356	0.0711325
2.52	0.104604	0.203021	0.228249	0.198261	0.233942	0.183102	0.21305	0.169	0.192844	0.0792221	0.0719087
2.6	0.0964566	0.183673	0.236223	0.197341	0.234202	0.186127	0.215244	0.170317	0.194464	0.0805027	0.0726456
2.68	0.0884121	0.194437	0.239834	0.199975	0.237318	0.187901	0.218281	0.173057	0.197136	0.081896	0.0733499
2.76	0.0815209	0.214351	0.25705	0.201277	0.246741	0.189146	0.223976	0.17403	0.202847	0.0834523	0.0740164
2.84	0.078037	0.206551	0.254448	0.207144	0.251399	0.192371	0.228151	0.176563	0.206368	0.0851384	0.0746365
2.92	0.07311	0.223941	0.255141	0.215366	0.25379	0.196	0.230481	0.179584	0.208385	0.0869485	0.0752321
3	0.0701057	0.212875	0.264492	0.212576	0.251934	0.197141	0.234148	0.180184	0.210778	0.0881921	0.0758098
3.08	0.0675282	0.205253	0.240162	0.209561	0.245452	0.198311	0.231289	0.182351	0.21519	0.0855302	0.0763525
3.16	0.066066	0.217413	0.252013	0.215345	0.234274	0.199021	0.219369	0.18204	0.204701	0.0830059	0.0768959
3.24	0.0652858	0.223531	0.21269	0.219735	0.228878	0.200614	0.211232	0.184539	0.196324	0.0811518	0.0774339
3.32	0.0649157	0.223411	0.212171	0.217123	0.213712	0.204765	0.203206	0.187266	0.190021	0.0797684	0.0779852
3.4	0.0654209	0.229521	0.203364	0.222389	0.211151	0.205738	0.197523	0.188403	0.183792	0.0787989	0.0785511
3.48	0.0663999	0.225731	0.193638	0.225539	0.208516	0.207595	0.194349	0.189355	0.180197	0.0781417	0.0791311
3.56	0.0677628	0.225561	0.206384	0.225616	0.202311	0.208978	0.192033	0.191494	0.17736	0.0777163	0.0797404
3.64	0.0698764	0.229055	0.190736	0.225339	0.196306	0.210719	0.188645	0.192743	0.174901	0.0774841	0.0803869
3.72	0.0728079	0.232201	0.20145	0.22757	0.20588	0.210886	0.189524	0.192619	0.176434	0.0774098	0.0810436
3.8	0.0753241	0.228124	0.216676	0.227699	0.204732	0.21135	0.192771	0.19308	0.177266	0.0774549	0.0817252
3.88	0.078056	0.224901	0.214601	0.22664	0.208188	0.212036	0.19481	0.193403	0.178429	0.0775391	0.0824459
3.96	0.0812439	0.230783	0.218471	0.231252	0.208182	0.212859	0.195556	0.194002	0.180122	0.0777241	0.0831955
4.04	0.0845766	0.222103	0.219517	0.225478	0.209355	0.211078	0.198561	0.19325	0.183308	0.077927	0.0828817
4.12	0.0867973	0.222255	0.208558	0.22205	0.211152	0.208858	0.200969	0.19247	0.18434	0.0781743	0.0817073
4.2	0.087701	0.218367	0.217507	0.221292	0.214852	0.206072	0.201883	0.190893	0.185645	0.0784341	0.0807983
4.28	0.0872923	0.221819	0.222693	0.217029	0.216523	0.205421	0.204301	0.189926	0.187125	0.0787058	0.0800971
4.36	0.0867811	0.217062	0.229848	0.216297	0.221496	0.202647	0.205753	0.187598	0.188348	0.0789964	0.0795563
4.44	0.0858844	0.217501	0.221171	0.214525	0.225989	0.202257	0.206381	0.186665	0.188732	0.0792789	0.0791608
4.52	0.0845686	0.217237	0.23016	0.215831	0.22112	0.202378	0.207779	0.186523	0.189939	0.0795487	0.0788824
4.6	0.0837674	0.218011	0.215419	0.21479	0.2222	0.201762	0.209132	0.186311	0.191601	0.0798095	0.0787015
4.68	0.0822178	0.22395	0.231492	0.214519	0.227346	0.201306	0.209183	0.185363	0.191519	0.080038	0.0785862
4.76	0.0808383	0.224842	0.223903	0.215876	0.223059	0.20236	0.209032	0.18615	0.191443	0.0801803	0.0785445
4.84	0.0793591	0.210977	0.220059	0.21627	0.22046	0.20328	0.207876	0.186518	0.190665	0.080286	0.0785423
4.92	0.0788147	0.22153	0.221955	0.218519	0.225032	0.203319	0.208448	0.186669	0.19149	0.0803694	0.078578
5	0.0772129	0.220167	0.228293	0.216354	0.223215	0.202651	0.208268	0.186255	0.19099	0.0803613	0.0786384
5.08	0.0766734	0.225495	0.22914	0.217041	0.221022	0.203138	0.208296	0.186428	0.191165	0.0802725	0.0787239
5.16	0.0760776	0.220565	0.226852	0.217086	0.224837	0.204302	0.207404	0.187302	0.190026	0.0801299	0.0788229
5.24	0.0759042	0.218708	0.224226	0.21999	0.219274	0.204202	0.206725	0.187723	0.189912	0.0799784	0.0789385
5.32	0.0760274	0.229094	0.230572	0.220813	0.220353	0.204542	0.205783	0.188099	0.189533	0.0798303	0.0790589
5.4	0.0761877	0.221021	0.223227	0.220862	0.222521	0.205447	0.204989	0.187959	0.188438	0.0796855	0.0791865
5.48	0.0766389	0.226179	0.211134	0.220336	0.216236	0.20534	0.203243	0.188504	0.187408	0.0795569	0.0793151
5.56	0.0774016	0.215187	0.229253	0.220078	0.218595	0.205731	0.203422	0.188599	0.188075	0.0794651	0.0794395
5.64	0.0781644	0.2289	0.21852	0.221789	0.216679	0.205926	0.203371	0.188589	0.187196	0.0793772	0.0795573
5.72	0.0783286	0.221469	0.22738	0.222662	0.216338	0.20573	0.204136	0.188643	0.187421	0.0793018	0.0796653
5.8	0.0792417	0.221844	0.215571	0.219979	0.216387	0.204792	0.202312	0.188747	0.18625	0.0792548	0.0797564
5.88	0.0805133	0.221372	0.221892	0.219211	0.219328	0.205916	0.203318	0.188744	0.187495	0.0792248	0.0798437
5.96	0.0807521	0.227002	0.230577	0.221223	0.221404	0.20539	0.204713	0.188896	0.187842	0.0791911	0.0799095
6.04	0.0812838	0.224176	0.225294	0.218804	0.218276	0.205104	0.203584	0.188806	0.186986	0.0791834	0.0799521
6.12	0.0817323	0.228428	0.22235	0.2209	0.218321	0.205225	0.203214	0.188999	0.186997	0.0791706	0.0799669
6.2	0.0819517	0.225353	0.2179	0.219615	0.220436	0.204899	0.204589	0.188784	0.188282	0.0791823	0.0799621
6.28	0.0818262	0.220459	0.221465	0.219325	0.218657	0.204892	0.204528	0.188816	0.187476	0.079198	0.0799518
6.36	0.0815171	0.225498	0.22262	0.219449	0.218344	0.205017	0.20392	0.189014	0.187575	0.079209	0.0799313
6.44	0.0812811	0.2247	0.216042	0.21972	0.219295	0.204903	0.204176	0.188464	0.187718	0.0792312	0.079896
6.52	0.0810444	0.225536	0.227703	0.220312	0.221185	0.20531	0.204643	0.189049	0.187787	0.0792593	0.0798566
6.6	0.0805814	0.218699	0.222555	0.219798	0.218176	0.204888	0.203177	0.188792	0.186763	0.0792833	0.0798103
6.68	0.0797518	0.226302	0.220876	0.219592	0.220455	0.205068	0.2035	0.188822	0.187401	0.0793152	0.0797545
6.76	0.0794966	0.218551	0.218023	0.219591	0.216563	0.205287	0.203351	0.188803	0.187265	0.0793825	0.0796926
6.84	0.0786001	0.224579	0.224339	0.220014	0.218396	0.20568	0.204597	0.188942	0.1881	0.0794573	0.0796313
6.92	0.0780385	0.226604	0.219508	0.221023	0.219168	0.205536	0.203988	0.188682	0.187934	0.0795343	0.0795617
7	0.0777328	0.221411	0.227264	0.220813	0.217899	0.205981	0.203591	0.188905	0.187985	0.0796257	0.0794863
7.08	0.0770901	0.22728	0.224954	0.220681	0.221133	0.205305	0.206224	0.188683	0.189655	0.0797416	0.0794102
7.16	0.0772187	0.220411	0.21691	0.221324	0.218804	0.205735	0.206464	0.188791	0.18981	0.0798478	0.0793248
7.24	0.0772042	0.222328	0.229813	0.220705	0.220755	0.205192	0.206691	0.188508	0.190311	0.0799403	0.0792341
7.32	0.0771881	0.222765	0.213242	0.218747	0.220417	0.204665	0.206113	0.188159	0.19002	0.0800282	0.0791397
7.4	0.0773983	0.224419	0.224575	0.219829	0.221342	0.204364	0.207061	0.187754	0.190548	0.0800813	0.0790459
7.48	0.0779424	0.221654	0.226843	0.220317	0.221451	0.204685	0.206486	0.187899	0.190277	0.0801116	0.0789637
7.56	0.0784923	0.222674	0.228217	0.218829	0.222463	0.204266	0.207468	0.187639	0.19059	0.0801067	0.078887
7.64	0.0790667	0.221779	0.224889	0.217295	0.221904	0.203702	0.207716	0.187135	0.190513	0.0800832	0.0788287
7.72	0.080094	0.219158	0.226748	0.21749	0.223799	0.202246	0.207858	0.186292	0.190814	0.080035	0.0788157
7.8	0.0808373	0.224463	0.221063	0.217424	0.222091	0.202945	0.207463	0.186487	0.190484	0.0799674	0.0788597
7.88	0.0819849	0.219683	0.224643	0.21637	0.22548	0.203046	0.208093	0.187191	0.190996	0.079875	0.0789719
7.96	0.082505	0.220002	0.226632	0.216766	0.221667	0.203226	0.206586	0.187388	0.189934	0.079774	0.0791932
8.04	0.0834678	0.221452	0.224304	0.218626	0.2212	0.204133	0.206831	0.188311	0.18986	0.0796482	0.0795225
8.12	0.083482	0.224138	0.232935	0.218864	0.222378	0.204752	0.206197	0.188712	0.189108	0.0795173	0.0798235
8.2	0.0834752	0.222097	0.224602	0.219058	0.219932	0.205212	0.205235	0.189258	0.188193	0.079354	0.0800615
8.28	0.0834351	0.219826	0.226665	0.219227	0.218207	0.20569	0.204389	0.189594	0.187554	0.0791788	0.0802463
8.36	0.0822631	0.221939	0.222093	0.220729	0.216465	0.2062	0.202316	0.189836	0.186074	0.079002	0.0803828
8.44	0.0817345	0.224734	0.219656	0.222455	0.217337	0.207221	0.20177	0.190407	0.1854	0.0788321	0.0804778
8.52	0.0807072	0.226281	0.219231	0.221583	0.215539	0.207063	0.200391	0.19039	0.184344	0.0786668	0.0805263
8.6	0.0798356	0.229596	0.220068	0.221611	0.213794	0.207264	0.199016	0.190589	0.183436	0.0785257	0.0805332
8.68	0.0788686	0.22368	0.220175	0.222658	0.214271	0.207753	0.199544	0.190731	0.183399	0.0784303	0.0805064
8.76	0.0780856	0.225183	0.214598	0.221956	0.212566	0.207168	0.199511	0.190551	0.183722	0.0784034	0.0804411
8.84	0.0767831	0.227348	0.218048	0.221706	0.212213	0.207564	0.19968	0.190636	0.184724	0.0784794	0.0803401
8.92	0.076337	0.227429	0.21699	0.221923	0.214718	0.207242	0.201334	0.190414	0.186226	0.0787012	0.0802034
9	0.0753149	0.22362	0.221561	0.222752	0.215894	0.207009	0.202779	0.190201	0.18765	0.0791405	0.0800417
9.08	0.0747314	0.226489	0.223299	0.222134	0.217777	0.206782	0.204695	0.189843	0.189326	0.0796333	0.0798498
9.16	0.0740138	0.225316	0.221374	0.221668	0.21919	0.205948	0.205904	0.188879	0.189833	0.0800315	0.079626
9.24	0.0737474	0.22632	0.217524	0.221345	0.220044	0.205652	0.205861	0.188629	0.189846	0.0803297	0.0793637
9.32	0.0735518	0.221315	0.224299	0.220225	0.220899	0.205406	0.206132	0.188151	0.189645	0.0805508	0.0790654
9.4	0.0739812	0.23134	0.222652	0.219796	0.220676	0.20426	0.207031	0.18722	0.189971	0.0807131	0.0787282
9.48	0.0743918	0.220361	0.21883	0.218488	0.221557	0.203592	0.206924	0.186506	0.190311	0.0808216	0.0783536
9.56	0.0753117	0.219816	0.22671	0.215975	0.222971	0.201664	0.208479	0.184804	0.191287	0.0808723	0.0779302
9.64	0.07689	0.2139	0.226008	0.214752	0.225586	0.199998	0.20971	0.18314	0.19234	0.0808746	0.0774611
9.72	0.0790469	0.215087	0.232719	0.212001	0.228863	0.197111	0.21264	0.180853	0.194963	0.0808311	0.0769465
9.8	0.082063	0.212233	0.232931	0.208846	0.230629	0.194653	0.215212	0.178108	0.19695	0.0807341	0.0763881
9.88	0.0861756	0.206838	0.232966	0.205363	0.231421	0.190845	0.216494	0.174672	0.198636	0.0805958	0.075783
