0	0.039133	0.0134786	0.0542915	0.0572675	0.0492184	0.0371972	0.0492791	0.0330947
0.0991736	0.0391304	0.0134415	0.0542482	0.0572192	0.0492342	0.0371766	0.0493113	0.0331172
0.198347	0.0391216	0.0133303	0.0541206	0.0570757	0.0492825	0.0371154	0.0494088	0.0331851
0.297521	0.039103	0.0131456	0.0539156	0.0568401	0.0493655	0.037015	0.0495741	0.0332995
0.396694	0.0390693	0.0128886	0.0536444	0.0565184	0.0494865	0.0368779	0.0498118	0.0334623
0.495868	0.039013	0.0125612	0.0533223	0.0561186	0.0496503	0.0367077	0.050128	0.0336758
0.595041	0.0389251	0.012166	0.0529674	0.0556518	0.0498621	0.0365088	0.0505306	0.0339433
0.694215	0.0387953	0.011707	0.0526008	0.0551315	0.0501276	0.036287	0.0510291	0.0342685
0.793388	0.038613	0.0111899	0.0522453	0.0545741	0.050452	0.0360489	0.0516344	0.0346557
0.892562	0.0383681	0.0106224	0.0519247	0.0539984	0.0508394	0.0358022	0.0523578	0.0351088
0.991736	0.0380517	0.0100152	0.0516634	0.0534258	0.0512913	0.0355556	0.05321	0.0356309
1.09091	0.0376583	0.00938235	0.0514853	0.0528792	0.0518059	0.0353189	0.0541984	0.0362223
1.19008	0.0371864	0.00874208	0.0514141	0.0523832	0.0523763	0.0351026	0.055323	0.0368781
1.28926	0.03664	0.00811699	0.0514723	0.0519624	0.0529898	0.0349179	0.0565707	0.0375849
1.38843	0.0360298	0.00753409	0.0516819	0.0516416	0.0536269	0.034777	0.0579084	0.0383174
1.4876	0.0353734	0.00702431	0.052064	0.0514445	0.0542609	0.0346926	0.059277	0.039035
1.58678	0.0346947	0.00662157	0.0526394	0.0513934	0.0548586	0.0346779	0.0605885	0.0396825
1.68595	0.0340233	0.00636158	0.0534283	0.0515087	0.0553814	0.0347465	0.0617295	0.0401936
1.78512	0.0333928	0.00628055	0.0544495	0.0518087	0.0557878	0.0349124	0.0625727	0.0404999
1.8843	0.0328381	0.00641413	0.0557179	0.0523096	0.0560361	0.0351889	0.0629971	0.040543
1.98347	0.0323944	0.00679625	0.057239	0.0530252	0.0560882	0.0355882	0.0629095	0.0402865
2.08264	0.0320947	0.00745768	0.058999	0.0539662	0.0559125	0.0361188	0.0622645	0.0397242
2.18182	0.0319686	0.00842327	0.0609511	0.0551389	0.055487	0.0367831	0.0610731	0.0388811
2.28099	0.0320422	0.00970682	0.0629982	0.0565427	0.0548015	0.037572	0.0593983	0.0378073
2.38017	0.0323376	0.011303	0.0649794	0.0581663	0.0538585	0.03846	0.0573392	0.0365667
2.47934	0.0328731	0.0131768	0.0666674	0.0599806	0.0526724	0.0393998	0.0550091	0.0352244
2.57851	0.0336642	0.0152526	0.0677845	0.0619281	0.0512683	0.0403199	0.0525165	0.0338371
2.67769	0.0347238	0.0174081	0.0680412	0.0639059	0.0496793	0.0411281	0.0499513	0.0324475
2.77686	0.0360633	0.0194792	0.0671915	0.0657451	0.0479438	0.0417209	0.0473809	0.0310839
2.87603	0.0376929	0.0212813	0.0650946	0.0671952	0.0461015	0.0420002	0.0448509	0.0297621
2.97521	0.0396222	0.0226473	0.0617653	0.0679268	0.0441911	0.0418911	0.04239	0.0284891
3.07438	0.0418604	0.0234748	0.057397	0.0675695	0.0422471	0.0413568	0.0400149	0.0272667
3.17355	0.0444164	0.0237662	0.0523437	0.0657893	0.0402979	0.0404049	0.037735	0.0260937
3.27273	0.0472989	0.0236443	0.0470573	0.0623907	0.0383644	0.0390821	0.0355546	0.0249678
3.3719	0.0505162	0.023335	0.0419972	0.0574042	0.0364595	0.0374613	0.0334754	0.0238861
3.47107	0.0540758	0.023125	0.037542	0.0511125	0.034589	0.0356236	0.031497	0.0228459
3.57025	0.0579839	0.0233107	0.0339365	0.0439952	0.0327522	0.0336431	0.0296174	0.0218444
3.66942	0.0622447	0.0241564	0.0312842	0.0366129	0.0309444	0.0315769	0.0278338	0.0208789
3.7686	0.0668594	0.0258729	0.0295737	0.0294839	0.0291593	0.0294622	0.0261424	0.0199465
3.86777	0.0718255	0.028612	0.0287172	0.0229992	0.0273916	0.0273181	0.0245386	0.0190445
3.96694	0.0771353	0.0324725	0.0285817	0.0173931	0.025639	0.0251507	0.0230172	0.0181698
4.06612	3.40578e-06	0.00818695	0.0290059	0.0127569	0.023904	0.0229588	0.0215727	0.0173192
4.16529	3.40578e-06	0.00615175	0.0298067	0.00907379	0.0221939	0.0207394	0.0201992	0.0164892
4.26446	3.40578e-06	0.0044736	0.0307816	0.00625642	0.0205206	0.0184927	0.0188902	0.0156763
4.36364	3.40578e-06	0.00313143	0.0317128	0.00417912	0.0188989	0.0162269	0.0176395	0.0148764
4.46281	3.40578e-06	0.00209572	0.0323807	0.00270245	0.0173445	0.0139621	0.0164405	0.0140856
4.56198	3.40578e-06	0.00132979	0.0325857	0.00169054	0.0158716	0.0117325	0.0152866	0.0132994
4.66116	3.40578e-06	0.000791192	0.0321778	0.00102226	0.0144915	0.00958623	0.0141711	0.0125135
4.76033	3.40578e-06	0.000434169	0.031084	0.00059704	0.0132112	0.00758079	0.0130877	0.0117233
4.8595	3.40578e-06	0.000213125	0.0293238	0.000336481	0.0120331	0.00577509	0.0120299	0.0109243
4.95868	3.40578e-06	8.64995e-05	0.0270056	0.000182824	0.0109558	0.00421879	0.0109918	0.0101122
5.05785	3.40578e-06	2.00047e-05	0.0243005	9.57052e-05	0.0099752	0.00294244	0.00996887	0.00928395
5.15702	3.40578e-06	-1.17232e-05	0.021403	4.82818e-05	0.00908626	0.00195153	0.00895846	0.00843843
5.2562	3.40578e-06	-2.53699e-05	0.0184865	2.35364e-05	0.00828449	0.00122642	0.007962	0.00757854
5.35537	3.40578e-06	-3.06265e-05	0.0156678	1.118e-05	0.00756749	0.000728141	0.00698699	0.00671341
5.45455	3.40578e-06	-3.24319e-05	0.012988	5.28756e-06	0.00693573	0.000407563	0.00604936	0.00586091
5.55372	3.40578e-06	-3.29844e-05	0.0104107	2.62329e-06	0.00639274	0.000214961	0.00517494	0.00504938
5.65289	3.40578e-06	-3.31361e-05	0.00783823	1.54373e-06	0.00594463	0.00010717	0.00439911	0.00431729
5.75207	3.40578e-06	-3.31741e-05	0.00516415	1.41234e-06	0.00559897	5.12101e-05	0.0037636	0.00370995
5.85124	3.40578e-06	-3.31832e-05	0.00245003	2.97629e-06	0.00536333	2.47146e-05	0.00331044	0.003273
