# iterations	 errorinentropy	 maxerror	(generated with python figs/comparison.py 0 s000/periodic-ww1.30-ff0.30-N50-tmmc-golden-movie/001550 s000/periodic-ww1.30-ff0.30-N50
2.48e+04	937.7	3112
6.280e+05	279.9	3829
9.072e+05	280.1	3829
1.15e+06	250.6	3822
1.434e+06	123.4	3866
1.789e+06	127.8	3931
2.183e+06	129.1	4023
2.632e+06	139.3	4095
3.124e+06	133.3	4163
3.696e+06	137.2	4229
4.295e+06	143.1	4296
4.94e+06	146.2	4344
5.652e+06	70.65	4372
6.464e+06	75.33	4427
7.276e+06	78.95	4478
8.137e+06	74.35	4497
9.075e+06	76.6	4528
1.003e+07	76.02	4563
1.104e+07	26.4	817.8
1.216e+07	2.713	53.27
1.327e+07	6.811	88.21
1.442e+07	8.087	122.2
1.562e+07	8.073	152.8
1.687e+07	6.341	181.4
1.817e+07	7.73	188.7
1.969e+07	7.268	144.3
2.141e+07	4.276	39.88
2.292e+07	2.915	68.03
2.443e+07	4.966	33.03
2.598e+07	3.675	41.18
2.759e+07	3.013	59.35
2.93e+07	3.013	59.35
3.122e+07	2.691	29.02
3.298e+07	3.584	51.27
3.478e+07	2.491	44.82
3.663e+07	3.091	27.52
3.86e+07	5.466	50.04
4.055e+07	5.141	68.24
4.254e+07	5.398	86.31
4.459e+07	3.217	29.01
4.668e+07	2.948	47.16
4.883e+07	3.985	34.1
5.102e+07	0.9161	11.56
5.333e+07	1.814	28.93
5.561e+07	1.941	45.53
5.795e+07	3.863	32.96
6.033e+07	2.977	17.01
6.285e+07	0.8891	33.68
6.533e+07	2.642	48.65
6.786e+07	2.871	65.91
7.043e+07	0.5709	8.171
7.306e+07	2.066	23.91
7.573e+07	3.417	37.83
7.846e+07	2.04	20.46
8.132e+07	3.437	28.78
8.413e+07	3.487	41.95
8.7e+07	2.91	30.15
9.001e+07	1.325	17.26
9.298e+07	1.281	10.72
9.609e+07	1.157	17.72
9.925e+07	1.947	30.02
1.025e+08	1.195	15.66
1.057e+08	1.195	15.66
1.09e+08	1.195	15.66
1.124e+08	1.195	15.66
1.16e+08	1.195	15.66
1.195e+08	0.6791	14.23
1.23e+08	2.09	25.82
1.265e+08	0.3979	6.52
1.301e+08	0.5521	5.412
1.337e+08	1.955	10.59
1.374e+08	1.913	21.17
1.412e+08	1.982	19.22
1.45e+08	2.411	29.54
1.488e+08	0.9757	13.06
1.527e+08	2.984	23.93
1.567e+08	1.489	12.77
1.607e+08	0.1824	3.444
1.648e+08	0.7626	7.54
1.689e+08	0.4994	8.716
1.731e+08	2.361	17.01
1.774e+08	2.126	19.31
1.815e+08	2.166	27.69
1.858e+08	1.208	14.33
1.902e+08	1.093	12.19
1.947e+08	1.628	17.76
1.992e+08	1.695	13.02
2.037e+08	0.7323	17.95
2.082e+08	2.103	26.29
2.126e+08	2.567	24.22
2.173e+08	0.5599	7.323
2.221e+08	0.9979	12.96
2.269e+08	1.123	5.588
2.317e+08	0.6836	5.364
2.365e+08	0.9633	12.65
2.414e+08	0.3354	6.973
2.464e+08	0.5147	10.6
2.515e+08	0.9997	7.498
2.566e+08	0.4427	8.064
2.615e+08	0.8253	13.51
2.668e+08	1.009	5.877
2.72e+08	0.5604	9.8
2.773e+08	0.8819	6.372
2.827e+08	1.629	12.11
2.879e+08	0.5153	10.06
2.932e+08	0.7134	11.62
2.987e+08	0.3439	6.392
3.042e+08	0.5538	12.41
3.098e+08	1.689	18.23
3.153e+08	0.7595	5.219
3.21e+08	0.4226	10.4
3.268e+08	0.39	5.733
3.326e+08	1.854	12.33
3.385e+08	1.878	16.62
3.444e+08	1.393	5.057
3.503e+08	0.6452	4.151
3.564e+08	0.9064	10.82
3.622e+08	0.9045	10.87
3.684e+08	0.6304	5.43
3.745e+08	0.9819	4.747
3.807e+08	0.4189	8.332
3.87e+08	0.6195	7.756
3.933e+08	0.961	11.84
3.997e+08	0.5727	3.4
4.061e+08	0.7208	7.227
4.126e+08	0.216	3.799
4.191e+08	0.7658	9.577
4.257e+08	0.7674	14.37
4.323e+08	1.582	15.2
4.39e+08	0.5097	7.95
4.462e+08	0.8318	8.256
4.529e+08	0.9833	14.47
4.598e+08	1.244	14.7
4.667e+08	0.2361	2.193
4.736e+08	0.782	7.89
4.804e+08	0.4217	6.611
4.874e+08	0.634	2.591
4.943e+08	0.507	6.726
5.012e+08	0.6194	8.411
5.084e+08	0.5782	2.861
5.154e+08	1.121	6.699
5.227e+08	0.4974	12.77
5.3e+08	0.6353	6.368
5.374e+08	0.2291	4.582
5.449e+08	0.5812	9.006
5.524e+08	0.6577	9.723
5.599e+08	0.909	13.37
5.673e+08	0.3682	3.635
5.749e+08	0.3559	3.928
5.824e+08	1.091	7.961
5.901e+08	0.9188	12.5
5.979e+08	0.3819	7.639
6.058e+08	1.088	11.96
6.134e+08	0.4797	4.709
6.214e+08	0.7027	10.84
6.294e+08	0.5862	6.843
6.374e+08	1.047	11.96
6.455e+08	0.2937	5.776
6.537e+08	0.3458	10.15
6.619e+08	0.6529	7.567
6.702e+08	0.3189	8.5
6.785e+08	0.3189	8.5
6.868e+08	0.3189	8.5
6.958e+08	0.3189	8.5
7.045e+08	0.3189	8.5
7.133e+08	0.8076	10.42
7.219e+08	0.3944	4.364
7.305e+08	1.058	8.215
7.389e+08	0.276	7.758
7.479e+08	0.3379	6.895
7.567e+08	0.3728	1.703
7.655e+08	0.7398	4.287
7.744e+08	0.4669	4.573
7.83e+08	0.6209	5.266
7.917e+08	0.8743	7.916
8.005e+08	0.5521	6.637
8.093e+08	0.7947	7.678
8.192e+08	0.7947	7.678
8.296e+08	0.7947	7.678
8.406e+08	0.7947	7.678
8.516e+08	0.7947	7.678
8.625e+08	0.6545	7.99
8.722e+08	0.2607	2.017
8.816e+08	0.7116	4.202
8.912e+08	0.6189	6.482
9.008e+08	0.3573	6.09
9.101e+08	1.039	10.68
9.195e+08	0.5763	14.25
9.292e+08	0.5545	13.48
9.387e+08	0.7416	15.04
9.482e+08	0.1495	3.839
9.581e+08	0.4759	7.978
9.677e+08	0.7315	9.039
9.773e+08	0.3807	4.895
9.874e+08	0.4296	5.646
9.971e+08	0.3742	7.193
1.007e+09	0.2904	7.117
1.017e+09	0.6051	7.053
1.027e+09	0.4693	8.96
1.038e+09	0.5773	11.2
1.048e+09	0.4873	6.225
1.058e+09	0.3838	7.892
1.068e+09	0.8385	11.61
1.079e+09	0.3305	2.52
1.089e+09	0.2485	2.56
1.099e+09	0.7849	6.38
1.11e+09	0.5159	6.068
1.12e+09	0.5289	9.018
1.131e+09	0.3757	7.809
1.142e+09	0.09904	0.6554
1.152e+09	0.5124	4.209
1.163e+09	0.4374	2.923
1.174e+09	0.3884	5.312
1.185e+09	0.4166	9.081
1.196e+09	0.3982	7.599
1.207e+09	0.1786	4.796
1.218e+09	0.2902	7.205
1.229e+09	0.4206	5.401
1.241e+09	0.2981	7.643
1.252e+09	0.6629	10.49
1.263e+09	0.7711	8.927
1.274e+09	0.8135	12
1.285e+09	0.506	10.62
1.297e+09	0.2784	6.047
1.308e+09	0.2819	2.949
1.32e+09	0.357	3.034
1.331e+09	0.5654	6.27
1.343e+09	0.2457	3.538
1.355e+09	0.3188	5.877
1.367e+09	0.6855	7.652
1.378e+09	0.5518	7.652
1.39e+09	0.2631	5.673
1.402e+09	0.4241	7.413
1.414e+09	0.345	6.451
1.426e+09	0.2377	5.998
1.438e+09	0.3011	4.876
1.45e+09	0.5957	2.553
1.462e+09	0.3079	3.382
1.474e+09	0.3877	6.045
1.486e+09	0.546	8.38
1.498e+09	0.3201	3.282
1.511e+09	0.5193	3.37
1.523e+09	0.626	5.784
1.535e+09	0.3905	7.581
1.548e+09	0.351	10.33
1.56e+09	1.028	13.14
1.572e+09	0.2388	3.471
1.586e+09	0.2938	5.269
1.599e+09	0.3271	1.481
1.611e+09	0.3607	2.942
1.624e+09	0.2746	5.666
1.636e+09	0.3213	8.422
1.649e+09	0.4721	8.923
1.663e+09	0.4293	6.33
1.675e+09	0.9404	8.762
1.688e+09	0.4583	6.021
1.701e+09	0.5263	8.368
1.715e+09	0.5771	7.637
1.728e+09	0.2823	4.639
1.741e+09	0.3233	6.503
1.754e+09	0.5434	5.159
1.768e+09	0.2704	5.809
1.781e+09	0.2476	4.704
1.794e+09	0.3474	7.715
1.808e+09	0.5301	3.329
1.821e+09	0.1119	0.927
1.835e+09	0.5248	3.208
1.848e+09	0.2134	1.245
1.862e+09	0.1664	1.987
1.876e+09	0.3035	2.89
1.89e+09	0.4865	4.844
1.904e+09	0.5845	7.748
1.917e+09	0.2756	5.859
1.931e+09	0.3994	8.9
1.945e+09	0.3172	9.952
1.959e+09	0.6788	11.02
1.973e+09	0.4404	6.872
1.988e+09	0.08073	2.39
2.002e+09	0.5022	5.062
2.017e+09	0.1232	0.487
2.031e+09	0.1863	3.168
2.046e+09	0.3149	5.606
2.06e+09	0.5353	8.094
2.074e+09	0.5582	10.23
2.089e+09	0.3635	6.949
2.103e+09	0.6006	8.938
2.118e+09	0.3214	7.249
2.133e+09	0.3239	5.543
2.148e+09	0.3973	7.287
2.162e+09	0.7941	9.498
2.177e+09	0.338	6.951
2.192e+09	0.3439	5.111
2.207e+09	0.7214	7.724
2.222e+09	0.6038	9.523
2.237e+09	0.1977	0.7331
2.252e+09	0.2911	3.125
2.267e+09	0.1489	0.6728
2.283e+09	0.0751	1.739
2.298e+09	0.4244	4.314
2.313e+09	0.3568	5.883
2.329e+09	0.2597	5.853
2.344e+09	0.441	7.733
2.359e+09	0.8841	9.977
2.374e+09	0.2778	9.525
2.389e+09	0.1491	3.305
2.405e+09	0.6834	6.035
2.421e+09	0.3946	5.1
2.437e+09	0.3341	1.681
2.452e+09	0.2396	1.371
2.468e+09	0.653	3.887
2.484e+09	0.2794	5.639
2.5e+09	0.6665	7.924
2.516e+09	0.4169	8.163
2.532e+09	0.6519	7.964
2.548e+09	0.4532	8.259
2.564e+09	0.07775	0.735
2.58e+09	0.2915	3.419
2.597e+09	0.2961	4.916
2.613e+09	0.2514	5.688
2.629e+09	0.2568	7.041
2.645e+09	0.2178	4.588
2.662e+09	0.3535	6.6
2.678e+09	0.2966	2.361
2.695e+09	0.4276	2.461
2.712e+09	0.5681	4.396
2.728e+09	0.4058	6.771
2.745e+09	0.5401	8.121
2.762e+09	0.6392	8.202
2.779e+09	0.2806	4.78
2.796e+09	0.3603	6.287
2.812e+09	0.3205	5.496
2.829e+09	0.3238	7.412
2.846e+09	0.2565	2.28
2.864e+09	0.4669	3.798
2.88e+09	0.3976	5.978
2.897e+09	0.1816	1.418
2.915e+09	0.3863	3.095
2.931e+09	0.3246	5.34
2.949e+09	0.4539	6.682
2.966e+09	0.489	7.55
2.984e+09	0.2792	6.883
3.001e+09	0.3811	6.877
3.018e+09	0.7915	8.627
3.036e+09	0.5748	8.57
3.053e+09	0.2795	9.369
3.071e+09	0.4369	3.339
3.089e+09	0.1528	1.161
3.107e+09	0.05886	1.619
3.125e+09	0.2443	3.745
3.142e+09	0.4926	5.364
3.16e+09	0.0998	1.231
3.178e+09	0.1176	1.946
3.196e+09	0.3599	3.729
3.215e+09	0.2428	1.685
3.233e+09	0.2441	2.622
3.25e+09	0.1122	1.039
3.269e+09	0.3392	2.298
3.287e+09	0.2544	2.21
3.305e+09	0.3143	2.772
3.324e+09	0.244	2.009
3.342e+09	0.1072	0.608
3.36e+09	0.3014	2.626
3.379e+09	0.2152	5.142
3.397e+09	0.5932	7.173
3.415e+09	0.3652	5.682
3.434e+09	0.5307	4.042
3.453e+09	0.1907	2.085
3.472e+09	0.2871	2.148
3.491e+09	0.1672	3.18
3.51e+09	0.4009	5.271
3.529e+09	0.1426	1.811
3.548e+09	0.1603	0.9802
3.567e+09	0.2325	3.066
3.586e+09	0.2727	5.604
3.605e+09	0.1868	1.645
3.624e+09	0.1801	2.509
3.643e+09	0.1805	1.191
3.662e+09	0.4722	2.486
3.681e+09	0.2437	2.327
3.701e+09	0.1143	0.952
3.72e+09	0.2035	2.316
3.74e+09	0.2727	4.251
3.759e+09	0.4851	5.872
3.779e+09	0.2668	6.075
3.799e+09	0.5922	6.557
3.818e+09	0.3799	3.5
3.837e+09	0.2733	5.003
3.857e+09	0.6149	6.644
3.877e+09	0.2922	4.567
3.897e+09	0.09596	1.211
3.917e+09	0.2422	2.819
3.937e+09	0.2422	2.819
3.957e+09	0.2551	2.18
3.978e+09	0.05805	0.52
3.998e+09	0.268	2.097
4.018e+09	0.6136	4.112
4.038e+09	0.7028	5.898
4.059e+09	0.3551	6.741
4.078e+09	0.8179	8.745
4.099e+09	0.3745	6.235
4.12e+09	0.1536	1.795
4.142e+09	0.1097	1.52
4.163e+09	0.3628	4.163
4.183e+09	0.267	5.428
4.203e+09	0.3556	6.891
4.224e+09	0.2169	4.568
4.245e+09	0.5223	6.217
4.266e+09	0.2228	5.077
4.287e+09	0.3566	6.327
4.308e+09	0.6805	7.364
4.328e+09	0.2768	2.826
4.349e+09	0.377	2.176
4.37e+09	0.1053	1.098
4.386e+09	0.3235	2.201
4.401e+09	0.101	0.861
4.415e+09	0.1367	0.9318
4.43e+09	0.304	2.364
4.445e+09	0.3621	3.637
4.459e+09	0.4029	4.856
4.474e+09	0.2496	2.602
4.489e+09	0.1484	3.444
4.503e+09	0.1964	5.236
4.518e+09	0.229	5.827
4.533e+09	0.4449	6.66
4.548e+09	0.1054	1.068
4.563e+09	0.1945	1.467
4.583e+09	0.2056	1.457
4.605e+09	0.07764	1.821
4.626e+09	0.294	3.561
4.648e+09	0.4975	5.198
4.67e+09	0.2807	2.285
4.692e+09	0.1807	0.896
4.714e+09	0.07779	1.058
4.736e+09	0.1497	3.527
4.758e+09	0.1369	3.076
4.78e+09	0.1227	1.71
4.802e+09	0.1685	1.363
4.824e+09	0.3703	2.576
4.847e+09	0.3833	4.452
4.869e+09	0.2868	4.519
4.891e+09	0.09129	0.781
4.914e+09	0.1274	2.026
4.936e+09	0.1622	3.738
4.959e+09	0.3889	5.053
4.981e+09	0.1996	1.093
5.004e+09	0.06222	0.853
5.026e+09	0.2986	1.862
5.049e+09	0.3314	3.635
5.072e+09	0.2937	5.246
5.095e+09	0.2451	3.228
5.118e+09	0.132	0.976
5.141e+09	0.294	2.678
5.164e+09	0.1551	1.374
5.187e+09	0.2427	1.812
5.21e+09	0.1908	2.838
5.233e+09	0.1492	1.688
5.256e+09	0.1983	1.465
5.279e+09	0.2128	0.8607
5.302e+09	0.1534	2.187
5.326e+09	0.4518	3.237
5.349e+09	0.2464	5.022
5.373e+09	0.3064	6.159
5.396e+09	0.4698	7.318
5.42e+09	0.106	0.8107
5.443e+09	0.1764	2.782
5.467e+09	0.1174	1.223
5.49e+09	0.1375	1.369
5.514e+09	0.112	1.285
5.538e+09	0.328	2.33
5.562e+09	0.1557	0.935
5.586e+09	0.108	1.533
5.61e+09	0.401	3.22
5.634e+09	0.06831	0.469
5.658e+09	0.2507	2.015
5.682e+09	0.4357	3.66
5.706e+09	0.08818	0.937
5.73e+09	0.3659	1.867
5.754e+09	0.1925	0.9601
5.779e+09	0.2359	2.988
5.803e+09	0.2631	1.719
5.82e+09	0.2199	2.226
5.837e+09	0.08813	1.489
5.853e+09	0.1584	0.8113
5.87e+09	0.1093	1.696
5.887e+09	0.08325	0.717
5.904e+09	0.2687	1.404
5.921e+09	0.1903	2.435
5.938e+09	0.1873	1.294
5.955e+09	0.1393	2.111
5.972e+09	0.2816	2.774
5.989e+09	0.2356	3.324
6.006e+09	0.3184	4.471
6.023e+09	0.3161	5.487
6.04e+09	0.0842	2.434
6.057e+09	0.1496	3.194
6.074e+09	0.2496	4.206
6.091e+09	0.2041	4.864
6.109e+09	0.2605	5.732
6.126e+09	0.1158	1.06
6.144e+09	0.1295	0.741
6.161e+09	0.2146	2.408
6.178e+09	0.1924	2.712
6.196e+09	0.1771	4.639
6.213e+09	0.2218	1.194
6.231e+09	0.1026	0.6264
6.249e+09	0.31	1.812
6.266e+09	0.2772	2.89
6.284e+09	0.0914	0.963
6.302e+09	0.2166	1.238
6.32e+09	0.4641	2.321
6.337e+09	0.1863	3.412
6.355e+09	0.2419	4.128
6.372e+09	0.3494	4.924
6.39e+09	0.1475	1.17
6.408e+09	0.07128	0.628
6.426e+09	0.2374	2.587
6.444e+09	0.2501	3.395
6.461e+09	0.1912	3.758
6.479e+09	0.2095	4.916
6.497e+09	0.2077	5.238
6.515e+09	0.275	5.321
6.533e+09	0.1231	2.409
6.552e+09	0.1644	1.19
6.57e+09	0.1931	1.812
6.589e+09	0.1269	2.627
6.608e+09	0.2289	0.8859
6.626e+09	0.1977	1.538
6.645e+09	0.1515	1.613
6.664e+09	0.2429	2.639
6.683e+09	0.2742	3.588
6.702e+09	0.1933	2.55
6.725e+09	0.08999	0.4523
6.748e+09	0.3242	1.7
6.77e+09	0.1813	3.502
6.793e+09	0.2689	5.155
6.815e+09	0.14	0.6616
6.838e+09	0.08249	1.429
6.861e+09	0.2496	2.912
6.884e+09	0.2241	3.951
6.908e+09	0.244	4.67
6.932e+09	0.1447	0.9724
6.957e+09	0.1609	2.184
6.982e+09	0.1942	2.337
7.009e+09	0.2329	3.183
7.035e+09	0.0732	1.163
7.06e+09	0.0765	1.097
7.079e+09	0.1011	1.897
7.098e+09	0.1121	2.767
7.118e+09	0.1687	3.839
7.137e+09	0.2022	4.777
7.157e+09	0.3609	5.695
7.176e+09	0.3034	6.392
7.196e+09	0.2849	7.317
7.215e+09	0.3492	6.652
7.235e+09	0.2776	7.251
7.254e+09	0.3208	6.871
7.274e+09	0.466	7.234
7.294e+09	0.4612	6.973
7.316e+09	0.2343	5.684
7.335e+09	0.3041	6.336
7.355e+09	0.2143	5.514
7.375e+09	0.2875	5.375
7.395e+09	0.2062	5.274
7.415e+09	0.2276	6.131
7.434e+09	0.3339	1.641
7.454e+09	0.1598	0.758
7.474e+09	0.09505	1.069
7.494e+09	0.1826	1.993
7.514e+09	0.1802	3.297
7.534e+09	0.1215	2.911
7.554e+09	0.1764	4.064
7.574e+09	0.1158	0.829
7.594e+09	0.2175	1.829
7.614e+09	0.3415	2.886
7.634e+09	0.5718	4.122
7.654e+09	0.1614	1.815
7.674e+09	0.1769	1.216
7.694e+09	0.1769	1.216
7.717e+09	0.1769	1.216
7.739e+09	0.1804	1.039
7.759e+09	0.1186	2.224
7.781e+09	0.06836	1.206
7.803e+09	0.03713	0.49
7.823e+09	0.09727	1.51
7.843e+09	0.1618	2.453
7.864e+09	0.1215	2.952
7.884e+09	0.3445	3.818
7.905e+09	0.1612	3.588
7.925e+09	0.2529	4.226
7.945e+09	0.2238	5.296
7.966e+09	0.2164	3.592
7.987e+09	0.248	4.302
8.007e+09	0.1268	0.652
8.029e+09	0.08815	1.04
8.049e+09	0.1418	2.089
8.07e+09	0.2703	2.977
8.091e+09	0.2415	3.955
8.111e+09	0.04608	0.504
8.132e+09	0.1257	1.266
8.153e+09	0.2071	2.326
8.174e+09	0.2027	3.279
8.194e+09	0.3795	4.119
8.215e+09	0.3211	5.271
8.236e+09	0.3148	5.124
8.257e+09	0.07538	2.689
8.278e+09	0.2347	3.93
8.299e+09	0.2085	4.404
8.32e+09	0.2682	4.762
8.341e+09	0.2554	4.888
8.362e+09	0.2146	2.74
8.383e+09	0.2343	4.026
8.404e+09	0.1547	1.317
8.425e+09	0.1301	1.68
8.446e+09	0.1213	0.567
8.467e+09	0.1135	1.128
8.488e+09	0.1821	2.188
8.51e+09	0.2691	3.145
8.53e+09	0.09539	2.545
8.551e+09	0.3236	3.567
8.572e+09	0.225	1.908
8.594e+09	0.342	2.817
8.615e+09	0.1092	2.829
8.636e+09	0.1607	3.385
8.658e+09	0.1929	3.714
8.678e+09	0.4118	4.666
8.699e+09	0.4045	5.238
8.72e+09	0.3527	5.952
8.742e+09	0.4192	6.747
8.762e+09	0.2571	6.62
8.783e+09	0.3043	7.129
8.804e+09	0.2756	7.656
8.825e+09	0.2038	6.358
8.846e+09	0.2526	2.9
8.868e+09	0.1283	1.678
8.888e+09	0.1083	0.961
8.909e+09	0.1777	0.7234
8.93e+09	0.1336	1.715
8.951e+09	0.1567	2.435
8.971e+09	0.1751	1.974
8.993e+09	0.09666	1.408
9.014e+09	0.04989	0.347
9.035e+09	0.07623	1.384
9.056e+09	0.1612	2.351
9.077e+09	0.2453	3.117
9.098e+09	0.1186	1.368
9.119e+09	0.2007	1.244
9.14e+09	0.1698	0.7521
9.161e+09	0.1048	0.8128
9.182e+09	0.21	1.854
9.203e+09	0.2114	2.695
9.224e+09	0.32	3.607
9.245e+09	0.5182	4.54
9.266e+09	0.4221	5.418
9.288e+09	0.2757	5.703
9.309e+09	0.2877	6.352
9.33e+09	0.1832	1.075
9.351e+09	0.1761	0.9719
9.373e+09	0.155	1.357
9.394e+09	0.2364	1.967
9.415e+09	0.1002	2.14
9.436e+09	0.2843	1.49
9.457e+09	0.1431	0.5278
9.478e+09	0.08013	0.901
9.499e+09	0.08975	1.774
9.519e+09	0.06267	1.95
9.541e+09	0.1308	3.067
9.561e+09	0.2245	3.486
9.582e+09	0.3427	4.344
9.603e+09	0.3834	5.091
9.623e+09	0.1103	0.984
9.645e+09	0.09768	0.997
9.665e+09	0.1003	0.733
9.686e+09	0.117	0.9523
9.707e+09	0.1448	0.828
9.727e+09	0.1166	1.695
9.748e+09	0.2632	2.635
9.77e+09	0.1665	2.051
9.791e+09	0.1116	1.122
9.811e+09	0.06534	0.452
9.832e+09	0.1392	1.055
9.853e+09	0.2693	1.932
9.874e+09	0.3266	2.768
9.895e+09	0.21	3.511
9.916e+09	0.2613	4.297
9.937e+09	0.26	3.685
9.958e+09	0.2447	4.462
9.979e+09	0.3152	5.104
1e+10	0.2247	2.024
1.002e+10	0.09808	1.228
1.004e+10	0.1131	0.776
1.006e+10	0.06466	0.686
1.008e+10	0.1423	1.301
1.01e+10	0.1031	2.299
1.013e+10	0.1315	1.287
1.015e+10	0.1421	1.101
1.017e+10	0.08121	1.056
1.019e+10	0.1155	0.6622
1.021e+10	0.05181	1.21
1.023e+10	0.3052	2.045
1.025e+10	0.2243	1.316
1.027e+10	0.04951	0.592
1.03e+10	0.08267	0.867
1.032e+10	0.1374	1.944
1.034e+10	0.07538	2.037
1.036e+10	0.1471	1.217
1.038e+10	0.1603	0.8494
1.04e+10	0.8229	10
1.042e+10	0.7	9.183
1.045e+10	0.5863	8.458
1.047e+10	0.4854	7.667
1.049e+10	0.4317	6.805
1.051e+10	0.3315	5.984
1.053e+10	0.252	5.426
1.055e+10	0.2087	4.635
1.057e+10	0.1804	4.251
1.059e+10	0.1045	2.998
1.061e+10	0.147	2.74
1.063e+10	0.1369	2.187
1.065e+10	0.09465	1.857
1.067e+10	0.1099	2.06
1.069e+10	0.1545	1.87
1.071e+10	0.1993	2.628
1.073e+10	0.3737	3.502
1.076e+10	0.389	3.977
1.078e+10	0.2421	4.662
1.08e+10	0.3411	5.173
1.082e+10	0.2635	3.152
1.084e+10	0.1287	3.476
1.086e+10	0.1698	3.538
1.088e+10	0.2951	4.283
1.09e+10	0.103	0.5483
1.092e+10	0.1847	1.232
1.094e+10	0.1183	1.53
1.096e+10	0.07507	0.685
1.099e+10	0.05187	0.797
1.101e+10	0.1331	1.35
1.103e+10	0.1104	2.177
1.105e+10	0.1726	2.93
1.107e+10	0.1502	2.971
1.109e+10	0.1441	3.512
1.111e+10	0.1947	4.127
1.113e+10	0.2215	3.013
1.115e+10	0.1154	3.086
1.118e+10	0.0906	3.089
1.12e+10	0.1806	3.792
1.122e+10	0.3267	1.576
1.124e+10	0.2225	0.9886
1.126e+10	0.1217	1.038
1.128e+10	0.07992	1.42
1.13e+10	0.1256	2.142
1.132e+10	0.307	2.952
1.134e+10	0.429	3.655
1.137e+10	0.3196	4.243
1.139e+10	0.1922	5.351
1.141e+10	0.1993	6.391
1.143e+10	0.2336	6.187
1.145e+10	0.07506	0.819
1.147e+10	0.07464	0.593
1.149e+10	0.09313	1.488
1.152e+10	0.1531	1.725
1.154e+10	0.1371	2.505
1.156e+10	0.1745	3.389
1.158e+10	0.1452	3.066
1.16e+10	0.2162	3.713
1.162e+10	0.3309	4.431
1.164e+10	0.0723	0.699
1.166e+10	0.0921	0.9145
1.169e+10	0.1083	1.801
1.171e+10	0.2315	2.372
1.173e+10	0.2337	3.159
1.175e+10	0.2189	3.019
1.177e+10	0.2189	3.019
1.179e+10	0.1919	3.579
1.181e+10	0.15	3.877
1.183e+10	0.1727	4.521
1.186e+10	0.2567	2.013
1.188e+10	0.1486	1.323
1.19e+10	0.06574	0.635
1.192e+10	0.09434	0.742
1.194e+10	0.2909	1.935
1.196e+10	0.1137	1.179
1.198e+10	0.04136	0.529
1.2e+10	0.09566	0.6459
1.202e+10	0.07095	1.373
1.205e+10	0.1797	2.001
1.207e+10	0.1488	0.8501
1.209e+10	0.1873	1.487
1.211e+10	0.198	1.35
1.213e+10	0.1697	1.87
1.215e+10	0.3129	2.602
1.217e+10	0.2276	3.239
1.219e+10	0.08167	0.565
1.221e+10	0.05564	0.4669
1.223e+10	0.07274	1.195
1.226e+10	0.1215	2.646
1.228e+10	0.1743	2.678
1.23e+10	0.2326	3.211
1.232e+10	0.1327	1.854
1.234e+10	0.1083	1.434
1.236e+10	0.101	0.648
1.238e+10	0.07256	0.439
1.24e+10	0.06384	0.7303
1.242e+10	0.08911	1.569
1.245e+10	0.1251	2.194
1.247e+10	0.1677	2.875
1.249e+10	0.1036	2.079
1.251e+10	0.1648	1.554
1.253e+10	0.139	1.041
1.255e+10	0.06459	0.588
1.257e+10	0.07304	1.32
1.259e+10	0.1468	2.222
1.262e+10	0.1738	2.732
1.264e+10	0.1289	2.985
1.266e+10	0.1803	3.742
1.269e+10	0.2244	2.809
1.271e+10	0.1187	2.954
1.273e+10	0.1078	3.134
1.276e+10	0.1737	3.581
1.278e+10	0.1449	2.988
1.28e+10	0.06359	0.6
1.282e+10	0.07698	1.399
1.284e+10	0.07765	1.47
1.286e+10	0.1581	2.14
1.289e+10	0.2396	2.668
1.291e+10	0.3481	3.353
1.293e+10	0.1169	2.265
1.295e+10	0.1267	1.361
1.297e+10	0.1955	2.037
1.299e+10	0.1771	2.731
1.301e+10	0.271	3.395
1.303e+10	0.3369	4.021
1.305e+10	0.05136	1.244
1.308e+10	0.0951	1.764
1.31e+10	0.1569	2.322
1.312e+10	0.06291	0.547
1.314e+10	0.03995	0.998
1.316e+10	0.07694	1.811
1.318e+10	0.1385	2.64
1.32e+10	0.143	3.225
1.322e+10	0.199	3.489
1.324e+10	0.3025	4.143
1.326e+10	0.3093	4.666
1.328e+10	0.1768	2.503
1.331e+10	0.1827	3.148
1.333e+10	0.103	1.194
1.335e+10	0.1001	0.626
1.337e+10	0.2378	1.509
1.339e+10	0.1847	1.151
1.341e+10	0.1598	0.718
1.343e+10	0.0306	0.699
1.345e+10	0.08804	1.38
1.347e+10	0.1198	1.721
1.349e+10	0.2573	2.327
1.352e+10	0.2154	2.842
1.354e+10	0.2308	3.54
1.356e+10	0.2763	4.15
1.358e+10	0.2135	4.614
1.36e+10	0.2713	5.214
1.363e+10	0.2699	5.497
1.365e+10	0.3672	6.029
1.368e+10	0.2001	1.716
1.37e+10	0.1885	2.355
1.373e+10	0.07059	1.189
1.375e+10	0.1275	1.823
1.378e+10	0.1929	2.499
1.38e+10	0.2994	3.261
1.383e+10	0.1481	3.488
1.386e+10	0.17	4.24
1.389e+10	0.2325	4.962
1.391e+10	0.2371	5.651
1.394e+10	0.1094	3.449
1.396e+10	0.1327	4.07
1.398e+10	0.2254	4.137
1.401e+10	0.2084	2.667
1.403e+10	0.1335	3.214
1.405e+10	0.04486	0.667
1.407e+10	0.1165	1.344
1.409e+10	0.1436	1.983
1.411e+10	0.199	2.292
1.414e+10	0.199	2.291
1.416e+10	0.199	2.285
1.418e+10	0.199	2.285
1.421e+10	0.199	2.285
1.423e+10	0.199	2.285
1.426e+10	0.199	2.285
1.428e+10	0.199	2.285
1.43e+10	0.199	2.285
1.433e+10	0.199	2.285
1.435e+10	0.199	2.285
1.437e+10	0.199	2.285
1.439e+10	0.199	2.285
1.442e+10	0.199	2.285
1.444e+10	0.199	2.285
1.447e+10	0.199	2.285
1.449e+10	0.199	2.285
1.451e+10	0.199	2.285
1.454e+10	0.199	2.285
1.456e+10	0.199	2.285
1.458e+10	0.199	2.285
1.461e+10	0.199	2.285
1.463e+10	0.199	2.285
1.466e+10	0.199	2.285
1.468e+10	0.199	2.285
1.471e+10	0.199	2.285
1.473e+10	0.199	2.285
1.475e+10	0.199	2.285
1.478e+10	0.199	2.285
1.48e+10	0.199	2.285
1.482e+10	0.199	2.285
1.485e+10	0.199	2.285
1.487e+10	0.199	2.285
1.49e+10	0.199	2.285
1.492e+10	0.199	2.285
1.495e+10	0.199	2.285
1.497e+10	0.199	2.285
1.499e+10	0.199	2.285
1.502e+10	0.199	2.285
1.504e+10	0.199	2.285
1.506e+10	0.199	2.285
1.508e+10	0.199	2.285
1.511e+10	0.199	2.285
1.513e+10	0.199	2.285
1.516e+10	0.199	2.285
1.518e+10	0.199	2.285
1.52e+10	0.1716	2.082
1.523e+10	0.1283	2.24
1.525e+10	0.09567	2.707
1.527e+10	0.1804	1.2
1.529e+10	0.1728	0.774
1.531e+10	0.05853	0.437
1.533e+10	0.1427	1.009
1.535e+10	0.2572	1.561
1.537e+10	0.1468	2.062
1.539e+10	0.177	2.574
1.542e+10	0.2872	3.19
1.544e+10	0.2359	2.829
1.546e+10	0.07413	2.154
1.548e+10	0.1231	2.933
1.55e+10	0.1044	3.058
1.552e+10	0.2013	3.375
1.554e+10	0.1584	1.571
1.556e+10	0.07041	0.909
1.558e+10	0.09171	1.399
1.561e+10	0.04311	0.317
1.563e+10	0.1199	1.315
1.565e+10	0.09579	1.571
1.567e+10	0.1197	2.052
1.569e+10	0.1459	2.7
1.571e+10	0.1697	2.964
1.573e+10	0.2256	3.406
1.575e+10	0.0442	0.4723
1.578e+10	0.09568	0.74
1.58e+10	0.1467	0.907
1.583e+10	0.08763	1.359
1.585e+10	0.1135	1.794
1.588e+10	0.154	2.445
1.591e+10	0.1293	2.721
1.593e+10	0.1521	1.292
1.596e+10	0.08666	1.607
1.599e+10	0.1342	1.527
1.601e+10	0.1121	1.672
1.604e+10	0.2696	2.383
1.607e+10	0.1988	1.943
1.61e+10	0.2469	2.655
1.612e+10	0.3261	3.33
1.615e+10	0.1871	4.183
1.617e+10	0.04015	0.367
1.619e+10	0.1173	0.543
1.621e+10	0.06105	1.124
1.624e+10	0.08876	1.992
1.626e+10	0.1179	2.267
1.628e+10	0.147	2.822
1.63e+10	0.1278	3.514
1.632e+10	0.1515	3.852
1.634e+10	0.2064	4.06
1.637e+10	0.24	4.488
1.639e+10	0.2607	4.899
1.641e+10	0.06496	0.413
1.643e+10	0.03376	0.718
1.645e+10	0.261	1.664
1.648e+10	0.1498	1.127
1.65e+10	0.1286	0.779
1.652e+10	0.02304	0.276
1.654e+10	0.03725	0.339
1.656e+10	0.1109	0.8199
1.658e+10	0.03504	0.33
1.661e+10	0.0652	0.843
1.663e+10	0.05126	0.602
1.665e+10	0.09794	0.5392
1.667e+10	0.1014	1.051
1.669e+10	0.09547	1.628
1.671e+10	0.1228	2.375
1.673e+10	0.1379	2.665
1.675e+10	0.1029	0.4721
1.678e+10	0.04253	0.594
1.68e+10	0.1383	1.012
1.682e+10	0.1343	1.499
1.684e+10	0.1301	2.104
1.686e+10	0.1045	2.339
1.688e+10	0.1319	2.861
1.69e+10	0.1885	3.171
1.693e+10	0.2021	3.706
1.695e+10	0.06463	0.974
1.697e+10	0.02733	0.354
1.699e+10	0.02814	0.612
1.701e+10	0.09333	1.142
1.703e+10	0.08511	0.989
1.705e+10	0.1203	1.528
1.708e+10	0.1256	1.382
1.71e+10	0.1341	1.299
1.712e+10	0.1688	1.124
1.714e+10	0.08413	0.4657
1.716e+10	0.09566	1.228
1.718e+10	0.05184	0.968
1.72e+10	0.1765	1.101
1.722e+10	0.1699	1.092
1.725e+10	0.05889	0.649
1.727e+10	0.05542	0.52
1.729e+10	0.1086	0.905
1.731e+10	0.09822	1.663
1.733e+10	0.08823	2.291
1.735e+10	0.1848	2.185
1.737e+10	0.08489	2.229
1.739e+10	0.07231	2.167
1.741e+10	0.1788	2.635
1.744e+10	0.05984	0.703
1.746e+10	0.05667	1.142
1.748e+10	0.05817	0.739
1.75e+10	0.164	1.446
1.752e+10	0.1738	0.9761
1.754e+10	0.06705	0.468
1.756e+10	0.09854	0.566
1.758e+10	0.1078	1.343
1.76e+10	0.07511	1.361
1.763e+10	0.1251	1.649
1.765e+10	0.248	2.24
1.767e+10	0.1427	1.743
1.769e+10	0.1261	1.539
1.771e+10	0.07594	1.081
1.773e+10	0.09241	0.909
1.775e+10	0.03858	0.286
1.777e+10	0.02046	0.324
1.78e+10	0.03588	0.611
1.782e+10	0.01836	0.466
1.784e+10	0.08503	0.876
1.786e+10	0.07398	1.229
1.788e+10	0.1199	1.439
1.79e+10	0.225	1.94
1.792e+10	0.2461	2.373
1.795e+10	0.2491	2.418
1.797e+10	0.2479	2.396
1.799e+10	0.2101	2.514
1.801e+10	0.2006	2.97
1.804e+10	0.19	3.025
1.806e+10	0.07951	1.109
1.808e+10	0.1262	1.588
1.81e+10	0.1235	2.054
1.812e+10	0.1868	2.572
1.814e+10	0.1603	2.963
1.816e+10	0.04656	0.548
1.819e+10	0.0669	0.763
1.821e+10	0.076	0.786
1.823e+10	0.07105	1.073
1.825e+10	0.07718	1.547
1.827e+10	0.1364	1.809
1.829e+10	0.16	2.66
1.832e+10	0.1514	2.767
1.834e+10	0.1424	3.303
1.836e+10	0.161	3.446
1.838e+10	0.2283	3.885
1.84e+10	0.3138	4.33
1.842e+10	0.1932	4.73
1.845e+10	0.2162	4.181
1.847e+10	0.114	1.605
1.849e+10	0.1848	2.095
1.851e+10	0.256	2.537
1.853e+10	0.2338	2.966
1.856e+10	0.2125	3.456
1.858e+10	0.254	3.904
1.86e+10	0.3001	4.372
1.862e+10	0.3094	4.21
1.864e+10	0.1598	2.167
1.866e+10	0.1027	2.739
1.869e+10	0.1384	3.08
1.871e+10	0.1875	4.549
1.873e+10	0.1651	4.559
1.875e+10	0.208	4.549
1.877e+10	0.2668	4.763
1.88e+10	0.262	5.172
1.882e+10	0.3364	5.579
1.884e+10	0.1044	0.974
1.886e+10	0.1117	0.735
1.888e+10	0.1543	0.743
1.89e+10	0.1008	1.258
1.892e+10	0.1254	0.865
1.895e+10	0.113	0.679
1.897e+10	0.05372	1.048
1.899e+10	0.05415	0.656
1.901e+10	0.03149	0.57
1.903e+10	0.09246	0.8664
1.905e+10	0.07835	1.384
1.908e+10	0.09252	1.717
1.91e+10	0.1072	1.984
1.912e+10	0.1326	2.561
1.914e+10	0.1839	2.751
1.916e+10	0.2027	3.252
1.918e+10	0.1001	1.009
1.921e+10	0.09114	1.477
1.923e+10	0.0861	2.327
1.925e+10	0.1073	2.877
1.927e+10	0.1721	3.334
1.929e+10	0.1656	3.48
1.931e+10	0.1724	3.758
1.933e+10	0.213	3.864
1.935e+10	0.2351	4.283
1.937e+10	0.2158	4.33
1.94e+10	0.2086	4.705
1.942e+10	0.2431	5.231
1.944e+10	0.2198	5.648
1.946e+10	0.2541	5.755
1.948e+10	0.1609	3.347
1.95e+10	0.1599	3.779
1.953e+10	0.2264	4.165
1.955e+10	0.3134	4.693
1.957e+10	0.2306	5.315
1.959e+10	0.2503	5.385
1.962e+10	0.3293	5.687
1.964e+10	0.2077	5.831
1.966e+10	0.2646	6.061
1.968e+10	0.2822	6.494
1.97e+10	0.3867	6.948
1.973e+10	0.3883	6.621
1.975e+10	0.08585	1.618
1.977e+10	0.09252	2.216
1.979e+10	0.07263	1.136
1.982e+10	0.1534	2.152
1.984e+10	0.1729	2.402
1.986e+10	0.1252	2.511
1.988e+10	0.1308	2.613
1.99e+10	0.1919	2.924
1.993e+10	0.2204	3.33
1.995e+10	0.2284	3.74
1.997e+10	0.2772	4.238
1.999e+10	0.3485	4.672
2.001e+10	0.1332	1.759
2.004e+10	0.2204	2.143
2.006e+10	0.3087	2.553
2.008e+10	0.4301	3.024
2.01e+10	0.1094	0.8005
2.012e+10	0.1326	0.838
2.014e+10	0.1317	1.195
2.016e+10	0.1166	1.676
2.018e+10	0.0667	1.092
2.021e+10	0.07847	1.292
2.023e+10	0.1503	1.61
2.025e+10	0.1096	1.952
2.027e+10	0.1145	2.43
2.029e+10	0.1396	3.514
2.031e+10	0.1286	3.932
2.033e+10	0.1757	4.02
2.036e+10	0.1741	4.413
2.038e+10	0.09209	2.244
2.04e+10	0.03355	0.513
2.042e+10	0.06393	0.723
2.044e+10	0.09292	1.19
2.046e+10	0.08396	1.594
2.048e+10	0.09184	1.829
2.051e+10	0.1267	2.153
2.053e+10	0.2321	2.602
2.055e+10	0.2107	3.009
2.057e+10	0.08039	1.116
2.059e+10	0.08237	1.469
2.061e+10	0.1457	2.095
2.063e+10	0.1971	2.537
2.066e+10	0.1576	2.701
2.068e+10	0.1407	2.838
2.07e+10	0.1398	3.379
2.072e+10	0.1646	3.634
2.074e+10	0.165	3.541
2.077e+10	0.165	3.541
2.079e+10	0.165	3.54
2.081e+10	0.102	0.693
2.083e+10	0.04052	1.002
2.085e+10	0.07669	1.408
2.088e+10	0.07945	1.897
2.09e+10	0.04959	0.954
2.092e+10	0.06184	1.131
2.094e+10	0.05749	1.387
2.096e+10	0.08657	1.804
2.098e+10	0.08675	0.617
2.101e+10	0.03422	0.685
2.103e+10	0.1154	0.7266
2.105e+10	0.1251	0.9963
2.107e+10	0.05012	0.641
2.11e+10	0.02722	0.455
2.112e+10	0.07062	0.7479
2.115e+10	0.05065	0.642
2.118e+10	0.02664	0.463
2.12e+10	0.04791	0.6753
2.123e+10	0.05981	1.179
2.126e+10	0.1162	1.657
2.128e+10	0.1165	1.99
2.131e+10	0.2037	2.496
2.134e+10	0.06183	0.697
2.136e+10	0.09235	1.205
2.139e+10	0.1615	1.768
2.142e+10	0.1539	2.204
2.144e+10	0.1646	1.831
2.147e+10	0.1125	1.538
2.149e+10	0.1438	1.38
2.151e+10	0.1418	1.319
2.153e+10	0.06652	0.659
2.155e+10	0.05528	0.446
2.157e+10	0.06551	0.807
2.159e+10	0.04566	1.088
2.161e+10	0.06377	1.646
2.163e+10	0.08528	2.148
2.165e+10	0.1128	2.47
2.167e+10	0.1101	2.638
2.169e+10	0.1291	2.936
2.171e+10	0.1536	3.22
2.173e+10	0.2026	3.459
2.175e+10	0.145	2.828
2.177e+10	0.1266	1.409
2.18e+10	0.1339	1.18
2.182e+10	0.06438	0.886
2.184e+10	0.04602	0.537
2.186e+10	0.03643	0.26
2.188e+10	0.05942	0.603
2.19e+10	0.09463	0.953
2.192e+10	0.03402	0.431
2.194e+10	0.08079	1.054
2.196e+10	0.08405	1.418
2.198e+10	0.09419	1.538
2.2e+10	0.1243	1.927
2.202e+10	0.2002	2.279
2.205e+10	0.1545	2.474
2.207e+10	0.07962	1.603
2.209e+10	0.1039	1.892
2.211e+10	0.1289	1.686
2.213e+10	0.1504	2.095
2.215e+10	0.1491	2.549
2.217e+10	0.1975	2.932
2.219e+10	0.1735	3.309
2.222e+10	0.1483	2.746
2.224e+10	0.08513	1.451
2.227e+10	0.08361	1.453
2.23e+10	0.113	2.008
2.232e+10	0.2028	2.328
2.235e+10	0.1389	2.247
2.238e+10	0.1293	2.763
2.24e+10	0.1274	3
2.243e+10	0.1014	2.78
2.246e+10	0.08587	2.511
2.248e+10	0.1382	2.92
2.251e+10	0.06031	0.613
2.254e+10	0.07355	1.135
2.257e+10	0.1033	1.688
2.259e+10	0.07646	1.123
2.261e+10	0.04497	0.385
2.263e+10	0.1894	1.03
2.265e+10	0.1324	0.6824
2.267e+10	0.05658	0.355
2.269e+10	0.06893	0.797
2.272e+10	0.05958	0.945
2.274e+10	0.09266	1.633
2.276e+10	0.06615	1.687
2.278e+10	0.05265	0.714
2.28e+10	0.07159	1.085
2.282e+10	0.06645	1.246
2.284e+10	0.06696	0.459
2.286e+10	0.0373	0.386
2.288e+10	0.1642	0.977
2.291e+10	0.09491	0.617
2.293e+10	0.07633	0.463
2.295e+10	0.06821	0.533
2.298e+10	0.05515	0.789
2.3e+10	0.08965	0.882
2.303e+10	0.1561	1.253
2.305e+10	0.06086	0.809
2.307e+10	0.06459	0.486
2.31e+10	0.07321	0.551
2.312e+10	0.1161	0.982
2.315e+10	0.1812	1.42
2.317e+10	0.1874	1.905
2.32e+10	0.2918	2.404
2.322e+10	0.03814	0.296
2.325e+10	0.05046	0.663
2.327e+10	0.04469	0.893
2.33e+10	0.09902	1.327
2.332e+10	0.131	1.607
2.334e+10	0.1252	1.528
2.336e+10	0.05565	0.8
2.338e+10	0.05631	1.07
2.34e+10	0.08627	1.496
2.342e+10	0.1176	1.801
2.344e+10	0.1034	1.883
2.347e+10	0.1467	2.039
2.349e+10	0.1528	1.075
2.351e+10	0.07121	0.68
2.353e+10	0.11	0.503
2.355e+10	0.09114	0.691
2.357e+10	0.0584	0.961
2.36e+10	0.07127	1.197
2.362e+10	0.1158	1.414
2.364e+10	0.188	1.833
2.366e+10	0.2146	2.181
2.368e+10	0.1986	2.626
2.37e+10	0.05495	0.707
2.372e+10	0.07093	0.761
2.375e+10	0.04362	0.888
2.377e+10	0.09651	1.708
2.379e+10	0.09478	1.945
2.381e+10	0.09357	1.984
2.383e+10	0.1458	2.246
2.385e+10	0.146	2.493
2.388e+10	0.193	2.849
2.39e+10	0.03534	0.775
2.392e+10	0.05027	1.116
2.394e+10	0.07937	1.356
2.396e+10	0.1166	1.663
2.398e+10	0.119	1.972
2.401e+10	0.1572	2.327
2.403e+10	0.06798	0.904
2.405e+10	0.04783	1.103
2.407e+10	0.07471	1.295
2.409e+10	0.148	1.671
2.411e+10	0.07298	1.797
2.414e+10	0.1585	1.495
2.416e+10	0.1283	1.179
2.418e+10	0.09159	0.7428
2.421e+10	0.1165	0.6351
2.423e+10	0.04648	0.712
2.426e+10	0.06817	0.9091
2.428e+10	0.1034	1.294
2.431e+10	0.1594	1.738
2.434e+10	0.1133	2.308
2.436e+10	0.1455	2.481
2.439e+10	0.1505	3.139
2.441e+10	0.1733	3.658
2.444e+10	0.2407	3.76
2.447e+10	0.1123	2.073
2.45e+10	0.05258	0.33
2.453e+10	0.0897	0.6582
2.455e+10	0.1949	1.123
2.458e+10	0.07824	0.613
2.46e+10	0.08342	0.484
2.462e+10	0.08978	0.574
2.464e+10	0.05803	1.369
2.467e+10	0.07119	1.741
2.469e+10	0.08269	1.902
2.471e+10	0.08975	2.007
2.473e+10	0.1121	2.224
2.475e+10	0.08721	0.5027
2.477e+10	0.04797	0.374
2.479e+10	0.05981	0.738
2.481e+10	0.05412	1.188
2.483e+10	0.08347	1.274
2.485e+10	0.1348	1.61
2.487e+10	0.08724	1.12
2.49e+10	0.03756	0.45
2.492e+10	0.07058	0.5389
2.494e+10	0.1018	0.7086
2.496e+10	0.1522	1.017
2.498e+10	0.1946	1.294
2.5e+10	0.09478	1.071
2.502e+10	0.08629	0.683
2.504e+10	0.06482	0.465
2.506e+10	0.06356	0.975
2.508e+10	0.0719	1.147
2.51e+10	0.0985	1.393
2.512e+10	0.09	1.688
2.514e+10	0.04849	0.795
2.516e+10	0.06537	1.222
2.518e+10	0.09488	1.3
2.52e+10	0.1332	1.555
2.522e+10	0.1254	1.633
2.525e+10	0.1137	1.984
2.527e+10	0.1506	2.272
2.529e+10	0.187	2.638
2.531e+10	0.167	2.877
2.533e+10	0.1704	3.283
2.535e+10	0.1976	3.522
2.537e+10	0.2235	3.459
2.539e+10	0.1744	2.02
2.541e+10	0.1209	2.541
2.543e+10	0.1411	2.651
2.545e+10	0.1116	2.727
2.547e+10	0.1478	2.984
2.549e+10	0.1562	2.971
2.551e+10	0.2109	3.295
2.554e+10	0.2401	2.462
2.556e+10	0.1985	1.994
2.558e+10	0.2703	2.25
2.56e+10	0.2473	2.32
2.562e+10	0.2891	2.623
2.564e+10	0.1412	2.269
2.566e+10	0.1163	1.294
2.568e+10	0.07472	1.39
2.57e+10	0.1182	1.54
2.572e+10	0.1649	1.825
2.574e+10	0.05732	0.61
2.576e+10	0.1131	0.8271
2.579e+10	0.202	1.151
2.581e+10	0.06086	0.763
2.583e+10	0.07561	0.946
2.585e+10	0.07887	1.064
2.587e+10	0.07071	1.056
2.589e+10	0.04763	0.788
2.591e+10	0.06638	0.575
2.593e+10	0.05152	0.4547
2.595e+10	0.05474	0.917
2.597e+10	0.08128	1.096
2.599e+10	0.06416	0.8533
2.602e+10	0.05173	0.704
2.604e+10	0.09585	0.636
2.606e+10	0.05367	0.393
2.608e+10	0.04049	0.4917
2.61e+10	0.03349	0.408
2.612e+10	0.01804	0.438
2.614e+10	0.03682	0.591
2.616e+10	0.03795	0.376
2.618e+10	0.02332	0.57
2.62e+10	0.1313	1.283
2.623e+10	0.1291	1.639
2.625e+10	0.1241	1.85
2.627e+10	0.09297	2.036
2.629e+10	0.1057	2.191
2.631e+10	0.1296	2.445
2.633e+10	0.1493	2.802
2.635e+10	0.09392	1.042
2.637e+10	0.1154	0.5253
2.639e+10	0.0693	0.511
2.642e+10	0.03293	0.752
2.644e+10	0.07901	0.833
2.646e+10	0.1307	1.178
2.648e+10	0.1281	1.487
2.65e+10	0.1567	1.738
2.652e+10	0.04507	1.141
2.654e+10	0.04723	0.593
2.656e+10	0.09313	0.576
2.658e+10	0.1421	0.65
2.661e+10	0.1071	0.6106
2.663e+10	0.09721	0.6537
2.665e+10	0.07177	0.9571
2.667e+10	0.1173	1.247
2.669e+10	0.1021	1.555
2.671e+10	0.1061	1.953
2.673e+10	0.109	2.217
2.675e+10	0.1638	2.549
2.678e+10	0.06266	0.6
2.68e+10	0.04576	0.654
2.682e+10	0.09149	0.9579
2.684e+10	0.06486	1.165
2.686e+10	0.0776	1.482
2.688e+10	0.07923	1.258
2.69e+10	0.1458	1.57
2.692e+10	0.1311	1.907
2.695e+10	0.08096	0.8817
2.697e+10	0.06014	1.292
2.699e+10	0.1022	1.499
2.701e+10	0.1094	1.778
2.703e+10	0.1319	1.531
2.705e+10	0.09387	1.142
2.707e+10	0.06657	0.949
2.71e+10	0.07552	0.78
2.712e+10	0.096	0.57
2.714e+10	0.05595	0.742
2.716e+10	0.03707	0.866
2.718e+10	0.0786	1.226
2.72e+10	0.126	1.488
2.722e+10	0.09783	1.544
2.725e+10	0.02534	0.344
2.727e+10	0.04999	0.321
2.729e+10	0.04526	0.678
2.731e+10	0.07174	0.674
2.733e+10	0.1893	1.013
2.735e+10	0.1809	1.034
2.737e+10	0.139	0.7679
2.74e+10	0.1144	0.7047
2.742e+10	0.1634	0.925
2.744e+10	0.1034	0.979
2.746e+10	0.1873	1.315
2.748e+10	0.1201	1.424
2.75e+10	0.104	1.697
2.753e+10	0.08476	1.922
2.755e+10	0.1762	1.585
2.757e+10	0.1627	1.257
2.759e+10	0.121	0.953
2.761e+10	0.05702	0.623
2.763e+10	0.08416	0.924
2.765e+10	0.04383	0.631
2.768e+10	0.08554	0.3703
2.77e+10	0.05611	0.58
2.772e+10	0.05199	0.754
2.774e+10	0.05231	1.101
2.776e+10	0.08425	1.242
2.778e+10	0.05672	1.054
2.781e+10	0.09143	1.582
2.783e+10	0.09261	1.783
2.785e+10	0.08406	1.797
2.787e+10	0.08195	0.613
2.789e+10	0.04211	0.339
2.791e+10	0.03028	0.551
2.794e+10	0.04924	0.807
2.796e+10	0.07122	1.086
2.798e+10	0.05003	0.576
2.8e+10	0.07322	0.784
2.802e+10	0.06223	1.041
2.805e+10	0.04645	0.701
2.807e+10	0.04312	0.971
2.809e+10	0.1312	1.392
2.811e+10	0.09361	1.166
2.813e+10	0.07447	0.878
2.815e+10	0.03952	0.577
2.818e+10	0.0414	0.357
2.82e+10	0.04587	0.324
2.822e+10	0.1224	0.5752
2.824e+10	0.1341	0.7199
2.826e+10	0.07252	0.78
2.829e+10	0.07178	0.524
2.831e+10	0.09093	0.4386
2.833e+10	0.1361	0.6896
2.835e+10	0.1632	0.9921
2.837e+10	0.09374	1.265
2.839e+10	0.1137	1.631
2.842e+10	0.1528	1.893
2.844e+10	0.208	2.16
2.846e+10	0.123	0.857
2.848e+10	0.1076	1.164
2.85e+10	0.1139	1.418
2.852e+10	0.0535	0.875
2.854e+10	0.03452	0.547
2.857e+10	0.1344	1.244
2.859e+10	0.1877	1.778
2.861e+10	0.1168	1.505
2.863e+10	0.09102	1.139
2.865e+10	0.1392	0.893
2.867e+10	0.07336	0.64
2.869e+10	0.05206	0.46
2.871e+10	0.1012	1.189
2.873e+10	0.07998	0.974
2.875e+10	0.04921	0.73
2.877e+10	0.02971	0.55
2.879e+10	0.06516	0.481
2.881e+10	0.03953	0.491
2.883e+10	0.04246	0.332
2.885e+10	0.03827	0.685
2.888e+10	0.06969	1.165
2.89e+10	0.1146	1.895
2.892e+10	0.1337	2.061
2.894e+10	0.1128	2.181
2.896e+10	0.1018	2.436
2.898e+10	0.1072	2.454
2.9e+10	0.1584	2.549
2.902e+10	0.148	2.844
2.904e+10	0.06535	0.924
2.906e+10	0.1272	1.211
2.908e+10	0.1002	1.328
2.911e+10	0.1284	1.019
2.913e+10	0.1061	1.284
2.915e+10	0.02974	0.336
2.917e+10	0.0361	0.488
2.919e+10	0.09942	0.769
2.921e+10	0.09992	1.186
2.923e+10	0.1841	1.421
2.925e+10	0.1323	1.67
2.927e+10	0.09689	0.985
2.929e+10	0.0493	0.806
2.931e+10	0.05213	0.601
2.933e+10	0.02716	0.433
2.935e+10	0.03029	0.723
2.938e+10	0.0723	0.724
2.94e+10	0.1013	0.9302
2.942e+10	0.03601	0.978
2.944e+10	0.08042	0.966
2.946e+10	0.08615	0.6864
2.948e+10	0.03868	0.46
2.95e+10	0.0203	0.375
2.952e+10	0.07001	0.61
2.954e+10	0.08691	0.974
2.956e+10	0.08485	1.364
2.958e+10	0.1048	1.562
2.96e+10	0.1231	1.795
2.962e+10	0.06026	0.845
2.965e+10	0.0864	0.5581
2.967e+10	0.07379	0.336
2.969e+10	0.0547	0.514
2.971e+10	0.03877	0.776
2.973e+10	0.05122	0.988
2.975e+10	0.04568	1.177
2.977e+10	0.07109	1.37
2.979e+10	0.1004	1.657
2.981e+10	0.1317	1.917
2.983e+10	0.1535	2.18
2.985e+10	0.2047	2.489
2.987e+10	0.1036	1.937
2.99e+10	0.1094	2.356
2.992e+10	0.1135	2.4
2.994e+10	0.1076	2.482
2.996e+10	0.1301	2.724
2.998e+10	0.1375	3.022
3e+10	0.1649	3.167
3.002e+10	0.1173	2.244
3.004e+10	0.06893	0.661
3.006e+10	0.1081	1.172
3.008e+10	0.1307	1.043
3.01e+10	0.06094	0.784
3.012e+10	0.05519	0.503
3.014e+10	0.03682	0.299
3.017e+10	0.04377	0.588
3.019e+10	0.0369	0.691
3.021e+10	0.06417	1.219
3.023e+10	0.08738	1.342
3.025e+10	0.05005	0.533
3.027e+10	0.02208	0.272
3.029e+10	0.04578	0.593
3.031e+10	0.06317	0.863
3.033e+10	0.09954	1.031
3.035e+10	0.1508	1.087
3.037e+10	0.1217	0.7871
3.04e+10	0.1074	0.5255
3.042e+10	0.08117	0.349
3.044e+10	0.05054	0.497
3.046e+10	0.06909	0.3474
3.048e+10	0.03953	0.435
3.05e+10	0.04885	0.709
3.052e+10	0.0417	0.267
3.054e+10	0.1111	0.761
3.056e+10	0.09655	1.007
3.058e+10	0.09709	1.02
3.06e+10	0.06125	1.07
3.063e+10	0.05678	0.816
3.065e+10	0.0551	0.835
3.067e+10	0.0551	0.835
3.069e+10	0.05454	0.872
3.072e+10	0.08106	1.215
3.074e+10	0.08356	1.031
3.076e+10	0.122	1.267
3.078e+10	0.1695	1.521
3.08e+10	0.1109	1.77
3.082e+10	0.1465	2.071
3.084e+10	0.1601	2.4
3.086e+10	0.1414	2.612
3.089e+10	0.1448	2.787
3.091e+10	0.08194	1.533
3.093e+10	0.05842	1.133
3.095e+10	0.06264	1.47
3.097e+10	0.1298	0.711
3.099e+10	0.08212	0.799
3.101e+10	0.07757	1.063
3.103e+10	0.07763	0.4627
3.105e+10	0.0945	0.589
3.108e+10	0.1074	0.803
3.11e+10	0.04189	0.823
3.112e+10	0.06708	0.803
3.114e+10	0.04844	1.016
3.116e+10	0.08032	1.463
3.118e+10	0.08015	1.574
3.12e+10	0.08126	1.736
3.122e+10	0.04001	0.798
3.124e+10	0.08549	0.9585
3.127e+10	0.1162	1.268
3.129e+10	0.1067	1.329
3.131e+10	0.1067	1.329
3.133e+10	0.1067	1.329
3.136e+10	0.1067	1.329
3.138e+10	0.1067	1.329
3.14e+10	0.1039	1.371
3.143e+10	0.1308	1.609
3.145e+10	0.1397	1.883
3.147e+10	0.1685	2.172
3.149e+10	0.1007	2.381
3.151e+10	0.1189	2.505
3.153e+10	0.08712	1.641
3.156e+10	0.1317	1.923
3.158e+10	0.1394	2.113
3.16e+10	0.1285	2.303
3.162e+10	0.04602	0.663
3.164e+10	0.03393	0.387
3.166e+10	0.06218	0.552
3.168e+10	0.04727	0.459
3.17e+10	0.05839	0.787
3.173e+10	0.1109	1.238
3.175e+10	0.1226	1.504
3.177e+10	0.09445	1.636
3.179e+10	0.09111	1.764
3.181e+10	0.08063	1.375
3.183e+10	0.1246	1.639
3.185e+10	0.1281	1.804
3.188e+10	0.07298	1.39
3.19e+10	0.08428	0.8731
3.192e+10	0.1119	1.152
3.194e+10	0.1073	1.364
3.196e+10	0.1473	1.636
3.198e+10	0.07625	1.438
3.2e+10	0.03896	0.769
3.203e+10	0.06016	1.001
3.205e+10	0.06765	0.999
3.207e+10	0.03221	0.411
3.209e+10	0.04958	0.5177
3.211e+10	0.05372	0.612
3.213e+10	0.05485	0.737
3.215e+10	0.1295	0.936
3.218e+10	0.1015	0.786
3.22e+10	0.05309	0.4211
3.222e+10	0.0152	0.365
3.224e+10	0.0251	0.586
3.226e+10	0.04778	0.8083
3.228e+10	0.05853	1.192
3.231e+10	0.1049	1.11
3.233e+10	0.0577	0.846
3.235e+10	0.06957	0.937
3.237e+10	0.06389	0.823
3.239e+10	0.06255	0.49
3.241e+10	0.05939	0.516
3.244e+10	0.06088	0.481
3.246e+10	0.06538	0.769
3.248e+10	0.05602	0.974
3.25e+10	0.09277	1.439
3.252e+10	0.07602	1.589
3.254e+10	0.102	2.074
3.256e+10	0.08961	2.09
3.259e+10	0.09969	2.325
3.261e+10	0.1165	2.471
3.263e+10	0.1343	2.648
3.265e+10	0.1527	2.811
3.267e+10	0.1853	3.094
3.269e+10	0.03295	0.377
3.272e+10	0.03648	0.516
3.274e+10	0.07355	0.516
3.276e+10	0.06212	0.388
3.278e+10	0.04464	0.526
3.28e+10	0.0494	0.6604
3.283e+10	0.06611	0.935
3.285e+10	0.09064	1.195
3.287e+10	0.1078	1.437
3.289e+10	0.1206	1.722
3.291e+10	0.1284	1.956
3.293e+10	0.1324	2.245
3.296e+10	0.1483	2.492
3.298e+10	0.1549	2.718
3.3e+10	0.1767	3.045
3.302e+10	0.2154	3.219
3.304e+10	0.2123	3.476
3.306e+10	0.05334	0.769
3.309e+10	0.04844	0.731
3.311e+10	0.04092	0.299
3.313e+10	0.03194	0.2995
3.315e+10	0.04346	0.625
3.317e+10	0.05931	0.904
3.32e+10	0.0677	1.14
3.322e+10	0.08336	1.435
3.324e+10	0.08006	1.865
3.326e+10	0.06802	1.148
3.328e+10	0.1784	0.9105
3.331e+10	0.1639	1.116
3.333e+10	0.2173	1.215
3.335e+10	0.1993	1.056
3.337e+10	0.1972	1.087
3.339e+10	0.1477	0.9002
3.341e+10	0.1116	0.736
3.344e+10	0.07962	0.793
3.346e+10	0.03732	0.833
3.348e+10	0.04606	0.937
3.35e+10	0.06058	1.173
3.352e+10	0.0831	1.44
3.355e+10	0.08952	1.588
3.357e+10	0.1097	1.816
3.359e+10	0.1196	2.074
3.361e+10	0.1514	2.36
3.363e+10	0.165	2.742
3.366e+10	0.1547	2.726
3.368e+10	0.1387	2.18
3.37e+10	0.1159	1.826
3.372e+10	0.1271	2.032
3.374e+10	0.1135	2.446
3.377e+10	0.1197	2.777
3.379e+10	0.136	3.01
3.381e+10	0.05073	1.147
3.383e+10	0.03998	0.521
3.386e+10	0.04718	0.717
3.388e+10	0.06652	0.902
3.39e+10	0.03073	0.347
3.392e+10	0.01853	0.449
3.394e+10	0.05415	1.115
3.396e+10	0.04205	0.954
3.398e+10	0.04836	0.558
3.4e+10	0.04094	0.447
3.403e+10	0.05848	0.379
3.405e+10	0.04018	0.526
3.407e+10	0.05272	0.5403
3.409e+10	0.06485	0.8235
3.411e+10	0.04781	0.74
3.414e+10	0.06281	0.574
3.416e+10	0.09242	0.6134
3.418e+10	0.09735	0.5256
3.42e+10	0.1487	0.9287
3.422e+10	0.09992	0.6604
3.424e+10	0.05037	0.3812
3.426e+10	0.03444	0.411
3.428e+10	0.02518	0.601
3.431e+10	0.03379	0.675
3.433e+10	0.03662	0.291
3.435e+10	0.01591	0.434
3.437e+10	0.05059	0.664
3.439e+10	0.1082	0.9244
3.441e+10	0.1503	1.17
3.443e+10	0.04787	0.566
3.445e+10	0.0276	0.68
3.447e+10	0.0323	0.749
3.449e+10	0.03902	0.869
3.451e+10	0.1021	1.136
3.453e+10	0.1013	1.377
3.455e+10	0.1278	1.606
3.457e+10	0.1341	1.818
3.46e+10	0.1275	1.928
3.462e+10	0.1598	2.181
3.464e+10	0.1941	2.397
3.466e+10	0.1672	2.577
3.468e+10	0.1827	2.807
3.47e+10	0.1935	3.056
3.472e+10	0.2203	3.268
3.474e+10	0.2235	3.475
3.476e+10	0.2128	3.67
3.478e+10	0.1415	2.51
3.48e+10	0.03438	0.697
3.482e+10	0.04798	0.972
3.484e+10	0.06346	1.149
3.487e+10	0.08291	1.323
3.489e+10	0.07689	1.756
3.491e+10	0.08431	1.989
3.493e+10	0.0619	0.4144
3.495e+10	0.1169	0.586
3.497e+10	0.05942	0.606
3.499e+10	0.0361	0.704
3.501e+10	0.07062	0.938
3.503e+10	0.1161	1.209
3.505e+10	0.1404	1.493
3.507e+10	0.149	1.712
3.509e+10	0.1138	1.865
3.511e+10	0.1227	2.106
3.513e+10	0.1389	2.299
3.516e+10	0.1431	2.431
3.518e+10	0.05539	1.399
3.52e+10	0.06243	1.658
3.522e+10	0.08013	1.768
3.524e+10	0.09626	1.985
3.526e+10	0.1179	2.157
3.528e+10	0.1187	2.634
3.53e+10	0.1276	2.681
3.532e+10	0.1437	2.776
3.534e+10	0.09897	1.703
3.537e+10	0.1223	1.795
3.539e+10	0.0972	1.47
3.541e+10	0.02177	0.311
3.543e+10	0.06263	0.3278
3.545e+10	0.04749	0.47
3.547e+10	0.05934	0.575
3.549e+10	0.1068	0.985
3.551e+10	0.09994	1.207
3.553e+10	0.1337	1.508
3.555e+10	0.1435	1.955
3.557e+10	0.1142	2.066
3.56e+10	0.1012	2.32
3.562e+10	0.1912	0.927
3.564e+10	0.1388	0.6947
3.566e+10	0.1685	0.7208
3.568e+10	0.1195	0.612
3.57e+10	0.06677	0.626
3.572e+10	0.06098	0.86
3.574e+10	0.04142	0.917
3.576e+10	0.0677	1.101
3.578e+10	0.07949	1.479
3.58e+10	0.106	1.785
3.582e+10	0.1118	1.987
3.584e+10	0.09215	1.44
3.587e+10	0.04799	0.427
3.589e+10	0.04891	0.301
3.591e+10	0.05743	0.502
3.593e+10	0.04425	0.647
3.595e+10	0.04321	0.72
3.597e+10	0.08497	0.5919
3.599e+10	0.04663	0.483
3.601e+10	0.05842	0.419
3.603e+10	0.04063	0.583
3.605e+10	0.04472	0.651
3.607e+10	0.06164	0.902
3.61e+10	0.07672	1.191
3.612e+10	0.05523	1.09
3.614e+10	0.05848	1.311
3.616e+10	0.07344	1.551
3.618e+10	0.09002	1.845
3.62e+10	0.097	2.284
3.622e+10	0.09416	2.22
3.624e+10	0.1109	2.267
3.626e+10	0.1163	2.415
3.628e+10	0.06243	0.433
3.63e+10	0.0423	0.39
3.633e+10	0.02392	0.524
3.635e+10	0.06902	0.834
3.637e+10	0.06701	1.095
3.639e+10	0.06193	1.218
3.641e+10	0.04679	1.035
3.643e+10	0.09999	0.9485
3.645e+10	0.08842	0.7363
3.647e+10	0.07551	0.6548
3.649e+10	0.03465	0.425
3.651e+10	0.04403	0.383
3.654e+10	0.04147	0.532
3.656e+10	0.06576	0.763
3.658e+10	0.06652	1.042
3.66e+10	0.05529	1.188
3.662e+10	0.08007	1.38
3.664e+10	0.122	1.64
3.666e+10	0.04082	0.4843
3.668e+10	0.09072	0.7104
3.67e+10	0.1034	0.936
3.672e+10	0.1198	1.166
3.675e+10	0.08936	1.368
3.677e+10	0.1229	1.6
3.679e+10	0.1562	1.802
3.681e+10	0.1423	2.001
3.683e+10	0.1302	2.213
3.685e+10	0.1395	2.436
3.687e+10	0.1082	2.071
3.689e+10	0.09249	1.861
3.691e+10	0.07804	1.922
3.694e+10	0.09869	2.024
3.696e+10	0.1052	2.198
3.698e+10	0.1237	2.377
3.7e+10	0.128	2.575
3.702e+10	0.1609	2.832
3.704e+10	0.2063	3.071
3.706e+10	0.1236	1.864
3.708e+10	0.1747	2.08
3.711e+10	0.1813	2.291
3.713e+10	0.21	2.503
3.715e+10	0.16	2.721
3.717e+10	0.03084	0.633
3.719e+10	0.05767	0.857
3.721e+10	0.09883	1.026
3.723e+10	0.09217	0.6572
3.725e+10	0.06762	0.918
3.728e+10	0.07279	1.097
3.73e+10	0.09281	1.391
3.732e+10	0.07431	1.047
3.734e+10	0.0574	0.891
3.736e+10	0.04053	0.65
3.738e+10	0.04023	0.3945
3.74e+10	0.0462	0.41
3.742e+10	0.06117	0.612
3.745e+10	0.1282	1.283
3.747e+10	0.09484	1.334
3.749e+10	0.06718	1.35
3.751e+10	0.05931	1.354
3.753e+10	0.07678	1.513
3.755e+10	0.09474	1.706
3.757e+10	0.03464	0.865
3.759e+10	0.07075	1.072
3.762e+10	0.06398	1.338
3.764e+10	0.07474	1.642
3.766e+10	0.08355	1.972
3.768e+10	0.09475	2.2
3.77e+10	0.1116	2.257
3.772e+10	0.1226	2.34
3.774e+10	0.1523	2.585
3.777e+10	0.1369	1.663
3.779e+10	0.07383	0.3602
3.781e+10	0.07952	0.5968
3.783e+10	0.1037	0.8408
3.785e+10	0.1183	1.05
3.787e+10	0.1169	1.273
3.789e+10	0.05599	0.814
3.791e+10	0.0433	0.679
3.794e+10	0.02759	0.497
3.796e+10	0.03185	0.413
3.798e+10	0.05998	0.4338
3.8e+10	0.04145	0.63
3.803e+10	0.06444	0.85
3.805e+10	0.1089	1.076
3.807e+10	0.08322	1.224
3.809e+10	0.1342	1.487
3.811e+10	0.1261	1.707
3.813e+10	0.1881	1.952
3.815e+10	0.2188	2.168
3.818e+10	0.2091	2.402
3.82e+10	0.1834	2.593
3.822e+10	0.1909	2.777
3.824e+10	0.05184	0.6927
3.826e+10	0.08711	0.9468
3.828e+10	0.09084	0.807
3.831e+10	0.04285	0.739
3.833e+10	0.04879	0.926
3.835e+10	0.06913	1.11
3.837e+10	0.08059	1.331
3.839e+10	0.1009	1.57
3.841e+10	0.1329	1.698
3.843e+10	0.1801	1.928
3.846e+10	0.02785	0.425
3.848e+10	0.04838	0.713
3.85e+10	0.02836	0.475
3.852e+10	0.03684	0.409
3.854e+10	0.02859	0.531
3.856e+10	0.02843	0.401
3.859e+10	0.02446	0.652
3.861e+10	0.06104	0.899
3.863e+10	0.06517	1.077
3.865e+10	0.07303	1.28
3.867e+10	0.08868	1.592
3.869e+10	0.1026	1.855
3.872e+10	0.1088	2.062
3.874e+10	0.08167	1.754
3.876e+10	0.1008	1.963
3.878e+10	0.1079	2.116
3.88e+10	0.1154	2.305
3.882e+10	0.1314	2.521
3.885e+10	0.09274	1.833
3.887e+10	0.08235	1.914
3.889e+10	0.08829	2.037
3.891e+10	0.09944	2.129
3.893e+10	0.07985	2.039
3.895e+10	0.09407	2.23
3.898e+10	0.1272	2.441
3.9e+10	0.04365	0.446
3.902e+10	0.05198	0.511
3.904e+10	0.06765	0.488
3.906e+10	0.06292	0.522
3.908e+10	0.1688	1.187
3.911e+10	0.1532	1.194
3.913e+10	0.1047	0.9431
3.915e+10	0.1456	1.51
3.917e+10	0.1233	1.314
3.919e+10	0.09181	1.073
3.921e+10	0.1656	1.826
3.924e+10	0.1668	1.781
3.926e+10	0.1341	1.535
3.928e+10	0.1054	1.419
3.93e+10	0.08328	1.25
3.932e+10	0.07087	1.038
3.935e+10	0.05361	0.881
3.937e+10	0.045	0.592
3.939e+10	0.0303	0.317
3.941e+10	0.01548	0.315
3.943e+10	0.03013	0.469
3.945e+10	0.03741	0.784
3.948e+10	0.0188	0.2837
3.95e+10	0.01875	0.269
3.952e+10	0.0363	0.3704
3.954e+10	0.06299	0.5945
3.956e+10	0.06887	0.7036
3.959e+10	0.06317	0.878
3.961e+10	0.05974	1.114
3.963e+10	0.1108	1.349
3.965e+10	0.1491	1.567
3.967e+10	0.1613	1.777
3.97e+10	0.1525	1.975
3.972e+10	0.05767	0.671
3.974e+10	0.07051	0.502
3.976e+10	0.1212	0.5364
3.978e+10	0.03979	0.683
3.981e+10	0.05613	0.886
3.983e+10	0.04885	0.639
3.985e+10	0.1079	0.663
3.987e+10	0.08882	0.5675
3.989e+10	0.04146	0.441
3.992e+10	0.03171	0.45
3.994e+10	0.06049	0.657
3.996e+10	0.1143	0.84
3.998e+10	0.1646	1.075
4e+10	0.1331	1.391
4.003e+10	0.159	1.55
4.005e+10	0.1189	1.149
4.007e+10	0.09183	1.253
4.009e+10	0.1178	1.432
4.011e+10	0.08739	1.707
4.014e+10	0.1124	1.858
4.016e+10	0.0524	0.6848
4.018e+10	0.06943	0.89
4.02e+10	0.04397	0.54
4.022e+10	0.03414	0.344
4.025e+10	0.03619	0.418
4.027e+10	0.1313	0.5044
4.029e+10	0.0789	0.581
4.031e+10	0.05028	0.695
4.033e+10	0.05001	0.947
4.036e+10	0.07171	1.227
4.038e+10	0.1056	0.519
4.04e+10	0.1283	0.503
4.042e+10	0.07888	0.573
4.044e+10	0.05633	0.673
4.047e+10	0.0363	0.815
4.049e+10	0.0568	0.939
4.051e+10	0.05285	0.7478
4.053e+10	0.07184	0.7792
4.055e+10	0.1125	0.9444
4.058e+10	0.0348	0.423
4.06e+10	0.02802	0.351
4.062e+10	0.03578	0.369
4.064e+10	0.09434	0.918
4.067e+10	0.08448	0.824
4.069e+10	0.08005	0.738
4.071e+10	0.08005	0.738
4.074e+10	0.09178	0.834
4.077e+10	0.1058	1.1
4.08e+10	0.1129	0.567
4.082e+10	0.1254	0.5942
4.085e+10	0.1456	0.74
4.088e+10	0.1595	1.315
4.09e+10	0.1182	1.087
4.093e+10	0.06137	0.837
4.096e+10	0.03493	0.549
4.098e+10	0.03287	0.413
4.101e+10	0.03264	0.3125
4.104e+10	0.01929	0.342
4.107e+10	0.02553	0.429
4.109e+10	0.02462	0.567
4.111e+10	0.04483	0.7421
4.113e+10	0.04699	1.023
4.115e+10	0.05826	1.207
4.117e+10	0.07402	1.412
4.12e+10	0.08295	1.62
4.122e+10	0.1238	1.816
4.124e+10	0.114	1.903
4.126e+10	0.1219	2.111
4.128e+10	0.1289	2.318
4.131e+10	0.04146	0.692
4.133e+10	0.04917	0.976
4.135e+10	0.07788	1.111
4.137e+10	0.1072	1.327
4.139e+10	0.09818	1.084
4.142e+10	0.06328	0.524
4.144e+10	0.02825	0.498
4.146e+10	0.09372	0.5365
4.148e+10	0.09954	0.4697
4.15e+10	0.07634	0.341
4.152e+10	0.05241	0.483
4.154e+10	0.03087	0.607
4.156e+10	0.07134	0.578
4.159e+10	0.1199	0.96
4.161e+10	0.1109	0.802
4.163e+10	0.1217	0.6143
4.165e+10	0.0961	0.522
4.167e+10	0.09434	0.827
4.169e+10	0.06887	0.894
4.171e+10	0.03872	0.93
4.173e+10	0.06918	1.008
4.176e+10	0.04955	1.107
4.178e+10	0.06998	1.42
4.18e+10	0.06787	1.485
4.182e+10	0.09656	1.606
4.184e+10	0.08964	1.483
4.186e+10	0.08871	1.799
4.188e+10	0.09767	1.999
4.19e+10	0.121	2.086
4.192e+10	0.1432	2.25
4.194e+10	0.07595	1.412
4.197e+10	0.03613	0.791
4.199e+10	0.04743	0.91
4.201e+10	0.07695	1.127
4.203e+10	0.04825	0.534
4.205e+10	0.06564	0.4
4.207e+10	0.09284	0.465
4.209e+10	0.0735	0.641
4.211e+10	0.08172	0.724
4.213e+10	0.05592	1.146
4.215e+10	0.05085	1.225
4.217e+10	0.06462	1.465
4.219e+10	0.06402	1.535
4.221e+10	0.07794	1.614
4.224e+10	0.08067	1.678
4.226e+10	0.06715	1.764
4.228e+10	0.0809	2.023
4.23e+10	0.1018	2.135
4.232e+10	0.1167	2.221
4.234e+10	0.148	2.345
4.236e+10	0.1128	2.194
4.238e+10	0.04359	0.552
4.24e+10	0.02491	0.74
4.242e+10	0.03342	0.762
4.244e+10	0.05034	0.983
4.246e+10	0.06528	1.219
4.248e+10	0.08399	1.336
4.25e+10	0.08395	1.523
4.253e+10	0.09141	1.753
4.255e+10	0.07535	1.31
4.257e+10	0.1025	1.48
4.259e+10	0.06661	0.568
4.261e+10	0.03122	0.56
4.263e+10	0.02092	0.629
4.265e+10	0.02091	0.682
4.267e+10	0.05612	0.804
4.269e+10	0.03746	0.981
4.271e+10	0.07486	1.166
4.273e+10	0.06487	1.495
4.275e+10	0.07176	1.647
4.277e+10	0.08475	1.826
4.279e+10	0.08999	2.06
4.281e+10	0.1008	2.195
4.284e+10	0.1203	2.304
4.286e+10	0.06599	1.228
4.288e+10	0.07033	1.391
4.29e+10	0.08354	1.571
4.292e+10	0.09675	2.054
4.294e+10	0.1052	2.167
4.296e+10	0.115	2.234
4.298e+10	0.08754	1.599
4.3e+10	0.08378	1.687
4.302e+10	0.07644	1.315
4.304e+10	0.07815	1.366
4.306e+10	0.09632	1.571
4.308e+10	0.1129	1.778
4.311e+10	0.1452	1.942
4.313e+10	0.1639	2.116
4.315e+10	0.0969	1.752
4.317e+10	0.06938	1.181
4.319e+10	0.0974	0.453
4.321e+10	0.09223	0.649
4.323e+10	0.05571	0.685
4.325e+10	0.04003	0.273
4.327e+10	0.02976	0.372
4.329e+10	0.04594	0.713
4.331e+10	0.03716	0.614
4.333e+10	0.05219	0.906
4.335e+10	0.08169	1.153
4.338e+10	0.1035	1.263
4.34e+10	0.06202	1.23
4.342e+10	0.1064	1.577
4.344e+10	0.1	1.305
4.346e+10	0.06328	1.337
4.348e+10	0.05556	1.373
4.35e+10	0.08345	1.525
4.352e+10	0.07062	0.454
4.354e+10	0.08051	0.7036
4.356e+10	0.06812	0.667
4.358e+10	0.04053	0.684
4.36e+10	0.02534	0.739
4.363e+10	0.0369	0.799
4.365e+10	0.04416	1.009
4.367e+10	0.04798	1.126
4.369e+10	0.07512	1.306
4.371e+10	0.07905	1.434
4.373e+10	0.07905	1.434
4.375e+10	0.07905	1.434
4.378e+10	0.07905	1.434
4.38e+10	0.07905	1.434
4.383e+10	0.07905	1.434
4.385e+10	0.078	1.41
4.387e+10	0.07612	1.499
4.39e+10	0.09773	1.669
4.392e+10	0.1052	1.849
4.394e+10	0.1144	2.1
4.396e+10	0.1345	2.23
4.398e+10	0.1634	2.424
4.4e+10	0.1596	2.657
4.402e+10	0.1977	2.857
4.404e+10	0.1511	3.064
4.406e+10	0.1675	3.213
4.408e+10	0.0529	0.969
4.411e+10	0.04079	0.968
4.413e+10	0.06162	0.321
4.415e+10	0.05401	0.418
4.417e+10	0.02838	0.44
4.419e+10	0.04362	0.568
4.421e+10	0.02865	0.522
4.423e+10	0.04236	0.6257
4.425e+10	0.06645	0.825
4.427e+10	0.1189	1.034
4.429e+10	0.03542	0.511
4.432e+10	0.0263	0.304
4.434e+10	0.06854	0.3799
4.436e+10	0.04424	0.656
4.438e+10	0.04574	0.486
4.44e+10	0.03729	0.424
4.442e+10	0.04923	0.321
4.444e+10	0.02024	0.381
4.446e+10	0.02195	0.552
4.448e+10	0.0361	0.694
4.451e+10	0.04652	0.589
4.453e+10	0.04268	0.404
4.455e+10	0.02057	0.287
4.457e+10	0.0176	0.295
4.459e+10	0.05736	0.322
4.461e+10	0.0537	0.5005
4.463e+10	0.06268	0.665
4.465e+10	0.1166	0.8705
4.467e+10	0.1332	1.074
4.47e+10	0.1138	1.173
4.472e+10	0.1097	1.368
4.474e+10	0.151	1.562
4.476e+10	0.1139	1.702
4.478e+10	0.09878	1.404
4.48e+10	0.123	1.24
4.482e+10	0.07711	1.052
4.484e+10	0.09514	0.8313
4.486e+10	0.05739	0.739
4.489e+10	0.05679	0.5381
4.491e+10	0.02206	0.452
4.493e+10	0.04	0.43
4.495e+10	0.06664	0.45
4.497e+10	0.09136	0.574
4.499e+10	0.1304	0.7414
4.501e+10	0.1513	0.947
4.503e+10	0.1691	1.13
4.506e+10	0.1842	1.256
4.508e+10	0.1277	0.784
4.51e+10	0.1315	0.918
4.512e+10	0.0975	0.62
4.514e+10	0.07537	0.322
4.516e+10	0.05444	0.336
4.518e+10	0.09934	0.524
4.52e+10	0.07743	0.671
4.523e+10	0.05086	0.853
4.525e+10	0.06484	0.9897
4.527e+10	0.05189	1.242
4.529e+10	0.07267	1.341
4.531e+10	0.08799	1.62
4.533e+10	0.1145	1.681
4.535e+10	0.1381	1.88
4.537e+10	0.1782	2.088
4.54e+10	0.1398	2.268
4.542e+10	0.1606	2.447
4.544e+10	0.1671	2.602
4.546e+10	0.1937	2.794
4.548e+10	0.03196	0.329
4.55e+10	0.02028	0.36
4.552e+10	0.03466	0.596
4.554e+10	0.03924	0.8
4.557e+10	0.04586	1.11
4.559e+10	0.05686	1.214
4.561e+10	0.08005	1.334
4.563e+10	0.0511	1.152
4.565e+10	0.09528	1.085
4.567e+10	0.08795	0.952
4.569e+10	0.05676	0.797
4.572e+10	0.05242	0.675
4.574e+10	0.05803	0.521
4.576e+10	0.05881	0.488
4.578e+10	0.042	0.288
4.58e+10	0.03811	0.367
4.582e+10	0.03566	0.553
4.584e+10	0.08362	0.735
4.587e+10	0.1244	0.9297
4.589e+10	0.1203	1.056
4.591e+10	0.09963	1.165
4.593e+10	0.08077	1.349
4.595e+10	0.09931	1.533
4.597e+10	0.1256	1.737
4.599e+10	0.1615	1.93
4.602e+10	0.1903	2.125
4.604e+10	0.1889	2.289
4.606e+10	0.1755	2.398
4.608e+10	0.1889	2.584
4.61e+10	0.1354	2.923
4.612e+10	0.1568	3.015
4.614e+10	0.1907	3.104
4.617e+10	0.2136	3.298
4.619e+10	0.1906	3.411
4.621e+10	0.2069	3.554
4.623e+10	0.1163	1.996
4.625e+10	0.1369	2.182
4.627e+10	0.147	2.361
4.629e+10	0.1257	1.859
4.632e+10	0.1694	2.058
4.634e+10	0.06134	0.4199
4.636e+10	0.08798	0.487
4.638e+10	0.0995	0.4736
4.64e+10	0.06924	0.54
4.642e+10	0.07729	0.501
4.645e+10	0.02904	0.505
4.647e+10	0.03866	0.651
4.649e+10	0.03163	0.506
4.651e+10	0.03439	0.407
4.653e+10	0.08149	0.975
4.655e+10	0.05801	0.931
4.658e+10	0.04648	0.842
4.66e+10	0.08668	1.385
4.662e+10	0.0678	1.217
4.664e+10	0.05329	0.926
4.666e+10	0.04677	0.805
4.668e+10	0.04624	0.788
4.67e+10	0.04762	0.763
4.673e+10	0.07232	0.614
4.675e+10	0.05976	0.804
4.677e+10	0.05248	0.571
4.679e+10	0.08115	0.497
4.681e+10	0.04635	0.466
4.683e+10	0.06011	0.637
4.686e+10	0.04386	0.5
4.688e+10	0.06665	0.398
4.69e+10	0.04139	0.543
4.692e+10	0.07196	1.129
4.694e+10	0.08127	1.032
4.696e+10	0.06071	0.819
4.699e+10	0.06488	0.626
4.701e+10	0.05693	0.689
4.703e+10	0.03927	0.49
4.705e+10	0.03657	0.384
4.707e+10	0.05748	0.3876
4.709e+10	0.05618	0.371
4.712e+10	0.0333	0.337
4.714e+10	0.05991	0.343
4.716e+10	0.0576	0.559
4.718e+10	0.05229	0.727
4.72e+10	0.0526	0.5362
4.722e+10	0.04456	0.3567
4.725e+10	0.04808	0.33
4.727e+10	0.05652	0.551
4.729e+10	0.06382	0.73
4.731e+10	0.0668	0.888
4.733e+10	0.05951	1.018
4.736e+10	0.06826	1.13
4.738e+10	0.08051	1.36
4.74e+10	0.08495	1.501
4.742e+10	0.1041	1.686
4.744e+10	0.1258	1.885
4.746e+10	0.06915	1.16
4.749e+10	0.02762	0.27
4.751e+10	0.02784	0.381
4.753e+10	0.06697	0.828
4.755e+10	0.04323	0.715
4.757e+10	0.03347	0.662
4.759e+10	0.06128	0.624
4.762e+10	0.07306	0.444
4.764e+10	0.0493	0.3909
4.766e+10	0.08417	0.5618
4.768e+10	0.07419	0.7228
4.77e+10	0.06015	0.893
4.773e+10	0.07224	1.083
4.775e+10	0.07978	1.289
4.777e+10	0.1165	1.418
4.779e+10	0.1405	1.625
4.781e+10	0.09082	1.206
4.784e+10	0.0657	0.972
4.786e+10	0.08032	0.873
4.788e+10	0.05033	0.748
4.79e+10	0.03645	0.508
4.792e+10	0.04701	0.403
4.794e+10	0.04047	0.608
4.797e+10	0.03202	0.693
4.799e+10	0.042	0.802
4.801e+10	0.0496	0.92
4.803e+10	0.04237	0.307
4.805e+10	0.0362	0.285
4.808e+10	0.04703	0.471
4.81e+10	0.04565	0.648
4.812e+10	0.04625	0.811
4.814e+10	0.05371	0.973
4.816e+10	0.05371	0.973
4.819e+10	0.05371	0.973
4.821e+10	0.05371	0.973
4.823e+10	0.05371	0.973
4.826e+10	0.05371	0.973
4.828e+10	0.0509	0.926
4.831e+10	0.06964	1.051
4.833e+10	0.07692	1.207
4.835e+10	0.1156	1.373
4.837e+10	0.1174	1.532
4.839e+10	0.08185	0.84
4.842e+10	0.1163	0.9746
4.844e+10	0.08312	1.151
4.846e+10	0.07984	1.309
4.848e+10	0.07171	1.418
4.85e+10	0.07465	2.015
4.853e+10	0.07938	2.26
4.855e+10	0.08001	2.174
4.857e+10	0.08812	2.199
4.859e+10	0.1223	2.23
4.861e+10	0.1225	2.305
4.864e+10	0.04466	1.255
4.866e+10	0.03324	0.971
4.868e+10	0.05671	0.972
4.87e+10	0.05975	1.063
4.873e+10	0.06555	1.177
4.875e+10	0.05795	1.355
4.877e+10	0.0672	1.636
4.879e+10	0.07919	1.814
4.881e+10	0.08974	2.051
4.884e+10	0.04334	1.202
4.886e+10	0.05384	1.036
4.888e+10	0.04969	1.104
4.89e+10	0.07729	1.299
4.892e+10	0.04854	0.777
4.895e+10	0.01789	0.359
4.897e+10	0.0283	0.4971
4.899e+10	0.04243	0.331
4.901e+10	0.0173	0.335
4.903e+10	0.02052	0.481
4.906e+10	0.03134	0.839
4.908e+10	0.03874	0.877
4.91e+10	0.08785	1.386
4.912e+10	0.08033	1.517
4.915e+10	0.07264	0.598
4.917e+10	0.04882	0.626
4.919e+10	0.05155	0.77
4.921e+10	0.03582	0.808
4.923e+10	0.07028	0.973
4.926e+10	0.05602	1.162
4.928e+10	0.06246	1.017
4.93e+10	0.04944	1.075
4.932e+10	0.07764	1.395
4.935e+10	0.08134	1.512
4.937e+10	0.08284	1.324
4.939e+10	0.07689	1.45
4.941e+10	0.07087	1.237
4.943e+10	0.06884	0.4982
4.946e+10	0.1246	0.4663
4.948e+10	0.0953	0.51
4.95e+10	0.08797	0.719
4.952e+10	0.06731	0.766
4.955e+10	0.03674	0.8
4.957e+10	0.04668	0.912
4.959e+10	0.05941	1.228
4.961e+10	0.091	1.212
4.963e+10	0.09046	1.199
4.966e+10	0.0879	1.374
4.968e+10	0.07874	1.448
4.97e+10	0.06154	1.01
4.972e+10	0.04232	1.056
4.975e+10	0.04824	1.167
4.977e+10	0.05681	1.136
4.979e+10	0.08248	1.274
4.981e+10	0.1001	1.535
4.983e+10	0.1061	1.696
4.986e+10	0.1264	1.894
4.988e+10	0.1296	2.078
4.99e+10	0.03504	0.302
4.992e+10	0.04064	0.512
4.995e+10	0.03774	0.378
4.997e+10	0.02973	0.337
4.999e+10	0.04659	0.3333
5.001e+10	0.046	0.428
5.004e+10	0.01898	0.298
5.006e+10	0.02513	0.279
5.008e+10	0.07487	0.7665
5.01e+10	0.06968	0.595
5.013e+10	0.0565	0.4183
5.015e+10	0.04019	0.287
5.017e+10	0.05683	0.51
5.019e+10	0.06055	0.546
5.022e+10	0.0363	0.588
5.024e+10	0.05037	0.803
5.026e+10	0.05266	0.816
5.028e+10	0.05952	1.005
5.03e+10	0.06887	1.118
5.033e+10	0.08227	1.327
5.035e+10	0.07036	1.464
5.037e+10	0.04335	0.999
5.039e+10	0.05425	1.151
5.042e+10	0.0677	1.243
5.044e+10	0.08577	1.323
5.046e+10	0.09479	1.524
5.048e+10	0.02685	1.179
5.05e+10	0.03542	0.903
