# iterations	 errorinentropy	 maxerror	(generated with python figs/yaml-multi-comparison.py /home/jordan/weniger-cp-data/ /home/jordan/deft/papers/histogram/data/samc-1e5-256-reference-lndos.dat s000/periodic-ww1.50-ff0.17-N256 256 915 509 true 8 sad-256 wl-256 wl-inv-t-256 samc-1e3-256 samc-1e4-256 samc-1e5-256 samc-1e6-256
0.003906	74.19	274.6
0.007812	74.19	274.6
0.01172	74.19	274.6
0.01562	74.19	274.6
0.02344	74.19	274.6
0.02734	74.19	274.6
0.03906	74.19	274.6
0.05078	74.19	274.6
0.07031	74.19	274.6
0.09375	74.19	274.6
0.125	74.19	274.6
0.1641	74.19	274.6
0.2188	74.19	274.6
0.293	74.19	274.6
0.3906	74.19	274.6
0.5195	74.19	274.6
0.6953	74.19	274.6
0.9258	74.19	274.6
1.234	74.19	274.6
1.648	74.19	274.6
2.195	74.18	274.6
2.93	74.04	274.6
3.906	74.04	274.6
5.211	73.44	274.1
6.945	72.8	273.8
9.262	72.16	271.5
12.35	71.52	271.1
16.47	70.89	267
21.96	70.26	263.2
29.29	69.64	263.2
39.06	69.02	263.2
52.09	68.4	259.9
69.46	67.78	254.6
92.63	67.17	247.5
123.5	66.56	246.2
164.7	65.95	240.7
219.7	65.35	240.7
292.9	64.74	240.7
390.6	64.15	240.7
520.9	63.55	240.7
694.6	62.96	239.9
926.3	62.37	227.9
1235	61.78	219.9
1647	61.28	219.9
2197	61.22	219.9
2929	61.22	219.9
3906	61.22	219.9
5209	61.22	219.9
6946	61.22	219.9
9263	61.22	219.9
1.235e+04	61.22	219.9
1.647e+04	61.22	219.9
2.197e+04	61.22	219.9
2.929e+04	61.22	219.9
3.906e+04	61.22	219.9
5.209e+04	61.22	219.9
6.946e+04	61.22	219.9
9.263e+04	61.22	219.9
1.235e+05	61.22	219.9
1.647e+05	61.17	219.8
2.197e+05	60.59	214.1
2.929e+05	60.21	212.4
3.906e+05	59.96	211.7
5.209e+05	59.52	209.8
6.946e+05	59.21	208.9
9.263e+05	58.88	207.8
1.235e+06	58.6	207
1.647e+06	58.27	205.9
2.197e+06	57.95	205
2.929e+06	57.66	204.1
3.906e+06	57.35	203.2
5.209e+06	57.01	202.2
6.946e+06	56.72	201.4
9.263e+06	56.41	200.5
1.235e+07	56.09	199.5
1.647e+07	55.79	198.7
2.197e+07	55.48	197.8
2.929e+07	55.18	196.9
3.906e+07	54.86	196
5.209e+07	54.56	195.1
6.946e+07	54.26	194.3
9.263e+07	53.95	193.4
1.235e+08	53.64	192.5
1.647e+08	53.34	191.7
2.197e+08	53.04	190.8
2.929e+08	52.74	190
3.906e+08	52.44	189.1
5.209e+08	52.14	188.3
6.946e+08	51.84	187.5
9.263e+08	51.54	186.7
1.235e+09	51.24	185.8
1.647e+09	50.95	185
2.197e+09	50.65	184.2
2.929e+09	50.36	183.4
3.906e+09	50.06	182.6
5.209e+09	49.77	181.8
