# iterations	 errorinentropy	 maxerror	(generated with python figs/yaml-multi-comparison.py /home/jordan/ising-cp-data/ /home/jordan/deft/papers/histogram/data/ising-128-T15-reference-lndos.dat ising/N128 128 32408 0 true 8 ising-sad-128 ising-sad-128-T15 ising-samc-1e7-128 ising-wl-128 ising-wl-inv-t-128 ising-samc-1e8-128 ising-samc-1e9-128
0.007812	2897	1.104e+04
0.01562	2897	1.104e+04
0.02344	2897	1.104e+04
0.03125	2897	1.104e+04
0.04688	2897	1.104e+04
0.05469	2897	1.104e+04
0.07812	2897	1.104e+04
0.1016	2897	1.104e+04
0.1406	2897	1.104e+04
0.1875	2897	1.104e+04
0.25	2897	1.104e+04
0.3281	2897	1.104e+04
0.4375	2897	1.104e+04
0.5859	2897	1.104e+04
0.7812	2897	1.104e+04
1.039	2897	1.104e+04
1.391	2897	1.104e+04
1.852	2897	1.104e+04
2.469	2897	1.104e+04
3.297	2897	1.104e+04
4.391	2897	1.104e+04
5.859	2897	1.104e+04
7.812	2897	1.104e+04
10.42	2897	1.104e+04
13.89	2897	1.104e+04
18.52	2897	1.104e+04
24.7	2897	1.104e+04
32.95	2897	1.104e+04
43.93	2897	1.104e+04
58.59	2897	1.104e+04
78.12	2897	1.104e+04
104.2	2897	1.104e+04
138.9	2897	1.104e+04
185.3	2897	1.104e+04
247.1	2897	1.104e+04
329.5	2896	1.103e+04
439.3	2896	1.103e+04
585.9	2895	1.103e+04
781.2	2892	1.1e+04
1042	2892	1.1e+04
1389	2888	1.096e+04
1853	2882	1.096e+04
2471	2880	1.095e+04
3295	2876	1.094e+04
4393	2867	1.093e+04
5859	2860	1.09e+04
7812	2844	1.083e+04
1.042e+04	2822	1.081e+04
1.389e+04	2813	1.079e+04
1.853e+04	2776	1.07e+04
2.471e+04	2721	1.058e+04
3.295e+04	2688	1.058e+04
4.393e+04	2597	1.041e+04
5.859e+04	2515	1.034e+04
7.812e+04	2356	1.008e+04
1.042e+05	2239	9962
1.389e+05	2040	9711
1.853e+05	1954	9396
2.471e+05	1996	9084
3.295e+05	2123	8774
4.393e+05	2427	9148
5.859e+05	2911	1.134e+04
7.812e+05	3786	1.383e+04
1.042e+06	4385	1.436e+04
1.389e+06	4486	1.426e+04
1.853e+06	4587	1.459e+04
2.471e+06	4089	1.401e+04
3.295e+06	3553	1.384e+04
4.393e+06	2719	1.369e+04
5.859e+06	2193	1.452e+04
7.812e+06	1435	9051
1.042e+07	992	1.042e+04
1.389e+07	784.7	4336
1.853e+07	640.6	5902
2.471e+07	433.2	4212
3.295e+07	305.1	2028
4.393e+07	255.5	2164
5.859e+07	219.5	1612
7.812e+07	121.6	652.1
1.042e+08	89.39	535.4
1.389e+08	79.33	470.2
1.853e+08	48.72	257
2.471e+08	45.8	224.6
3.295e+08	28.48	155.2
4.393e+08	41.39	177.5
5.859e+08	31.37	201.1
7.812e+08	5.392	27
1.042e+09	5.673	25.17
1.389e+09	6.86	34.24
1.853e+09	13.71	51.96
2.471e+09	6.156	26.86
3.295e+09	4.29	24.39
4.393e+09	10.1	33.38
5.859e+09	3.6	14.47
7.812e+09	5.894	20.16
1.042e+10	2.618	10.28
1.389e+10	4.197	14.24
1.853e+10	2.448	9.315
2.471e+10	1.499	5.18
3.295e+10	4.907	15.45
4.393e+10	1.666	5.137
5.859e+10	2.166	6.184
7.812e+10	1.748	5.67
1.042e+11	2.162	6.499
1.389e+11	0.2442	2.414
1.853e+11	0.2075	1.38
