# round trips	 doserror
0	24.4
0	24.15
0	20.01
0	14.46
0	14.33
0	14.14
0	14.28
0	10.4
0	10.27
0	9.141
0	8.573
0	2.321
0	-7.813
0	-7.949
0	-8.029
0	-8.103
0	-8.145
0	-8.358
0	-8.426
0	-8.459
0	-8.554
0	-8.925
0	-13.7
0	-14.02
0	-14.12
0	-11.58
0	-11.58
0	-7.584
0	-7.647
0	-7.743
0	-7.566
0	-7.186
0	-7.214
0	-7.24
0	-4.878
0	-4.944
0	-4.887
0	-4.918
0	-4.964
0	-5.007
0	-4.977
0	-5
0	-4.754
0	-4.465
0	-4.496
0	-4.475
0	-4.501
0	-4.371
0	-4.351
0	-4.302
0	-4.327
0	-4.408
0	-4.381
0	-4.354
0	-4.226
0	-4.219
0	-4.235
0	-4.232
0	-4.212
0	-4.224
0	-4.25
0	-4.08
0	-3.978
0	-3.935
0	-3.916
0	-3.899
0	-3.912
0	-3.924
0	-3.92
0	-3.831
0	-3.842
0	-3.863
0	-3.859
0	-3.869
0	-4.046
0	-2.761
0	-2.759
0	-2.738
0	-2.758
0	-2.744
0	-2.399
0	-2.412
0	-2.408
0	-2.426
0	-2.436
0	-2.31
0	-2.289
0	-2.309
0	-2.298
0	-2.266
0	-2.264
0	-2.257
0	-2.23
0	-2.169
0	-2.18
0	-2.12
0	-2.117
0	-2.025
0	-2.031
0	-2.026
0	-2.038
0	-2.044
0	-2.049
0	-2.057
0	-2.038
0	-2.021
0	-2.006
0	-2.013
0	-1.988
0	-2.003
0	-2.006
0	-1.995
0	-2.004
0	-1.996
0	-2.002
0	-2.001
0	-1.998
0	-2.027
0	-2.034
0	-2.026
0	-1.713
0	-1.696
0	-1.685
0	-1.669
0	-1.663
0	-1.168
0	-1.162
0	-1.166
0	-1.15
0	-1.181
0	-1.179
0	-1.124
0	-1.107
0	-1.078
0	-1.068
0	-1.076
0	-1.085
0	-1.058
0	-1.025
0	-1.031
0	-1.021
0	-1.031
0	-1.019
0	-0.7505
0	-0.759
0	-0.4497
0	0.1967
0	0.206
0	0.2059
0	0.2016
0	0.2153
0	0.2763
0	0.2881
0	0.285
0	0.2873
0	0.2928
0	0.2931
0	0.288
0	0.283
0	0.3063
0	0.3078
0	0.252
0	0.2383
0	0.2544
0	0.2394
0	0.2294
0	0.2165
0	0.2099
0	0.2
0	0.1959
0	0.1978
0	0.215
0	0.2214
0	0.2152
0	0.2087
0	0.2182
0	0.2377
0	0.2244
0	0.2295
0	0.2263
0	0.2415
0	0.2583
0	0.2496
0	0.3019
0	0.3041
0	0.3007
0	0.3058
0	0.3084
0	0.3055
0	0.3117
0	0.3057
0	0.309
0	0.3122
0	0.3152
0	0.2959
0	0.3416
0	0.3378
0	0.3407
0	0.3362
0	0.3365
0	0.3419
0	0.3366
0	0.3309
0	0.3315
0	0.3291
0	0.3238
0	0.3245
0	0.3162
0	0.3243
0	0.3211
0	0.3182
0	0.3312
0	0.3318
0	0.3245
0	0.3198
0	0.3129
0	0.2973
0	0.2909
0	0.2523
0	0.2496
0	0.2458
0	0.2545
0	0.2489
0	0.2488
0	0.2534
0	0.2591
0	0.2537
0	0.258
0	0.252
0	0.2414
0	0.2395
0	0.2201
0	0.2141
0	0.2104
0	0.2193
0	0.2154
0	0.2132
0	0.2163
0	0.29
0	0.2876
0	0.282
0	0.2855
0	0.2905
0	0.29
0	0.3007
0	0.2691
0	0.2662
0	0.2631
0	0.258
0	0.2571
0	0.2635
0	0.2611
0	0.2521
0	0.2566
0	0.2597
0	0.2558
0	0.2523
0	0.2598
0	0.2609
0	0.2575
0	0.2548
0	0.2526
0	0.2473
0	0.2477
0	0.2455
0	0.2461
0	0.2414
0	0.2372
0	0.2325
0	0.226
0	0.2127
0	0.2091
0	0.2088
0	0.2185
0	0.216
0	0.214
0	0.2145
0	0.2299
0	0.2279
0	0.228
0	0.2295
0	0.2291
0	0.2406
0	0.2451
0	0.2411
0	0.241
0	0.2457
0	0.2472
0	0.2451
0	0.2417
0	0.2394
0	0.2367
0	0.2316
0	0.2257
0	0.1803
0	0.1656
0	0.1667
0	0.1693
0	0.1742
0	0.1702
0	0.1663
0	0.1648
0	0.1695
0	0.1881
0	0.1829
0	0.185
0	0.1858
0	0.1828
0	0.1839
0	0.1829
0	0.1919
0	0.192
0	0.1892
0	0.1907
0	0.1882
0	0.1877
0	0.1856
0	0.1814
0	0.1824
0	0.1777
0	0.1827
0	0.178
0	0.1797
0	0.1753
0	0.1714
0	0.1712
0	0.17
0	0.166
0	0.167
0	0.1675
0	0.164
0	0.1627
0	0.1617
0	0.1628
0	0.1591
0	0.1577
0	0.1604
0	0.159
0	0.1566
0	0.1531
0	0.1527
0	0.1572
0	0.1563
0	0.1539
0	0.156
0	0.1582
0	0.1591
0	0.1625
0	0.1895
0	0.1881
0	0.1885
0	0.1992
0	0.198
0	0.1995
0	0.1964
0	0.1939
0	0.1893
0	0.1951
0	0.1973
0	0.1946
0	0.1937
0	0.1832
0	0.1802
0	0.1822
0	0.1845
0	0.1831
0	0.1825
0	0.1795
0	0.1826
0	0.1812
0	0.1837
0	0.1856
0	0.1843
0	0.1839
0	0.1844
0	0.182
0	0.1811
0	0.1799
0	0.1761
0	0.1755
0	0.1836
0	0.1799
0	0.1819
0	0.1807
0	0.1818
0	0.1819
0	0.1824
0	0.1822
0	0.1831
0	0.1853
0	0.1817
0	0.1829
0	0.1787
0	0.1787
0	0.1807
0	0.1786
0	0.1797
0	0.1821
0	0.1809
0	0.1792
0	0.1802
0	0.1782
0	0.1768
0	0.1738
0	0.1736
0	0.1745
0	0.1713
0	0.1723
0	0.172
0	0.1677
0	0.1661
0	0.1655
0	0.1569
0	0.1572
0	0.158
0	0.1557
0	0.1533
0	0.1616
0	0.1498
0	0.1494
0	0.152
0	0.1541
0	0.1629
0	0.1626
0	0.1662
0	0.1637
0	0.1631
0	0.1638
0	0.1591
0	0.16
0	0.156
0	0.1582
0	0.1591
0	0.1624
0	0.1641
0	0.165
0	0.1658
0	0.1646
0	0.1637
0	0.164
0	0.1635
0	0.1602
0	0.1612
0	0.1448
0	0.1486
0	0.1475
0	0.146
0	0.1489
0	0.1489
0	0.1463
0	0.1498
0	0.1485
0	0.1458
0	0.1453
0	0.1439
0	0.1441
0	0.1441
0	0.1423
0	0.1442
0	0.1445
0	0.146
0	0.1465
0	0.1476
0	0.1463
0	0.146
0	0.1471
0	0.1463
0	0.1452
0	0.1448
0	0.1462
0	0.1402
0	0.1407
0	0.1395
0	0.1401
0	0.1417
0	0.1424
0	0.1405
0	0.1406
0	0.1421
0	0.1434
0	0.1427
0	0.1446
0	0.1466
0	0.1503
0	0.1502
0	0.15
0	0.1492
0	0.1486
0	0.1494
0	0.1477
0	0.1456
0	0.1437
0	0.1436
0	0.1424
0	0.1415
0	0.1421
0	0.1416
0	0.1417
0	0.1445
0	0.1447
0	0.1429
0	0.1469
0	0.1412
0	0.1415
0	0.1423
0	0.143
0	0.1414
0	0.1407
0	0.1397
0	0.1385
0	0.1377
0	0.1385
0	0.1375
0	0.1362
0	0.1357
0	0.1359
0	0.1421
0	0.1223
0	0.1207
0	0.1217
0	0.1208
0	0.1218
0	0.123
0	0.1231
0	0.122
0	0.1218
0	0.1252
0	0.1244
0	0.1251
0	0.124
0	0.131
0	0.131
0	0.1305
0	0.1309
0	0.1318
0	0.1303
0	0.1318
0	0.1368
0	0.1381
0	0.1378
0	0.1403
0	0.1413
0	0.1434
0	0.1426
0	0.1412
0	0.1499
0	0.15
0	0.1503
0	0.1494
0	0.1496
0	0.1504
0	0.1507
0	0.1501
0	0.151
0	0.1499
0	0.1489
0	0.1476
0	0.1488
0	0.1491
0	0.1502
0	0.1501
0	0.1491
0	0.1482
0	0.147
0	0.1458
0	0.1463
0	0.1459
0	0.1452
0	0.1454
0	0.1454
0	0.1469
0	0.1466
0	0.1467
0	0.1484
0	0.1474
0	0.1482
0	0.1489
0	0.1478
0	0.1442
0	0.1446
0	0.1458
0	0.1462
0	0.1458
0	0.1453
0	0.1525
0	0.1514
0	0.1534
0	0.153
0	0.1576
0	0.1589
0	0.159
0	0.1582
0	0.1581
0	0.1566
0	0.1563
0	0.1554
0	0.1538
0	0.1542
0	0.153
0	0.1548
0	0.1532
0	0.1522
0	0.1501
0	0.15
0	0.1499
0	0.1488
0	0.1481
0	0.1475
0	0.1465
0	0.146
0	0.1463
0	0.1445
0	0.1465
0	0.148
0	0.1478
0	0.1483
0	0.1473
0	0.1465
0	0.1452
0	0.1454
0	0.1458
0	0.146
0	0.1447
0	0.1438
0	0.1426
0	0.1442
0	0.1463
0	0.1459
0	0.1451
0	0.1408
0	0.1388
0	0.1399
0	0.1398
0	0.1381
0	0.1386
0	0.1382
0	0.1391
0	0.1384
0	0.1375
0	0.1374
0	0.1356
0	0.1339
0	0.1336
0	0.1312
0	0.1344
0	0.1332
0	0.1322
0	0.132
0	0.1331
0	0.1316
0	0.1319
0	0.1328
0	0.1322
0	0.1312
0	0.1305
0	0.1294
0	0.1336
0	0.1329
0	0.1317
0	0.1316
0	0.1306
0	0.1311
0	0.1313
0	0.1311
0	0.1341
0	0.1338
0	0.1318
0	0.1292
0	0.129
0	0.1259
0	0.1279
0	0.1298
0	0.1288
0	0.1289
0	0.1294
0	0.1294
0	0.1285
0	0.1295
0	0.1297
0	0.1315
0	0.1317
0	0.1314
0	0.131
0	0.1309
0	0.1314
0	0.1317
0	0.1306
0	0.1321
0	0.1324
0	0.1336
0	0.134
0	0.1331
0	0.1306
0	0.1304
0	0.1294
0	0.1294
0	0.1297
0	0.1291
0	0.1282
0	0.1274
0	0.1272
0	0.1275
0	0.1253
0	0.1246
0	0.1251
0	0.1244
0	0.1268
0	0.128
0	0.1258
0	0.1244
0	0.1264
0	0.1258
0	0.1268
0	0.1275
0	0.1267
0	0.1292
0	0.128
0	0.1278
0	0.1296
0	0.1315
0	0.1314
0	0.131
0	0.1298
0	0.1295
0	0.127
0	0.128
0	0.1274
0	0.1283
0	0.1278
0	0.131
0	0.1317
0	0.133
0	0.1343
0	0.1337
0	0.1332
0	0.1321
0	0.1316
0	0.1287
0	0.1259
0	0.128
0	0.1274
0	0.1318
0	0.1317
0	0.1307
0	0.1261
0	0.1253
0	0.1259
0	0.1257
0	0.1253
0	0.1241
0	0.1229
0	0.1227
0	0.124
0	0.1237
0	0.1252
0	0.1254
0	0.1249
0	0.1245
0	0.1265
0	0.1266
0	0.1268
0	0.1255
0	0.125
0	0.1242
0	0.1235
0	0.1236
0	0.1233
0	0.1251
0	0.1249
0	0.1285
0	0.1277
0	0.1307
0	0.1303
0	0.1309
0	0.1312
0	0.1315
0	0.1317
0	0.1313
0	0.1313
0	0.1306
0	0.1304
0	0.132
0	0.1329
0	0.1341
0	0.1199
0	0.1201
0	0.1198
0	0.119
0	0.119
0	0.119
0	0.1188
0	0.1176
0	0.1171
0	0.1166
0	0.1149
0	0.1138
0	0.1155
0	0.1146
0	0.1146
0	0.1159
0	0.1153
0	0.1148
0	0.1157
0	0.116
0	0.1166
0	0.1163
0	0.1175
0	0.1183
0	0.1173
0	0.117
0	0.1202
0	0.1199
0	0.1197
0	0.1228
0	0.1233
0	0.1245
0	0.1238
0	0.124
0	0.1245
0	0.1235
0	0.1229
0	0.125
0	0.1228
0	0.1219
0	0.1216
0	0.1187
0	0.1194
0	0.1201
0	0.1203
0	0.1194
0	0.1193
0	0.1181
0	0.1181
0	0.1193
0	0.1184
0	0.1176
0	0.1181
0	0.1177
0	0.1185
0	0.1181
0	0.119
0	0.1198
0	0.1203
0	0.1187
0	0.1197
0	0.119
0	0.1186
0	0.1193
0	0.119
0	0.1201
0	0.1208
0	0.1199
0	0.1212
0	0.123
0	0.1236
0	0.1233
0	0.1233
0	0.1228
0	0.1206
0	0.1202
0	0.1202
0	0.1198
0	0.1184
0	0.118
0	0.1185
0	0.1186
0	0.1214
0	0.1221
0	0.1211
0	0.1203
0	0.1211
0	0.1206
0	0.121
0	0.122
0	0.1235
0	0.124
0	0.1232
0	0.1238
0	0.1225
0	0.1226
0	0.1246
0	0.1242
0	0.1261
0	0.1253
0	0.1252
0	0.1257
0	0.1218
0	0.1234
0	0.1231
0	0.1225
0	0.1224
0	0.1216
0	0.1215
0	0.1216
0	0.1209
0	0.1206
0	0.1205
0	0.1202
0	0.1194
0	0.119
0	0.1174
0	0.1174
0	0.1171
0	0.1161
0	0.1163
0	0.1164
0	0.116
0	0.1166
0	0.1178
0	0.1173
0	0.1167
0	0.1166
0	0.1186
0	0.1191
0	0.1185
0	0.1185
0	0.1186
0	0.1187
0	0.1188
0	0.1213
0	0.1217
0	0.1214
0	0.1216
0	0.1221
0	0.1218
0	0.1211
0	0.1206
0	0.1215
0	0.1201
0	0.1196
0	0.1192
0	0.1207
0	0.1211
0	0.1205
0	0.1198
0	0.1198
0	0.1199
0	0.121
0	0.1211
0	0.1211
0	0.1217
0	0.1215
0	0.1234
0	0.1226
0	0.1236
0	0.1215
0	0.1218
0	0.1226
0	0.1224
0	0.1223
0	0.1225
0	0.1231
0	0.123
0	0.1235
0	0.1231
0	0.123
0	0.1223
0	0.122
0	0.1202
0	0.1193
0	0.1208
0	0.1205
0	0.1198
0	0.1205
0	0.12
0	0.1198
0	0.1202
0	0.1202
0	0.1194
0	0.1195
0	0.1207
0	0.1206
0	0.1215
0	0.1204
0	0.1215
0	0.1206
0	0.1216
0	0.1213
0	0.1207
0	0.1206
0	0.1202
0	0.1203
0	0.1197
0	0.1193
0	0.1189
0	0.1213
0	0.1222
0	0.1225
0	0.122
0	0.1221
0	0.1215
0	0.1207
0	0.1203
0	0.1204
0	0.1207
0	0.1215
0	0.1209
0	0.1206
0	0.1212
0	0.1205
0	0.1213
0	0.1217
0	0.1219
0	0.1227
0	0.1235
0	0.1231
0	0.1215
0	0.1219
0	0.1223
0	0.1215
0	0.1222
0	0.1257
0	0.1256
0	0.1274
0	0.1287
0	0.1281
0	0.1288
0	0.128
0	0.1285
0	0.1287
0	0.1305
0	0.1296
0	0.1295
0	0.1299
0	0.1298
0	0.1288
0	0.1259
0	0.1255
0	0.1256
0	0.1266
0	0.1258
0	0.1252
0	0.126
0	0.126
0	0.1255
0	0.1256
0	0.126
0	0.1255
0	0.1252
0	0.1258
0	0.1257
0	0.1259
0	0.1252
0	0.1249
0	0.1241
0	0.1244
0	0.1235
0	0.126
0	0.1253
0	0.1254
0	0.1262
0	0.1264
0	0.1263
0	0.1259
0	0.1259
0	0.1253
0	0.1274
0	0.1274
0	0.128
0	0.1277
0	0.1279
0	0.127
0	0.127
0	0.1273
0	0.1279
0	0.1272
0	0.1254
0	0.1255
0	0.1246
0	0.1248
0	0.1245
0	0.125
0	0.1234
0	0.124
0	0.1231
0	0.1231
0	0.123
0	0.123
0	0.1223
0	0.1221
0	0.1218
0	0.1218
0	0.1224
0	0.1216
0	0.1213
0	0.121
0	0.1221
0	0.1224
0	0.1216
0	0.1223
0	0.1217
0	0.1219
0	0.1218
0	0.1211
0	0.121
0	0.1214
0	0.1219
0	0.122
0	0.1217
0	0.1222
0	0.122
0	0.122
0	0.1214
0	0.1214
0	0.1211
0	0.1215
0	0.1211
0	0.1213
0	0.1204
0	0.1213
0	0.1202
0	0.1202
0	0.1204
0	0.1208
0	0.1208
0	0.1216
0	0.1215
0	0.1208
0	0.1207
0	0.1199
0	0.1202
0	0.1192
0	0.1187
0	0.1196
0	0.1198
0	0.1195
0	0.1195
0	0.1189
0	0.1189
0	0.1188
0	0.1187
0	0.1189
0	0.1192
0	0.1197
0	0.1191
0	0.1183
0	0.1184
0	0.119
0	0.1184
0	0.1177
0	0.1177
0	0.1178
0	0.1171
0	0.1181
0	0.1177
0	0.1184
0	0.119
0	0.1197
0	0.1202
0	0.1196
0	0.1193
0	0.1194
0	0.1197
0	0.1202
0	0.1206
0	0.1207
0	0.1207
0	0.1206
0	0.1214
0	0.1218
0	0.1208
0	0.1214
0	0.1211
0	0.1212
0	0.1211
0	0.1214
0	0.1209
0	0.1222
0	0.1222
0	0.1215
0	0.1218
0	0.1212
0	0.1214
0	0.1207
0	0.1202
0	0.1197
0	0.1207
0	0.1205
0	0.1205
0	0.1205
0	0.1208
0	0.1214
0	0.1218
0	0.1212
0	0.1199
0	0.1206
0	0.1215
0	0.1211
0	0.1207
0	0.1207
0	0.1202
0	0.1202
0	0.12
0	0.1198
0	0.1198
0	0.1197
0	0.1214
0	0.1209
0	0.1197
0	0.1208
0	0.1209
0	0.1207
0	0.1208
0	0.1218
0	0.1212
0	0.1219
0	0.1227
0	0.1229
0	0.1222
0	0.122
0	0.1206
0	0.121
0	0.1208
0	0.1202
0	0.1196
0	0.1199
0	0.119
0	0.1192
0	0.1194
0	0.1198
0	0.1196
0	0.1198
0	0.1196
0	0.1201
0	0.1203
0	0.12
0	0.1228
0	0.1224
0	0.1222
0	0.121
0	0.1204
0	0.1216
0	0.1224
0	0.1221
0	0.1238
0	0.1239
0	0.1238
0	0.1241
0	0.1247
0	0.1225
0	0.1226
0	0.1218
0	0.1223
0	0.1221
0	0.1222
0	0.1214
0	0.1216
0	0.1211
0	0.1212
0	0.1208
0	0.1205
0	0.1204
0	0.1213
0	0.1211
0	0.1201
0	0.1198
0	0.1195
0	0.1196
0	0.1188
0	0.1189
0	0.1188
0	0.1185
0	0.1183
0	0.1185
0	0.1182
0	0.1181
0	0.12
0	0.1213
0	0.121
0	0.1211
0	0.1217
0	0.1212
0	0.1227
0	0.1223
0	0.1238
0	0.1231
0	0.1236
0	0.1229
0	0.1227
0	0.1242
0	0.1238
0	0.1229
0	0.1229
0	0.1227
0	0.1228
0	0.1227
0	0.1233
0	0.1234
0	0.1215
0	0.1215
0	0.1214
0	0.1217
0	0.1218
0	0.1218
0	0.1215
0	0.1218
0	0.1216
0	0.1217
0	0.1214
0	0.1213
0	0.1209
0	0.1215
0	0.1222
0	0.1215
0	0.122
0	0.1213
0	0.1216
0	0.1215
0	0.1196
0	0.1198
0	0.1198
0	0.1194
0	0.12
0	0.1193
0	0.1203
0	0.1203
0	0.1206
0	0.1197
0	0.1195
0	0.1192
0	0.121
0	0.1204
0	0.1206
0	0.12
0	0.1198
0	0.1206
0	0.1197
0	0.1196
0	0.1194
0	0.1203
0	0.121
0	0.1208
0	0.1209
0	0.1213
0	0.1215
0	0.1208
0	0.1197
0	0.1197
0	0.1197
0	0.1204
0	0.1207
0	0.1202
0	0.1197
0	0.1193
0	0.1199
0	0.1195
0	0.1186
0	0.1187
0	0.1188
0	0.1235
0	0.1229
0	0.1229
0	0.1235
0	0.1241
0	0.1242
0	0.1242
0	0.1234
0	0.1232
0	0.1233
0	0.1227
0	0.1233
0	0.1235
0	0.1234
0	0.1236
0	0.123
0	0.1233
0	0.1229
0	0.1229
0	0.1237
0	0.124
0	0.1237
0	0.1242
0	0.1236
0	0.1235
0	0.1243
0	0.1242
0	0.1251
0	0.1245
0	0.1245
0	0.1243
0	0.1244
0	0.124
0	0.1238
0	0.1243
0	0.1246
0	0.1237
0	0.1244
0	0.1248
0	0.1241
0	0.1237
0	0.124
0	0.1253
0	0.1252
0	0.1258
0	0.1248
0	0.1247
0	0.1248
0	0.1249
0	0.1243
0	0.125
0	0.1252
0	0.125
0	0.1249
0	0.1242
0	0.1257
0	0.1262
0	0.1275
0	0.1282
0	0.1263
0	0.1277
0	0.1284
0	0.1287
0	0.1294
0	0.1286
0	0.1287
0	0.1285
0	0.1284
0	0.1283
0	0.1282
0	0.1291
0	0.129
0	0.1291
0	0.129
0	0.1291
0	0.1292
0	0.1306
0	0.13
0	0.13
0	0.1296
0	0.1312
0	0.1312
0	0.1318
0	0.133
0	0.1325
0	0.1331
0	0.1326
0	0.1328
0	0.134
0	0.1335
0	0.1341
0	0.1341
0	0.1342
0	0.1324
0	0.1323
0	0.1323
0	0.132
0	0.1315
0	0.1312
0	0.1311
0	0.1312
0	0.1306
0	0.1318
0	0.1318
0	0.1293
0	0.1289
0	0.1288
0	0.1288
0	0.1284
0	0.1281
0	0.1274
0	0.1272
0	0.1273
0	0.1273
0	0.1281
0	0.128
0	0.1281
0	0.1289
0	0.1286
0	0.1286
0	0.1289
0	0.1286
0	0.1284
0	0.1287
0	0.1288
0	0.1289
0	0.129
0	0.1296
0	0.1298
0	0.1292
0	0.1285
0	0.1299
0	0.1306
0	0.1306
0	0.1307
0	0.1305
0	0.1315
0	0.1315
0	0.1312
0	0.1306
0	0.1308
0	0.13
0	0.13
0	0.1295
0	0.1293
0	0.1295
0	0.1294
0	0.129
0	0.1289
0	0.1285
0	0.1293
0	0.1293
0	0.1291
0	0.1303
0	0.1295
0	0.1295
0	0.1294
0	0.1296
0	0.1303
0	0.1296
0	0.129
0	0.1287
0	0.1293
0	0.1286
0	0.1287
0	0.1287
0	0.1284
0	0.1281
0	0.1283
0	0.1282
0	0.1282
0	0.1277
0	0.1276
0	0.1277
0	0.1269
0	0.1271
0	0.1284
0	0.1276
0	0.1277
0	0.1288
0	0.1284
0	0.1284
0	0.128
0	0.1279
0	0.1286
0	0.1252
0	0.1242
0	0.1243
0	0.124
0	0.1237
0	0.1234
0	0.124
0	0.1243
0	0.1239
0	0.1237
0	0.1234
0	0.1218
0	0.1214
0	0.1226
0	0.1217
0	0.1225
0	0.122
0	0.1218
0	0.1222
0	0.1224
0	0.1217
0	0.1227
0	0.1228
0	0.1226
0	0.1226
0	0.1238
0	0.1237
0	0.1232
0	0.1231
0	0.1229
0	0.1232
0	0.1243
0	0.1237
0	0.1234
0	0.124
0	0.1252
0	0.1254
0	0.1251
0	0.1244
0	0.1252
0	0.1261
0	0.127
0	0.1265
0	0.1256
0	0.1272
0	0.1274
0	0.1281
0	0.1284
0	0.1281
0	0.1288
0	0.1286
0	0.1287
0	0.1289
0	0.1291
0	0.1298
0	0.1314
0	0.1313
0	0.1313
0	0.1315
0	0.1318
0	0.1315
0	0.1309
0	0.1303
0	0.1309
0	0.1315
0	0.131
0	0.1302
0	0.1312
0	0.1304
0	0.1305
0	0.1298
0	0.1297
0	0.1306
0	0.1302
0	0.1302
0	0.1319
0	0.1314
0	0.1315
0	0.1311
0	0.1315
0	0.1293
0	0.1286
0	0.129
0	0.1294
0	0.1293
0	0.1284
0	0.1285
0	0.1283
0	0.1274
0	0.1273
0	0.1278
0	0.1275
0	0.1271
0	0.1277
0	0.1278
0	0.1277
0	0.1282
0	0.1286
0	0.1285
0	0.1278
0	0.129
0	0.129
0	0.1285
0	0.1281
0	0.1275
0	0.1286
0	0.129
0	0.1288
0	0.1287
0	0.1294
0	0.1286
0	0.1284
0	0.1279
0	0.1282
0	0.1282
0	0.1285
0	0.1286
0	0.1276
0	0.1255
0	0.1261
0	0.1257
0	0.1259
0	0.1262
0	0.1255
0	0.1258
0	0.1258
0	0.1258
0	0.126
0	0.1259
0	0.1254
0	0.1248
0	0.125
0	0.1244
0	0.1242
0	0.1243
0	0.1241
0	0.1253
0	0.1253
0	0.1248
0	0.1248
0	0.1242
0	0.1239
0	0.1247
0	0.1243
0	0.1235
0	0.1238
0	0.1239
0	0.1239
0	0.1236
0	0.1231
0	0.1224
0	0.1229
0	0.1224
0	0.1227
0	0.1228
0	0.1231
0	0.1222
0	0.1224
0	0.1221
0	0.1223
0	0.1224
0	0.1226
0	0.1232
0	0.1233
0	0.1239
0	0.1232
0	0.1233
0	0.1227
0	0.123
0	0.1229
0	0.1234
0	0.1227
0	0.1231
0	0.122
0	0.1221
0	0.1216
0	0.1216
0	0.1212
0	0.1215
0	0.1215
0	0.1219
0	0.1216
0	0.1215
0	0.1215
0	0.1206
0	0.1208
0	0.1202
0	0.12
0	0.1209
0	0.1208
0	0.1196
0	0.1202
0	0.1203
0	0.1198
0	0.1199
0	0.1197
0	0.121
0	0.1206
0	0.1201
0	0.1216
0	0.1162
0	0.1154
0	0.1153
0	0.1153
0	0.1152
0	0.1149
0	0.1152
0	0.1153
0	0.1143
0	0.1149
0	0.1148
0	0.1164
0	0.1162
0	0.1164
0	0.1158
0	0.1159
0	0.1163
0	0.116
0	0.1162
0	0.1162
0	0.1169
0	0.1178
0	0.118
0	0.1177
0	0.1177
0	0.118
0	0.1177
0	0.1177
0	0.1173
0	0.1173
0	0.1174
0	0.1177
0	0.1171
0	0.1174
0	0.1175
0	0.1167
0	0.1167
0	0.1166
0	0.1159
0	0.1163
0	0.1163
0	0.1171
0	0.117
0	0.1173
0	0.1172
0	0.117
0	0.1123
0	0.1121
0	0.1118
0	0.1119
0	0.112
0	0.1116
0	0.1119
0	0.1113
0	0.1114
0	0.1114
0	0.1116
0	0.111
0	0.1112
0	0.1107
0	0.1107
0	0.1107
0	0.1102
0	0.1102
0	0.1101
0	0.1105
0	0.1102
0	0.11
0	0.1092
0	0.1101
0	0.1098
0	0.1102
0	0.1099
0	0.1109
0	0.1101
0	0.1104
0	0.1109
0	0.1109
0	0.1096
0	0.1104
0	0.11
0	0.1106
0	0.1109
0	0.1109
0	0.1109
0	0.1102
0	0.1102
0	0.1108
0	0.1107
0	0.1115
0	0.1123
0	0.112
0	0.1129
0	0.1132
0	0.1127
0	0.1128
0	0.1125
0	0.1139
0	0.1139
0	0.1141
0	0.1141
0	0.114
0	0.1139
0	0.1147
0	0.1148
0	0.1149
0	0.1152
0	0.1132
0	0.1127
0	0.1128
0	0.1129
0	0.1122
0	0.1123
0	0.1118
0	0.111
0	0.111
0	0.1103
0	0.1114
0	0.1115
0	0.1098
0	0.1095
0	0.109
0	0.109
0	0.1091
0	0.1085
0	0.109
0	0.1079
0	0.1088
0	0.109
0	0.1084
0	0.1077
0	0.1081
0	0.1079
0	0.1081
0	0.1073
0	0.1071
0	0.108
0	0.107
0	0.1078
0	0.1072
0	0.107
0	0.1076
0	0.1075
0	0.1079
0	0.1096
0	0.1093
0	0.1095
0	0.1097
0	0.1101
0	0.1105
0	0.111
0	0.1116
0	0.1109
0	0.1116
0	0.1107
0	0.1114
0	0.1119
0	0.1118
0	0.1118
0	0.1113
0	0.1113
0	0.1112
0	0.1112
0	0.1111
0	0.1111
0	0.1113
0	0.1115
0	0.1117
0	0.1106
0	0.1105
0	0.1115
0	0.1108
0	0.1109
0	0.1103
0	0.1103
0	0.1117
0	0.1133
0	0.1128
0	0.1125
0	0.112
0	0.1123
0	0.1124
0	0.1125
0	0.1127
0	0.1117
0	0.1114
0	0.112
0	0.1121
0	0.1119
0	0.112
0	0.1126
0	0.1129
0	0.1123
0	0.1123
0	0.1123
0	0.1129
0	0.1127
0	0.1126
0	0.1129
0	0.1128
0	0.1137
0	0.1128
0	0.1139
0	0.114
0	0.1142
0	0.114
0	0.1142
0	0.1146
0	0.1156
0	0.1147
0	0.1157
0	0.1152
0	0.1153
0	0.1152
0	0.1152
0	0.1153
0	0.1148
0	0.1149
0	0.1149
0	0.1142
0	0.1139
0	0.1133
0	0.1133
0	0.1135
0	0.1128
0	0.1123
0	0.1132
0	0.1125
0	0.1129
0	0.1123
0	0.1121
0	0.112
0	0.1122
0	0.1121
0	0.1122
0	0.1127
0	0.1128
0	0.1135
0	0.1128
0	0.1124
0	0.1133
0	0.1125
0	0.1119
0	0.1128
0	0.112
0	0.1121
0	0.112
0	0.1121
0	0.1127
0	0.1128
0	0.1128
0	0.1137
0	0.1138
0	0.113
0	0.1131
0	0.1137
0	0.1134
0	0.1142
0	0.1149
0	0.1146
0	0.115
0	0.1148
0	0.1149
0	0.1157
0	0.1152
0	0.1154
0	0.1159
0	0.1158
0	0.1166
0	0.116
0	0.1158
0	0.1161
0	0.1163
0	0.1164
0	0.1166
0	0.1163
0	0.1162
0	0.1161
0	0.1161
0	0.116
0	0.1158
0	0.1159
0	0.1149
0	0.1151
0	0.1152
0	0.1158
0	0.1159
0	0.1156
0	0.1158
0	0.116
0	0.1157
0	0.1163
0	0.1157
0	0.1154
0	0.1156
0	0.1157
0	0.1151
0	0.1145
0	0.115
0	0.1151
0	0.1154
0	0.1156
0	0.1148
0	0.1143
0	0.1147
0	0.1143
0	0.1138
0	0.1142
0	0.1139
0	0.1138
0	0.1135
0	0.1129
0	0.1129
0	0.1131
0	0.1131
0	0.1137
0	0.1129
0	0.1127
0	0.1129
0	0.1126
0	0.1113
0	0.1116
0	0.1115
0	0.1116
0	0.112
0	0.1122
0	0.1113
0	0.1122
0	0.1122
0	0.1121
0	0.112
0	0.1122
0	0.1123
0	0.1121
0	0.1131
0	0.1131
0	0.114
0	0.1146
0	0.1137
0	0.1136
0	0.1141
0	0.1132
0	0.1142
0	0.114
0	0.1163
0	0.1157
0	0.116
0	0.1156
0	0.115
0	0.115
0	0.115
0	0.1148
0	0.1151
0	0.1152
0	0.1152
0	0.1145
0	0.1146
0	0.1143
0	0.1145
0	0.1144
0	0.1146
0	0.1146
0	0.1144
0	0.1152
0	0.1157
0	0.1159
0	0.116
0	0.1152
0	0.1146
0	0.1156
0	0.1165
0	0.1164
0	0.1163
0	0.116
0	0.1165
0	0.1142
0	0.1137
0	0.114
0	0.1142
0	0.1151
0	0.1149
0	0.1148
0	0.1149
0	0.1146
0	0.1148
0	0.1147
0	0.1145
0	0.1145
0	0.1139
0	0.1142
0	0.1142
0	0.1144
0	0.1142
0	0.1143
0	0.1142
0	0.1165
0	0.1157
0	0.1173
0	0.1163
0	0.1163
0	0.1174
0	0.1166
0	0.1168
0	0.1164
0	0.1166
0	0.1164
0	0.1164
0	0.116
0	0.1163
0	0.1162
0	0.1161
0	0.1153
0	0.1154
0	0.1161
0	0.1164
0	0.1156
0	0.1159
0	0.1153
0	0.1155
0	0.1152
0	0.115
0	0.115
0	0.1158
0	0.1158
0	0.116
0	0.1159
0	0.1166
0	0.1165
0	0.1165
0	0.1165
0	0.1166
0	0.116
0	0.1163
0	0.1179
0	0.1179
0	0.1181
0	0.1174
0	0.1174
0	0.1171
0	0.1172
0	0.1165
0	0.1166
0	0.1167
0	0.1168
0	0.1164
0	0.1165
0	0.1158
0	0.1165
0	0.1158
0	0.1167
0	0.1168
0	0.116
0	0.1161
0	0.1164
0	0.1163
0	0.1164
0	0.1169
0	0.1177
0	0.117
0	0.1168
0	0.1167
0	0.1167
0	0.1177
0	0.1167
0	0.1166
0	0.1176
0	0.1164
0	0.1164
0	0.1165
0	0.1166
0	0.1163
0	0.1163
0	0.1168
0	0.1179
0	0.117
0	0.1175
0	0.1212
0	0.1204
0	0.1214
0	0.1214
0	0.1217
0	0.1207
0	0.1215
0	0.1215
0	0.1212
0	0.1213
0	0.1205
0	0.1215
0	0.1208
0	0.1201
0	0.1207
0	0.1217
0	0.1212
0	0.1204
0	0.1213
0	0.1213
0	0.1207
0	0.1208
0	0.1208
0	0.1208
0	0.1208
0	0.121
0	0.1217
0	0.1226
0	0.1218
0	0.1227
0	0.1227
0	0.1228
0	0.1221
0	0.1225
0	0.1226
0	0.1217
0	0.1226
0	0.1216
0	0.1207
0	0.1206
0	0.1207
0	0.1212
0	0.1204
0	0.1209
0	0.1206
0	0.1214
0	0.1215
0	0.1209
0	0.1209
0	0.1217
0	0.1217
0	0.1217
0	0.09566
0	0.09612
0	0.09552
0	0.09558
0	0.09567
0	0.09591
0	0.09632
0	0.09651
0	0.09653
0	0.09707
0	0.09777
0	0.09768
0	0.09706
0	0.09696
0	0.09695
0	0.09771
0	0.09779
0	0.09752
0	0.09757
0	0.09856
0	0.09829
0	0.09863
0	0.09803
0	0.09886
0	0.09885
0	0.09913
0	0.09937
0	0.09869
0	0.0981
0	0.09907
0	0.09903
0	0.09894
0	0.09887
0	0.09907
0	0.0987
0	0.09875
0	0.09802
0	0.09872
0	0.098
0	0.09779
0	0.09871
0	0.09748
0	0.09751
0	0.09757
0	0.09763
0	0.09709
0	0.0972
0	0.0973
0	0.09837
0	0.09835
0	0.09768
0	0.09855
0	0.09838
0	0.09781
0	0.0979
0	0.09805
0	0.09684
0	0.09709
0	0.09704
0	0.09698
0	0.09763
0	0.09798
0	0.09725
0	0.09728
0	0.09814
0	0.09813
0	0.09763
0	0.09841
0	0.09531
0	0.09546
0	0.09557
0	0.09557
0	0.09558
0	0.09577
0	0.09592
0	0.095
0	0.09469
0	0.09639
0	0.09655
0	0.09641
0	0.09644
0	0.09637
0	0.0967
0	0.0952
0	0.09616
0	0.09613
0	0.09621
0	0.09638
0	0.09635
0	0.09558
0	0.09554
0	0.09657
0	0.09661
0	0.09645
0	0.09711
0	0.09747
0	0.09742
0	0.09721
0	0.09744
0	0.09793
0	0.0973
0	0.09743
0	0.09738
0	0.09756
0	0.09779
0	0.09782
0	0.09783
0	0.0978
0	0.09792
0	0.09767
0	0.09799
0	0.09745
0	0.09757
0	0.09821
0	0.0984
0	0.09855
0	0.09855
0	0.0991
0	0.09904
0	0.09914
0	0.09901
0	0.09888
0	0.0993
0	0.09983
0	0.09925
0	0.1002
0	0.09934
0	0.1001
0	0.1001
0	0.09987
0	0.09999
0	0.09942
0	0.09905
0	0.09881
0	0.09864
0	0.09967
0	0.0993
0	0.09874
0	0.09858
0	0.09882
0	0.09952
0	0.09868
0	0.09965
0	0.09896
0	0.09902
0	0.09994
0	0.09959
0	0.09938
0	0.0989
0	0.099
0	0.09845
0	0.0979
0	0.09816
0	0.09741
0	0.09746
0	0.09764
0	0.09753
0	0.09596
0	0.09589
0	0.09488
0	0.09498
0	0.09528
0	0.09436
0	0.09519
0	0.09532
0	0.0945
0	0.09528
0	0.09548
0	0.09544
0	0.09542
0	0.09582
0	0.0954
0	0.09604
0	0.096
0	0.09614
0	0.09719
0	0.09644
0	0.09567
0	0.09515
0	0.09516
0	0.09604
0	0.09541
0	0.09548
0	0.09564
0	0.09557
0	0.09519
0	0.09506
0	0.09486
0	0.09474
0	0.09561
0	0.09565
0	0.09586
0	0.09506
0	0.09574
0	0.09509
0	0.09519
0	0.0954
0	0.09525
0	0.09518
0	0.09527
0	0.09616
0	0.09626
0	0.09542
0	0.09614
0	0.09625
0	0.09543
0	0.09586
0	0.09581
0	0.09606
0	0.09609
0	0.09603
0	0.096
0	0.09681
0	0.09767
0	0.09733
0	0.09761
0	0.09614
0	0.09684
0	0.09692
0	0.09638
0	0.0974
0	0.09668
0	0.09687
0	0.09687
0	0.09688
0	0.09679
0	0.09687
0	0.09729
0	0.09764
0	0.09752
0	0.09686
0	0.09717
0	0.09709
0	0.09756
0	0.09778
0	0.09748
0	0.09761
0	0.09799
0	0.09702
0	0.09672
0	0.09758
0	0.09482
0	0.09478
0	0.09513
0	0.0945
0	0.09427
0	0.0944
0	0.09453
0	0.09368
0	0.09452
0	0.0945
0	0.09516
0	0.09471
0	0.09489
0	0.09518
0	0.095
0	0.09538
0	0.09556
0	0.09496
0	0.09498
0	0.09534
0	0.09459
0	0.09472
0	0.09457
0	0.09476
0	0.09465
0	0.09491
0	0.09562
0	0.09487
0	0.09575
0	0.09499
0	0.09533
0	0.09532
0	0.09622
0	0.09559
0	0.09587
0	0.09509
0	0.09576
0	0.0958
0	0.09533
0	0.09604
0	0.09546
0	0.0955
0	0.09523
0	0.09517
0	0.09475
0	0.09474
0	0.09491
0	0.09501
0	0.09521
0	0.09591
0	0.09687
0	0.09675
0	0.09599
0	0.09648
0	0.09603
0	0.09685
0	0.09681
0	0.09687
0	0.09669
0	0.09629
0	0.09516
0	0.09608
0	0.09593
0	0.09592
0	0.09604
0	0.09659
0	0.09674
0	0.09674
0	0.09687
0	0.0969
0	0.09628
0	0.09619
0	0.09683
0	0.09763
0	0.09526
0	0.09547
0	0.09561
0	0.0956
0	0.09389
0	0.09382
0	0.09383
0	0.09398
0	0.09338
0	0.09336
0	0.09349
0	0.09362
0	0.09383
0	0.09396
0	0.09383
0	0.09308
0	0.0931
0	0.0935
0	0.09279
0	0.09284
0	0.09319
0	0.09251
0	0.09249
0	0.09277
0	0.09261
0	0.09263
0	0.09357
0	0.09288
0	0.09308
0	0.09175
0	0.09183
0	0.09183
0	0.09124
0	0.09147
0	0.09162
0	0.09089
0	0.09178
0	0.09208
0	0.09125
0	0.09148
0	0.09123
0	0.09175
0	0.0919
0	0.09179
0	0.09184
0	0.09217
0	0.09226
0	0.09237
0	0.09217
0	0.09306
0	0.09311
0	0.09238
0	0.09254
0	0.09268
0	0.09187
0	0.09189
0	0.09273
0	0.09254
0	0.09278
0	0.0928
0	0.09294
0	0.09295
0	0.09298
0	0.09289
0	0.09288
0	0.09285
0	0.09307
0	0.09308
0	0.09322
0	0.09342
0	0.09232
0	0.09307
0	0.0938
0	0.09375
0	0.09311
0	0.09274
0	0.09262
0	0.09268
0	0.0918
0	0.09216
0	0.09138
0	0.0924
0	0.09136
0	0.09146
0	0.0923
0	0.09229
0	0.09232
0	0.09224
0	0.09223
0	0.09247
0	0.09202
0	0.092
0	0.09191
0	0.0917
0	0.09209
0	0.0918
0	0.09257
0	0.09239
0	0.09226
0	0.09208
0	0.09234
0	0.09241
0	0.09231
0	0.09228
0	0.09145
0	0.09162
0	0.09153
0	0.09032
0	0.09118
0	0.092
0	0.09111
0	0.09059
0	0.09141
0	0.09144
0	0.08977
0	0.09064
0	0.09078
0	0.09067
0	0.09085
0	0.0916
0	0.09236
0	0.09246
0	0.09247
0	0.09212
0	0.09224
0	0.09201
0	0.09295
0	0.09306
0	0.09235
0	0.09232
0	0.09229
0	0.09319
0	0.09318
0	0.09321
0	0.09267
0	0.09357
0	0.09348
0	0.0928
0	0.09279
0	0.09294
0	0.09226
0	0.0925
0	0.09209
0	0.09213
0	0.09301
0	0.09291
0	0.09379
0	0.09368
0	0.09318
0	0.09326
0	0.09313
0	0.09362
0	0.0938
0	0.09393
0	0.09386
0	0.09313
0	0.09411
0	0.09338
0	0.09372
0	0.09371
0	0.09374
0	0.09364
0	0.09359
0	0.09434
0	0.09454
0	0.09443
0	0.09449
0	0.09462
0	0.09463
0	0.09473
0	0.09452
0	0.09453
0	0.09553
0	0.09539
0	0.09545
0	0.09465
0	0.09546
0	0.0955
0	0.09565
0	0.09505
0	0.09567
0	0.09487
0	0.09573
0	0.09576
0	0.09563
0	0.09592
0	0.09599
0	0.0961
0	0.09599
0	0.09602
0	0.09614
0	0.09596
0	0.09599
0	0.09609
0	0.09619
0	0.09692
0	0.09712
0	0.09628
0	0.09632
0	0.09727
0	0.09663
0	0.09644
0	0.09618
0	0.09607
0	0.09589
0	0.09696
0	0.09614
0	0.09637
0	0.09583
0	0.09585
0	0.09625
0	0.0956
0	0.09623
0	0.09607
0	0.09612
0	0.09619
0	0.0962
0	0.09626
0	0.09641
0	0.09645
0	0.09666
0	0.09655
0	0.09673
0	0.09747
0	0.09666
0	0.09692
0	0.09623
0	0.09564
0	0.09566
0	0.09562
0	0.0956
0	0.09583
0	0.09595
0	0.09608
0	0.09598
0	0.09608
0	0.09629
0	0.09599
0	0.09526
0	0.09528
0	0.09533
0	0.09541
0	0.09553
0	0.09547
0	0.09562
0	0.09545
0	0.09577
0	0.09498
0	0.09513
0	0.09572
0	0.09585
0	0.09566
0	0.09577
0	0.0958
0	0.096
0	0.09527
0	0.09531
0	0.09536
0	0.09533
0	0.09548
0	0.09629
0	0.09631
0	0.09636
0	0.09624
0	0.09634
0	0.09561
0	0.09619
0	0.09631
0	0.09622
0	0.0964
0	0.09642
0	0.09732
0	0.09721
0	0.09727
0	0.09764
0	0.09766
0	0.09769
0	0.09774
0	0.09686
0	0.09761
0	0.09756
0	0.09771
0	0.09779
0	0.0977
0	0.09793
0	0.09779
0	0.09875
0	0.09785
0	0.09869
0	0.09871
0	0.09872
0	0.09842
0	0.09842
0	0.09844
0	0.09839
0	0.09942
0	0.09879
0	0.0988
0	0.09875
0	0.09906
0	0.09823
0	0.0991
0	0.09904
0	0.09887
0	0.09987
0	0.09892
0	0.09899
0	0.09905
0	0.09914
0	0.09938
0	0.09955
0	0.09957
0	0.09957
0	0.09959
0	0.09957
0	0.1003
0	0.0996
0	0.1005
0	0.1006
0	0.09992
0	0.1008
0	0.1009
0	0.1009
0	0.1009
0	0.1009
0	0.1009
0	0.101
0	0.1009
0	0.1011
0	0.1005
0	0.1009
0	0.101
0	0.1009
0	0.1
0	0.1008
0	0.1017
0	0.1007
0	0.1011
0	0.1004
0	0.1014
0	0.1007
0	0.1012
0	0.1011
0	0.1013
0	0.1015
0	0.1015
0	0.1008
0	0.101
0	0.1004
0	0.1007
0	0.09926
0	0.09946
0	0.1001
0	0.09965
0	0.09996
0	0.0991
0	0.09917
0	0.09921
0	0.09907
0	0.1002
0	0.1002
0	0.1005
0	0.09962
0	0.09973
0	0.09979
0	0.09998
0	0.1002
0	0.1002
0	0.1002
0	0.1003
0	0.09951
0	0.09963
0	0.09966
0	0.09971
0	0.09985
0	0.09991
0	0.1002
0	0.09945
0	0.1003
0	0.1002
0	0.1
0	0.09984
0	0.1
0	0.09867
0	0.09869
0	0.09865
0	0.09865
0	0.09888
0	0.09874
0	0.09873
0	0.0986
0	0.09894
0	0.09976
0	0.1006
0	0.1004
0	0.1006
0	0.1007
0	0.1
0	0.1009
0	0.101
0	0.101
0	0.1002
0	0.1002
0	0.101
0	0.101
0	0.1018
0	0.1018
0	0.101
0	0.1011
0	0.1013
0	0.1015
0	0.1014
0	0.1015
0	0.1013
0	0.1015
0	0.1014
0	0.1008
0	0.1009
0	0.1018
0	0.1011
0	0.1011
0	0.101
0	0.101
0	0.1019
0	0.1019
0	0.1011
0	0.1006
0	0.1008
0	0.1006
0	0.1007
0	0.1007
0	0.1001
0	0.1001
0	0.1003
0	0.1001
0	0.1
0	0.1002
0	0.09993
0	0.1
0	0.09982
0	0.1001
0	0.1001
0	0.09926
0	0.1
0	0.1
0	0.0998
0	0.09985
0	0.0998
0	0.09981
0	0.1001
0	0.101
0	0.1001
0	0.1006
0	0.1005
0	0.1005
0	0.1001
0	0.09997
0	0.1009
0	0.1011
0	0.09998
0	0.1008
0	0.1007
0	0.1014
0	0.1013
0	0.1013
0	0.1017
0	0.101
0	0.1011
0	0.1012
0	0.101
0	0.1012
0	0.1013
0	0.1004
0	0.1005
0	0.1015
0	0.1015
0	0.101
0	0.1013
0	0.1014
0	0.1014
0	0.1007
0	0.1009
0	0.1002
0	0.1015
0	0.1015
0	0.1018
0	0.1017
0	0.1017
0	0.1017
0	0.1017
0	0.1013
0	0.1021
0	0.1014
0	0.1014
0	0.1017
0	0.1018
0	0.1018
0	0.1019
0	0.102
0	0.1012
0	0.1014
0	0.1015
0	0.1016
0	0.1024
0	0.1025
0	0.1024
0	0.1016
0	0.1018
0	0.102
0	0.102
0	0.102
0	0.102
0	0.1018
0	0.1019
0	0.1018
0	0.1021
0	0.1021
0	0.102
0	0.1013
0	0.1014
0	0.1016
0	0.1017
0	0.1017
0	0.1018
0	0.1019
0	0.1017
0	0.1019
0	0.1018
0	0.1016
0	0.1016
0	0.1024
0	0.1016
0	0.1017
0	0.1026
0	0.1025
0	0.1016
0	0.1016
0	0.1015
0	0.1016
0	0.1022
0	0.1023
0	0.1015
0	0.1015
0	0.1016
0	0.1016
0	0.1016
0	0.1015
0	0.1015
0	0.1017
0	0.1018
0	0.1016
0	0.1018
0	0.1018
0	0.1016
0	0.1014
0	0.1005
0	0.1013
0	0.1014
0	0.1013
0	0.1022
0	0.1019
0	0.1019
0	0.1028
0	0.1026
0	0.1026
0	0.1028
0	0.1029
0	0.1035
0	0.1034
0	0.1031
0	0.103
0	0.1028
0	0.103
0	0.1037
0	0.1036
0	0.1034
0	0.1036
0	0.1035
0	0.1037
0	0.1047
0	0.1045
0	0.1038
0	0.1038
0	0.1039
0	0.1041
0	0.1042
0	0.1042
0	0.1041
0	0.1038
0	0.1038
0	0.104
0	0.1043
0	0.1046
0	0.1047
0	0.1048
0	0.105
0	0.1042
0	0.1041
0	0.1041
0	0.1041
0	0.1051
0	0.1043
0	0.1046
0	0.1048
0	0.1048
0	0.1048
0	0.1051
0	0.1051
0	0.105
0	0.1049
0	0.1049
0	0.105
0	0.1052
0	0.105
0	0.1053
0	0.1053
0	0.1053
0	0.1045
0	0.1045
0	0.1045
0	0.1045
0	0.1051
0	0.1058
0	0.1057
0	0.1056
0	0.1056
0	0.1058
0	0.1057
0	0.105
0	0.1049
0	0.105
0	0.1039
0	0.1034
0	0.1031
0	0.1032
0	0.1034
0	0.1035
0	0.1035
0	0.1034
0	0.1043
0	0.1041
0	0.104
0	0.1042
0	0.1044
0	0.1036
0	0.1036
0	0.1036
0	0.1044
0	0.1045
0	0.1045
0	0.1044
0	0.1046
0	0.1045
0	0.1044
0	0.1047
0	0.1048
0	0.1049
0	0.105
0	0.1053
0	0.1053
0	0.1045
0	0.1053
0	0.1053
0	0.1052
0	0.1051
0	0.1042
0	0.1043
0	0.1043
0	0.1044
0	0.1021
0	0.1023
0	0.1015
0	0.1024
0	0.1026
0	0.1018
0	0.102
0	0.102
0	0.102
0	0.1019
0	0.1019
0	0.1028
0	0.1019
0	0.1027
0	0.1029
0	0.103
0	0.1023
0	0.1023
0	0.1025
0	0.1024
0	0.1016
0	0.1025
0	0.1026
0	0.1025
0	0.1017
0	0.1025
0	0.1014
0	0.1016
0	0.1021
0	0.1013
0	0.1017
0	0.1017
0	0.1016
0	0.1017
0	0.1018
0	0.1017
0	0.1017
0	0.1017
0	0.1018
0	0.1018
0	0.1019
0	0.1021
0	0.1021
0	0.1022
0	0.1022
0	0.1023
0	0.1024
0	0.1023
0	0.1029
0	0.103
0	0.103
0	0.1027
0	0.1031
0	0.1034
0	0.1036
0	0.1036
0	0.1036
0	0.1029
0	0.1022
0	0.1022
0	0.1023
0	0.1023
0	0.1024
0	0.1016
0	0.1021
0	0.1017
0	0.1016
0	0.1023
0	0.1023
0	0.1015
0	0.1016
0	0.1015
0	0.1017
0	0.1018
0	0.1016
0	0.1012
0	0.1011
0	0.1013
0	0.1006
0	0.1
0	0.1001
0	0.1003
0	0.1002
0	0.1008
0	0.1008
0	0.1007
0	0.1003
0	0.1003
0	0.09988
0	0.1008
0	0.101
0	0.1009
0	0.1008
0	0.1009
0	0.1008
0	0.101
0	0.1012
0	0.1013
0	0.1004
0	0.1007
0	0.1004
0	0.09954
0	0.0997
0	0.09967
0	0.09962
0	0.1006
0	0.1004
0	0.1007
0	0.09985
0	0.09993
0	0.09951
0	0.09976
0	0.09981
0	0.09965
0	0.09965
0	0.1006
0	0.1004
0	0.1013
0	0.1015
0	0.1006
0	0.1005
0	0.1006
0	0.1006
0	0.1007
0	0.1006
0	0.1008
0	0.1009
0	0.101
0	0.1007
0	0.1008
0	0.1009
0	0.1009
0	0.101
0	0.101
0	0.1009
0	0.1009
0	0.1008
0	0.1006
0	0.1007
0	0.1007
0	0.1007
0	0.101
0	0.1002
0	0.1003
0	0.1011
0	0.1003
0	0.1006
0	0.09967
0	0.1007
0	0.1
0	0.1001
0	0.1001
0	0.1002
0	0.1003
0	0.1004
0	0.1004
0	0.1004
0	0.1004
0	0.1004
0	0.101
0	0.1004
0	0.1005
0	0.1004
0	0.1005
0	0.1006
0	0.1007
0	0.1003
0	0.1003
0	0.1003
0	0.1003
0	0.1003
0	0.1002
0	0.1005
0	0.1006
0	0.1006
0	0.1007
0	0.101
0	0.1009
0	0.101
0	0.101
0	0.101
0	0.1011
0	0.1004
0	0.1003
0	0.1003
0	0.1013
0	0.1013
0	0.1002
0	0.1011
0	0.1011
0	0.1011
0	0.1012
0	0.1014
0	0.1013
0	0.1022
0	0.1023
0	0.1021
0	0.1013
0	0.1014
0	0.09595
0	0.09548
0	0.09551
0	0.09541
0	0.09529
0	0.0955
0	0.09575
0	0.09591
0	0.09587
0	0.09582
0	0.0959
0	0.09589
0	0.09608
0	0.09603
0	0.09594
0	0.0952
0	0.09605
0	0.09604
0	0.09616
0	0.09607
0	0.09621
0	0.09529
0	0.09622
0	0.09607
0	0.09611
0	0.096
0	0.09595
0	0.09571
0	0.09585
0	0.09601
0	0.09506
0	0.09602
0	0.09591
0	0.09656
0	0.09644
0	0.09697
0	0.09695
0	0.09704
0	0.0964
0	0.09653
0	0.09638
0	0.09636
0	0.09624
0	0.09643
0	0.09736
0	0.09733
0	0.09739
0	0.09823
0	0.09824
0	0.09749
0	0.09779
0	0.09789
0	0.09724
0	0.09749
0	0.09674
0	0.0969
0	0.09623
0	0.09638
0	0.09655
0	0.09644
0	0.07931
0	0.07841
0	0.07853
0	0.07873
0	0.07887
0	0.07795
0	0.07887
0	0.07933
0	0.07867
0	0.07893
0	0.07895
0	0.07881
0	0.07798
0	0.07793
0	0.07873
0	0.07861
0	0.07857
0	0.07852
0	0.07866
0	0.07862
0	0.07952
0	0.0797
0	0.07956
0	0.07957
0	0.07962
0	0.07968
0	0.08061
0	0.07973
0	0.07984
0	0.07985
0	0.07992
0	0.07908
0	0.08003
0	0.07914
0	0.07938
0	0.07944
0	0.07962
0	0.07958
0	0.07975
0	0.07971
0	0.07989
0	0.08001
0	0.08001
0	0.08003
0	0.07911
0	0.07919
0	0.07907
0	0.07907
0	0.07924
0	0.07939
0	0.07865
0	0.08008
0	0.08021
0	0.08017
0	0.08021
0	0.08023
0	0.08034
0	0.0804
0	0.08037
0	0.08015
0	0.08111
0	0.08029
0	0.08032
0	0.08031
0	0.08042
0	0.08024
0	0.07961
0	0.08056
0	0.08053
0	0.07913
0	0.07904
0	0.07924
0	0.07959
0	0.0796
0	0.07878
0	0.07887
0	0.0788
0	0.07967
0	0.07968
0	0.07988
0	0.079
0	0.0791
0	0.07909
0	0.07934
0	0.07935
0	0.07927
0	0.0794
0	0.07947
0	0.07952
0	0.07941
0	0.08026
0	0.08033
0	0.08036
0	0.07959
0	0.07968
0	0.07968
0	0.07982
0	0.07973
0	0.08043
0	0.08075
0	0.08073
0	0.08073
0	0.08075
0	0.08064
0	0.08149
0	0.08147
0	0.07738
0	0.07741
0	0.07763
0	0.07762
0	0.07768
0	0.0775
0	0.07661
0	0.07759
0	0.07731
0	0.07748
0	0.0775
0	0.07752
0	0.07761
0	0.07767
0	0.07753
0	0.07758
0	0.07758
0	0.07784
0	0.07682
0	0.07699
0	0.07718
0	0.07703
0	0.07723
0	0.07749
0	0.07494
0	0.07513
0	0.07505
0	0.075
0	0.07511
0	0.0745
0	0.07457
0	0.07444
0	0.07428
0	0.07508
0	0.07423
0	0.07521
0	0.0743
0	0.07461
0	0.07534
0	0.07616
0	0.0761
0	0.07612
0	0.0759
0	0.07565
0	0.07541
0	0.07521
0	0.07519
0	0.07524
0	0.07441
0	0.07534
0	0.07519
0	0.07522
0	0.07525
0	0.07544
0	0.07532
0	0.07514
0	0.07512
0	0.07518
0	0.07502
0	0.07578
0	0.07579
0	0.0756
0	0.07573
0	0.07491
0	0.07506
0	0.07585
0	0.0758
0	0.07661
0	0.07666
0	0.07662
0	0.07761
0	0.07684
0	0.07773
0	0.07829
0	0.07828
0	0.07812
0	0.07901
0	0.07891
0	0.0789
0	0.07898
0	0.0791
0	0.0791
0	0.07925
0	0.07924
0	0.07922
0	0.08011
0	0.08014
0	0.07939
0	0.08027
0	0.07996
0	0.08017
0	0.08008
0	0.08013
0	0.08011
0	0.0803
0	0.08036
0	0.08048
0	0.08052
0	0.07972
0	0.08058
0	0.08057
0	0.08055
0	0.08053
0	0.0808
0	0.08072
0	0.08073
0	0.08077
0	0.08158
0	0.08175
0	0.08197
0	0.08113
0	0.08175
0	0.08179
0	0.08187
0	0.08114
0	0.08194
0	0.08104
0	0.0813
0	0.08139
0	0.08112
0	0.08168
0	0.08154
0	0.08176
0	0.08183
0	0.08197
0	0.08198
0	0.082
0	0.08201
0	0.08205
0	0.08216
0	0.08181
0	0.08192
0	0.08267
0	0.08284
0	0.08277
0	0.0829
0	0.08306
0	0.08289
0	0.0831
0	0.0826
0	0.0818
0	0.08189
0	0.08186
0	0.08197
0	0.08194
0	0.08286
0	0.08282
0	0.0819
0	0.08198
0	0.08197
0	0.08211
0	0.08195
0	0.082
0	0.08201
0	0.08208
0	0.08226
0	0.08234
0	0.08232
0	0.08201
0	0.08213
0	0.08202
0	0.08203
0	0.0821
0	0.08199
0	0.08197
0	0.08201
0	0.08202
0	0.08223
0	0.08224
0	0.08171
0	0.08186
0	0.08189
0	0.08208
0	0.08197
0	0.08179
0	0.08175
0	0.08188
0	0.08187
0	0.08168
0	0.0816
0	0.08176
0	0.08193
0	0.08198
0	0.08104
0	0.08118
0	0.08124
0	0.08119
0	0.0812
0	0.08126
0	0.0822
0	0.0813
0	0.08132
0	0.08226
0	0.08229
0	0.0823
0	0.08231
0	0.08247
0	0.08249
0	0.08166
0	0.08168
0	0.08263
0	0.08161
0	0.08163
0	0.08169
0	0.08168
0	0.08135
0	0.08144
0	0.08146
0	0.0814
0	0.0814
0	0.0816
0	0.08252
0	0.08253
0	0.08169
0	0.08259
0	0.08273
0	0.08179
0	0.08194
0	0.08194
0	0.08271
0	0.08272
0	0.08286
0	0.08284
0	0.082
0	0.08206
0	0.08124
0	0.0814
0	0.08114
0	0.08107
0	0.08123
0	0.08143
0	0.08156
0	0.08058
0	0.08159
0	0.08155
0	0.08169
0	0.08171
0	0.08081
0	0.08073
0	0.08174
0	0.08176
0	0.081
0	0.08105
0	0.08116
0	0.08125
0	0.08136
0	0.08143
0	0.0806
0	0.08012
0	0.08002
0	0.08015
0	0.08018
0	0.08031
0	0.08047
0	0.0805
0	0.07978
0	0.07981
0	0.07989
0	0.08077
0	0.08062
0	0.08053
0	0.08059
0	0.08049
0	0.08057
0	0.08149
0	0.08148
0	0.08062
0	0.08073
0	0.08044
0	0.08042
0	0.08136
0	0.08142
0	0.08064
0	0.08063
0	0.08062
0	0.08069
0	0.08062
0	0.08062
0	0.08076
0	0.08067
0	0.08079
0	0.08085
0	0.08099
0	0.08026
0	0.08043
0	0.08042
0	0.08045
0	0.08038
0	0.08003
0	0.08
0	0.07998
0	0.08015
0	0.08006
0	0.08025
0	0.08031
0	0.0803
0	0.08026
0	0.0803
0	0.08023
0	0.08002
0	0.08011
0	0.08017
0	0.08029
0	0.07943
0	0.07954
0	0.07969
0	0.07983
0	0.07983
0	0.07977
0	0.07963
0	0.07964
0	0.0796
0	0.07967
0	0.07963
0	0.07962
0	0.07967
0	0.07976
0	0.07983
0	0.07981
0	0.07988
0	0.07992
0	0.07995
0	0.07991
0	0.07997
0	0.07998
0	0.08002
0	0.07997
0	0.08008
0	0.08022
0	0.08028
0	0.08039
0	0.07967
0	0.07972
0	0.07966
0	0.07985
0	0.07982
0	0.07988
0	0.07988
0	0.08018
0	0.08037
0	0.08027
0	0.08067
0	0.08089
0	0.08087
0	0.08089
0	0.08089
0	0.0808
0	0.08089
0	0.08113
0	0.0812
0	0.08044
0	0.08045
0	0.08059
0	0.08063
0	0.08073
0	0.08086
0	0.08004
0	0.08099
0	0.08081
0	0.0808
0	0.08072
0	0.0806
0	0.0806
0	0.08069
0	0.08049
0	0.08035
0	0.08043
0	0.08056
0	0.08081
0	0.08073
0	0.08065
0	0.08144
0	0.08142
0	0.08149
0	0.08039
0	0.08136
0	0.0806
0	0.08146
0	0.08162
0	0.08173
0	0.08173
0	0.08168
0	0.08164
0	0.08162
0	0.08166
0	0.0817
0	0.08188
0	0.08104
0	0.08126
0	0.08145
0	0.08156
0	0.08071
0	0.08069
0	0.08062
0	0.0816
0	0.08166
0	0.08154
0	0.08142
0	0.08155
0	0.08141
0	0.08134
0	0.08129
0	0.08225
0	0.08227
0	0.08229
0	0.08137
0	0.08142
0	0.08233
0	0.08236
0	0.08158
0	0.08155
0	0.08173
0	0.08182
0	0.08175
0	0.08155
0	0.08241
0	0.08153
0	0.08161
0	0.08168
0	0.0817
0	0.08171
0	0.08172
0	0.08182
0	0.08179
0	0.08187
0	0.08178
0	0.08179
0	0.08181
0	0.08181
0	0.08183
0	0.08184
0	0.08179
0	0.08187
0	0.08198
0	0.08198
0	0.08204
0	0.08204
0	0.08203
0	0.08207
0	0.08216
0	0.08218
0	0.08224
0	0.08218
0	0.08221
0	0.08228
0	0.08239
0	0.08242
0	0.08245
0	0.08233
0	0.08234
0	0.0824
0	0.0824
0	0.08239
0	0.08241
0	0.08246
0	0.08249
0	0.08256
0	0.08272
0	0.08269
0	0.08262
0	0.08267
0	0.08274
0	0.08277
0	0.08279
0	0.08281
0	0.08277
0	0.08282
0	0.0819
0	0.08201
0	0.08195
0	0.08206
0	0.08223
0	0.08212
0	0.08217
0	0.08217
0	0.08219
0	0.08228
0	0.08219
0	0.08226
0	0.08226
0	0.08229
0	0.08219
0	0.08233
0	0.08246
0	0.08164
0	0.08241
0	0.08246
0	0.08252
0	0.08251
0	0.08244
0	0.08259
0	0.08259
0	0.08266
0	0.08265
0	0.0828
0	0.08284
0	0.08268
0	0.08374
0	0.08278
0	0.08294
0	0.0838
0	0.0838
0	0.08376
0	0.08357
0	0.08355
0	0.08353
0	0.08359
0	0.08357
0	0.08353
0	0.08371
0	0.08378
0	0.08382
0	0.08397
0	0.084
0	0.08403
0	0.08319
0	0.0834
0	0.08341
0	0.08375
0	0.08292
0	0.0828
0	0.08377
0	0.0837
0	0.08392
0	0.083
0	0.08298
0	0.08312
0	0.08314
0	0.08401
0	0.08391
0	0.08391
0	0.08384
0	0.08394
0	0.08411
0	0.08424
0	0.08401
0	0.08385
0	0.08383
0	0.08359
0	0.08352
0	0.08368
0	0.08379
0	0.08405
0	0.084
0	0.0841
0	0.08333
0	0.08427
0	0.08411
0	0.0842
0	0.08404
0	0.08411
0	0.08405
0	0.08383
0	0.08378
0	0.08377
0	0.08369
0	0.08381
0	0.0838
0	0.08386
0	0.08384
0	0.08396
0	0.08405
0	0.08405
0	0.08311
0	0.08315
0	0.08315
0	0.08315
0	0.08309
0	0.08387
0	0.08387
0	0.08386
0	0.08404
0	0.08389
0	0.08403
0	0.08383
0	0.0838
0	0.08403
0	0.08403
0	0.0832
0	0.08415
0	0.08415
0	0.08417
0	0.08418
0	0.08435
0	0.08425
0	0.08424
0	0.08412
0	0.08391
0	0.08394
0	0.08396
0	0.08366
0	0.08373
0	0.0838
0	0.08377
0	0.08385
0	0.08406
0	0.08379
0	0.08393
0	0.08482
0	0.08396
0	0.0839
0	0.08405
0	0.08424
0	0.08425
0	0.08435
0	0.08445
0	0.08452
0	0.08383
0	0.08375
0	0.0838
0	0.08397
0	0.08396
0	0.08409
0	0.08469
0	0.08474
0	0.08476
0	0.08475
0	0.08483
0	0.0846
0	0.08456
0	0.08457
0	0.08464
0	0.08469
0	0.08468
0	0.08482
0	0.08573
0	0.08472
0	0.08483
0	0.08511
0	0.08527
0	0.0844
0	0.08421
0	0.08435
0	0.08516
0	0.08517
0	0.08527
0	0.08443
0	0.08517
0	0.08518
0	0.08522
0	0.08508
0	0.08413
0	0.08514
0	0.08418
0	0.08377
0	0.08395
0	0.08485
0	0.08407
0	0.08397
0	0.08483
0	0.08488
0	0.08397
0	0.08402
0	0.08415
0	0.08514
0	0.08507
0	0.08523
0	0.08521
0	0.08507
0	0.08525
0	0.08525
0	0.08447
0	0.08444
0	0.08516
0	0.08443
0	0.08461
0	0.08464
0	0.08476
0	0.08455
0	0.08456
0	0.08468
0	0.08486
0	0.08475
0	0.08464
0	0.08454
0	0.08456
0	0.08551
0	0.08548
0	0.08522
0	0.08534
0	0.08539
0	0.0853
0	0.08536
0	0.08526
0	0.08525
0	0.08517
0	0.08615
0	0.08522
0	0.08614
0	0.08617
0	0.086
0	0.08597
0	0.08617
0	0.08613
0	0.08628
0	0.0863
0	0.08625
0	0.08621
0	0.08614
0	0.08629
0	0.08635
0	0.08646
0	0.0866
0	0.08583
0	0.08593
0	0.08585
0	0.0859
0	0.0859
0	0.08593
0	0.08585
0	0.08553
0	0.08564
0	0.08557
0	0.08557
0	0.08555
0	0.08559
0	0.08559
0	0.08562
0	0.08574
0	0.08576
0	0.08595
0	0.08598
0	0.086
0	0.08577
0	0.08584
0	0.08592
0	0.08558
0	0.08548
0	0.08641
0	0.08538
0	0.08557
0	0.08549
0	0.08545
0	0.08549
0	0.08543
0	0.08554
0	0.08553
0	0.08554
0	0.08563
0	0.08547
0	0.08561
0	0.08556
0	0.08556
0	0.08557
0	0.08554
0	0.08525
0	0.0852
0	0.08513
0	0.08523
0	0.08519
0	0.0851
0	0.08607
0	0.08597
0	0.08481
0	0.08498
0	0.08514
0	0.08524
0	0.08544
0	0.08525
0	0.08538
0	0.08518
0	0.08602
0	0.08598
0	0.08614
0	0.08596
0	0.08602
0	0.08609
0	0.0861
0	0.0862
0	0.08629
0	0.0863
0	0.08644
0	0.08547
0	0.08561
0	0.08558
0	0.08566
0	0.08572
0	0.08582
0	0.08583
0	0.08593
0	0.08599
0	0.08622
0	0.08552
0	0.08566
0	0.0858
0	0.08598
0	0.08495
0	0.08574
0	0.08569
0	0.08567
0	0.08575
0	0.08578
0	0.08576
0	0.08585
0	0.08594
0	0.08594
0	0.08602
0	0.08605
0	0.0858
0	0.08582
0	0.08591
0	0.08594
0	0.08594
0	0.086
0	0.08606
0	0.08525
0	0.08511
0	0.08526
0	0.08547
0	0.08545
0	0.08545
0	0.08559
0	0.08476
0	0.08564
0	0.08568
0	0.08565
0	0.08473
0	0.08475
0	0.08504
0	0.08519
0	0.08594
0	0.08502
0	0.08597
0	0.08504
0	0.08517
0	0.08527
0	0.08538
0	0.08534
0	0.08539
0	0.08556
0	0.08558
0	0.08563
0	0.08493
0	0.08495
0	0.0849
0	0.08503
0	0.08587
0	0.08508
0	0.08512
0	0.08591
0	0.08589
0	0.08596
0	0.08612
0	0.08529
0	0.08535
0	0.08615
0	0.08528
0	0.08525
0	0.08626
0	0.0854
0	0.08564
0	0.08573
0	0.08571
0	0.08568
0	0.08566
0	0.08572
0	0.08581
0	0.08573
0	0.08573
0	0.08581
0	0.08582
0	0.08615
0	0.08618
0	0.08539
0	0.08629
0	0.08627
0	0.08618
0	0.08603
0	0.08612
0	0.08616
0	0.08607
0	0.0861
0	0.08616
0	0.08621
0	0.08619
0	0.08698
0	0.08692
0	0.08601
0	0.08609
0	0.08629
0	0.08632
0	0.08635
0	0.0863
0	0.0863
0	0.08623
0	0.08623
0	0.08622
0	0.08638
0	0.08637
0	0.08591
0	0.08595
0	0.08689
0	0.08692
0	0.08606
0	0.08594
0	0.08595
0	0.08598
0	0.086
0	0.08692
0	0.08695
0	0.08698
0	0.08611
0	0.0862
0	0.08621
0	0.08621
0	0.08632
0	0.0864
0	0.0864
0	0.08654
0	0.08631
0	0.08658
0	0.08656
0	0.08658
0	0.08663
0	0.08663
0	0.08669
0	0.08643
0	0.08648
0	0.08653
0	0.08666
0	0.08678
0	0.08681
0	0.08593
0	0.08584
0	0.086
0	0.08679
0	0.08684
0	0.08689
0	0.08592
0	0.08607
0	0.08595
0	0.08696
0	0.08613
0	0.08679
0	0.0869
0	0.08683
0	0.0868
0	0.08686
0	0.08681
0	0.08689
0	0.08697
0	0.08702
0	0.08612
0	0.08617
0	0.08695
0	0.08614
0	0.08621
0	0.08626
0	0.08626
0	0.08617
0	0.08608
0	0.08622
0	0.08618
0	0.08613
0	0.08614
0	0.08712
0	0.08631
0	0.08601
0	0.08615
0	0.08598
0	0.08597
0	0.08592
0	0.08684
0	0.08643
0	0.08612
0	0.08603
0	0.08614
0	0.08706
0	0.0868
0	0.08674
0	0.08676
0	0.07623
0	0.0762
0	0.07648
0	0.07662
0	0.0758
0	0.07589
0	0.07566
0	0.07567
0	0.07543
0	0.07539
0	0.07558
0	0.07551
0	0.0755
0	0.07559
0	0.0757
0	0.07559
0	0.07554
0	0.07652
0	0.07644
0	0.07639
0	0.07633
0	0.07624
0	0.07628
0	0.07641
0	0.0765
0	0.07649
0	0.07647
0	0.07629
0	0.07642
0	0.07656
0	0.07641
0	0.07645
0	0.07642
0	0.07751
0	0.07743
0	0.07731
0	0.07723
0	0.07731
0	0.07733
0	0.07724
0	0.07735
0	0.07811
0	0.07809
0	0.07804
0	0.07796
0	0.07816
0	0.0783
0	0.07808
0	0.07813
0	0.07717
0	0.07717
0	0.077
0	0.07765
0	0.07769
0	0.07769
0	0.07767
0	0.07765
0	0.07779
0	0.07791
0	0.07794
0	0.07792
0	0.07793
0	0.078
0	0.07798
0	0.07803
0	0.07812
0	0.07822
0	0.07835
0	0.07774
0	0.07789
0	0.0778
0	0.07853
0	0.07766
0	0.07859
0	0.07866
0	0.07866
0	0.0787
0	0.07866
0	0.0787
0	0.07861
0	0.07755
0	0.07758
0	0.07745
0	0.07745
0	0.07758
0	0.0776
0	0.0776
0	0.07759
0	0.07763
0	0.07767
0	0.07757
0	0.07762
0	0.07769
0	0.07762
0	0.07856
0	0.07847
0	0.07841
0	0.07842
0	0.07836
0	0.07848
0	0.07856
0	0.07861
0	0.07871
0	0.07777
0	0.0787
0	0.07868
0	0.07869
0	0.07779
0	0.07779
0	0.07786
0	0.07878
0	0.078
0	0.07801
0	0.07818
0	0.07824
0	0.07829
0	0.07832
0	0.07831
0	0.07824
0	0.07825
0	0.07918
0	0.07897
0	0.07893
0	0.07885
0	0.07885
0	0.07892
0	0.07892
0	0.079
0	0.07902
0	0.07904
0	0.07907
0	0.07904
0	0.07893
0	0.07904
0	0.0792
0	0.07921
0	0.0794
0	0.07954
0	0.0787
0	0.07961
0	0.07955
0	0.07952
0	0.0794
0	0.07928
0	0.0792
0	0.07928
0	0.07916
0	0.07919
0	0.0793
0	0.07935
0	0.07936
0	0.0793
0	0.0802
0	0.07921
0	0.07934
0	0.07932
0	0.07943
0	0.07943
0	0.07936
0	0.07936
0	0.08023
0	0.07999
0	0.07988
0	0.07985
0	0.07987
0	0.07987
0	0.07993
0	0.08001
0	0.07997
0	0.08004
0	0.08008
0	0.08026
0	0.07951
0	0.07953
0	0.0795
0	0.08043
0	0.07958
0	0.08051
0	0.08053
0	0.08032
0	0.08034
0	0.0804
0	0.08037
0	0.08042
0	0.0792
0	0.07931
0	0.07923
0	0.07924
0	0.07925
0	0.0793
0	0.07911
0	0.07879
0	0.0789
0	0.0789
0	0.07891
0	0.07886
0	0.07902
0	0.07901
0	0.07916
0	0.0792
0	0.0793
0	0.07941
0	0.07945
0	0.0793
0	0.07916
0	0.07912
0	0.07912
0	0.07915
0	0.07906
0	0.07911
0	0.07929
0	0.07932
0	0.07937
0	0.07868
0	0.07886
0	0.07883
0	0.07877
0	0.07864
0	0.07863
0	0.07881
0	0.07764
0	0.07772
0	0.07779
0	0.07773
0	0.07774
0	0.07773
0	0.07869
0	0.07863
0	0.07759
0	0.07768
0	0.07782
0	0.07773
0	0.07778
0	0.07774
0	0.07783
0	0.0778
0	0.07795
0	0.07797
0	0.07789
0	0.07788
0	0.07805
0	0.07812
0	0.0782
0	0.07758
0	0.07745
0	0.07746
0	0.07761
0	0.07766
0	0.0778
0	0.07713
0	0.07725
0	0.07733
0	0.07648
0	0.07636
0	0.07739
0	0.07732
0	0.07725
0	0.07735
0	0.0773
0	0.07743
0	0.07751
0	0.07731
0	0.07745
0	0.07753
0	0.07751
0	0.07753
0	0.07762
0	0.07731
0	0.07723
0	0.07688
0	0.07685
0	0.07831
0	0.07825
0	0.07817
0	0.07822
0	0.07828
0	0.07826
0	0.07917
0	0.07824
0	0.07914
0	0.07922
0	0.07835
0	0.07852
0	0.07853
0	0.07856
0	0.07859
0	0.07861
0	0.07856
0	0.0786
0	0.07868
0	0.0787
0	0.07878
0	0.07881
0	0.07864
0	0.07872
0	0.07879
0	0.07882
0	0.07875
0	0.07873
0	0.07881
0	0.07888
0	0.07885
0	0.0788
0	0.07881
0	0.07882
0	0.079
0	0.07898
0	0.07907
0	0.07812
0	0.07813
0	0.07805
0	0.07806
0	0.07813
0	0.07813
0	0.0782
0	0.07817
0	0.0782
0	0.07825
0	0.07823
0	0.07746
0	0.07759
0	0.07768
0	0.07767
0	0.07768
0	0.07771
0	0.07769
0	0.0778
0	0.07776
0	0.07792
0	0.07799
0	0.07814
0	0.07815
0	0.07811
0	0.07815
0	0.0781
0	0.07819
0	0.07734
0	0.0773
0	0.07829
0	0.07812
0	0.07812
0	0.07734
0	0.07735
0	0.07826
0	0.07822
0	0.07814
0	0.07818
0	0.07821
0	0.07811
0	0.07831
0	0.0783
0	0.07911
0	0.07883
0	0.0788
0	0.0788
0	0.07884
0	0.07909
0	0.07902
0	0.07878
0	0.07881
0	0.07888
0	0.07887
0	0.07977
0	0.07976
0	0.07888
0	0.07974
0	0.07969
0	0.07983
0	0.07947
0	0.07948
0	0.07944
0	0.07955
0	0.07956
0	0.07876
0	0.07856
0	0.07865
0	0.07876
0	0.07878
0	0.07874
0	0.07882
0	0.0789
0	0.079
0	0.07851
0	0.0786
0	0.07775
0	0.0778
0	0.07774
0	0.07774
0	0.07794
0	0.07788
0	0.07789
0	0.07794
0	0.07814
0	0.07817
0	0.07817
0	0.07828
0	0.07776
0	0.07783
0	0.077
0	0.07714
0	0.07698
0	0.07796
0	0.07788
0	0.07793
0	0.07703
0	0.07789
0	0.07789
0	0.07796
0	0.07695
0	0.07696
0	0.07797
0	0.07799
0	0.07791
0	0.07703
0	0.07798
0	0.07663
0	0.07672
0	0.07684
0	0.07694
0	0.07689
0	0.07687
0	0.07693
0	0.07699
0	0.07709
0	0.07692
0	0.07703
0	0.07719
0	0.07628
0	0.07633
0	0.07717
0	0.07716
0	0.07721
0	0.07617
0	0.07637
0	0.07652
0	0.07662
0	0.07667
0	0.07671
0	0.07665
0	0.07663
0	0.07663
0	0.07686
0	0.07688
0	0.07683
0	0.07686
0	0.07688
0	0.07602
0	0.07619
0	0.07628
0	0.07631
0	0.07636
0	0.0764
0	0.07635
0	0.07647
0	0.07648
0	0.0764
0	0.07643
0	0.07664
0	0.07674
0	0.07672
0	0.07663
0	0.07671
0	0.07668
0	0.07673
0	0.07677
0	0.07687
0	0.07689
0	0.07672
0	0.07666
0	0.07661
0	0.07654
0	0.07745
0	0.07661
0	0.07666
0	0.07754
0	0.07672
0	0.07679
0	0.0766
0	0.07656
0	0.07658
0	0.07754
0	0.07749
0	0.07754
0	0.07735
0	0.07734
0	0.07744
0	0.07758
0	0.0777
0	0.07678
0	0.07767
0	0.07777
0	0.07671
0	0.07754
0	0.07752
0	0.07764
0	0.07765
0	0.07676
0	0.07684
0	0.07696
0	0.07716
0	0.07718
0	0.07694
0	0.07701
0	0.07715
0	0.07713
0	0.07702
0	0.07718
0	0.07719
0	0.07716
0	-0.0004009
0	-0.0002814
0	-0.0002134
0	-0.0001949
0	-8.059e-05
0	-9.77e-05
0	0
0	0.0009463
0	0.0009279
0	7.975e-05
0	9.033e-05
0	0.0001838
0	0.0002654
0	0.0003762
0	0.0004153
0	0.0005149
0	0.0004762
0	0.0005321
0	0.000566
0	0.0005293
0	0.0005798
0	0.000497
0	0.0004828
0	0.001284
0	0.0003246
0	0.0003023
0	0.001221
0	0.001343
0	0.001201
0	0.001277
0	0.001375
0	0.001371
0	0.001413
0	0.001513
0	0.001609
0	0.001617
0	0.001637
0	0.001755
0	0.001915
0	0.001942
0	0.001878
0	0.001962
0	0.001959
0	0.00211
0	0.002117
0	0.002039
0	0.002072
0	0.002145
