# iterations	 errorinentropy	 maxerror	(generated with python figs/comparison.py 0 s000/periodic-ww1.30-ff0.10-N50-tmmc-golden-movie/002100 s000/periodic-ww1.30-ff0.10-N50
1.398e+04	2850	7661
2.205e+05	7844	6.271e+04
4.979e+05	7986	1.321e+05
8.533e+05	1.608e+04	2.266e+05
1.306e+06	2.068e+04	3.43e+05
1.841e+06	2.473e+04	4.779e+05
2.472e+06	3.98e+04	6.459e+05
3.181e+06	4.903e+04	8.308e+05
3.998e+06	3.261e+04	1.026e+06
4.888e+06	4.268e+04	1.255e+06
5.877e+06	5.425e+04	1.51e+06
6.954e+06	3.479e+04	1.768e+06
8.107e+06	2.575e+04	3.18e+05
9.364e+06	1.143e+04	6.266e+05
1.068e+07	2.651e+04	9.644e+05
1.212e+07	2.651e+04	1.328e+06
1.364e+07	5.965e+04	1.729e+06
1.525e+07	2.396e+04	5.219e+05
1.629e+07	1.067e+04	3.42e+05
1.69e+07	8888	1.201e+05
1.712e+07	6078	1.463e+05
1.865e+07	7688	1.226e+05
2.05e+07	1.258e+04	2.422e+05
2.248e+07	5945	3.626e+05
2.452e+07	1.313e+04	4.951e+05
2.501e+07	9170	1.594e+05
2.588e+07	2862	1.535e+05
2.667e+07	3489	1.66e+05
2.884e+07	3207	2e+05
3.047e+07	2547	1.665e+05
3.117e+07	410.2	1.042e+04
3.177e+07	390.1	1.516e+04
3.347e+07	472.2	2.178e+04
3.574e+07	456.4	6915
3.591e+07	38.51	923.5
3.653e+07	104.9	2184
3.846e+07	93.5	4055
4.068e+07	87.14	2754
4.107e+07	18.51	215.7
4.13e+07	11.31	323.6
4.287e+07	9.33	392.5
4.376e+07	10.76	167.8
4.4e+07	7.353	194.7
4.463e+07	1.078	12
4.568e+07	1.448	11.44
4.629e+07	0.4881	9.603
4.651e+07	0.6331	11.2
4.928e+07	1.309	26.43
5.083e+07	0.9273	11.65
5.203e+07	0.7902	10.94
5.218e+07	0.7636	11.09
5.51e+07	0.5159	2.663
5.554e+07	0.6	3.388
5.801e+07	0.3202	1.996
5.821e+07	0.3513	2.11
6.132e+07	0.3662	2.521
6.434e+07	0.1408	2.39
6.777e+07	0.4645	3.356
6.901e+07	0.3876	2.653
7.103e+07	0.2701	1.906
7.476e+07	0.1878	1.863
7.841e+07	0.07808	2.221
8.211e+07	0.1209	2.605
8.592e+07	0.1189	2.636
8.785e+07	0.3061	2.954
8.98e+07	0.2971	2.76
9.343e+07	0.2342	2.384
9.769e+07	0.2013	2.04
1.019e+08	0.1489	1.514
1.06e+08	0.1121	0.922
1.102e+08	0.2258	2.724
1.145e+08	0.195	2.053
1.188e+08	0.22	1.655
1.232e+08	0.1526	1.123
1.279e+08	0.08517	0.677
1.327e+08	0.1786	1.251
1.374e+08	0.1922	1.566
1.423e+08	0.09948	0.896
1.474e+08	0.06774	0.913
1.525e+08	0.07359	1.441
1.576e+08	0.12	1.884
1.629e+08	0.07892	2.333
1.682e+08	0.07403	1.801
1.735e+08	0.07967	2.03
1.79e+08	0.1206	2.736
1.844e+08	0.127	2.13
1.876e+08	0.1376	1.043
1.902e+08	0.1729	1.413
1.934e+08	0.1546	1.254
1.955e+08	0.1478	1.207
2.014e+08	0.1274	1.017
2.074e+08	0.1183	1.063
2.132e+08	0.1435	1.187
2.192e+08	0.112	0.984
2.254e+08	0.1759	1.838
2.314e+08	0.1505	1.642
2.378e+08	0.1231	1.416
2.444e+08	0.1117	1.231
2.51e+08	0.1067	1.035
2.578e+08	0.1165	0.877
2.643e+08	0.134	0.766
2.714e+08	0.1226	0.692
2.781e+08	0.1178	1.663
2.794e+08	0.1194	1.632
2.848e+08	0.1232	1.572
2.916e+08	0.117	1.463
2.988e+08	0.1145	1.505
3.06e+08	0.09814	1.373
3.134e+08	0.09586	1.267
3.207e+08	0.08114	1.145
3.282e+08	0.07195	1.036
3.358e+08	0.06824	0.921
3.434e+08	0.06547	0.797
3.513e+08	0.06974	0.72
3.589e+08	0.06115	0.604
3.668e+08	0.04752	0.484
3.748e+08	0.05624	0.529
3.831e+08	0.05923	0.887
3.911e+08	0.06685	0.938
3.99e+08	0.06252	0.839
4.075e+08	0.05397	0.716
4.16e+08	0.04433	0.617
4.244e+08	0.05739	0.516
4.331e+08	0.0437	0.356
4.418e+08	0.04183	0.268
4.505e+08	0.03381	0.228
4.593e+08	0.04716	0.331
4.683e+08	0.0411	0.451
4.772e+08	0.03711	0.567
4.859e+08	0.04614	0.635
4.951e+08	0.06276	0.751
5.044e+08	0.0586	0.704
5.135e+08	0.07334	0.849
5.229e+08	0.01298	0.309
5.32e+08	0.01492	0.357
5.413e+08	0.02935	0.575
5.508e+08	0.02847	0.603
5.605e+08	0.02961	0.724
5.705e+08	0.03808	0.687
5.803e+08	0.02198	0.53
5.903e+08	0.03013	0.685
6.007e+08	0.0427	0.841
6.107e+08	0.05977	0.978
6.211e+08	0.0724	1.148
6.316e+08	0.06496	0.7084
6.42e+08	0.08553	0.8823
6.527e+08	0.1006	1.059
6.633e+08	0.09436	1.182
6.739e+08	0.1153	1.354
6.848e+08	0.05851	0.6104
6.953e+08	0.04846	0.5117
7.061e+08	0.02138	0.249
7.168e+08	0.02967	0.3738
7.28e+08	0.02783	0.4883
7.393e+08	0.0419	0.635
7.508e+08	0.06087	0.8164
7.623e+08	0.05222	0.8853
7.738e+08	0.04493	1.022
7.848e+08	0.05045	1.209
7.963e+08	0.0586	1.308
8.083e+08	0.06396	1.306
8.203e+08	0.06789	1.418
8.322e+08	0.08172	1.605
8.443e+08	0.07996	1.762
8.564e+08	0.09003	1.86
8.688e+08	0.08128	1.11
8.807e+08	0.09713	1.248
8.93e+08	0.1021	1.27
9.053e+08	0.09937	1.283
9.063e+08	0.08016	0.975
9.178e+08	0.04705	0.576
9.297e+08	0.03775	0.485
9.421e+08	0.02372	0.407
9.545e+08	0.02603	0.434
9.671e+08	0.0365	0.707
9.791e+08	0.03407	0.652
9.896e+08	0.03315	0.636
9.922e+08	0.03098	0.636
1.005e+09	0.03465	0.53
1.018e+09	0.02972	0.518
1.032e+09	0.02948	0.483
1.045e+09	0.03062	0.478
1.059e+09	0.03327	0.458
1.072e+09	0.0292	0.457
1.086e+09	0.0316	0.456
1.1e+09	0.0291	0.383
1.114e+09	0.02669	0.372
1.128e+09	0.02731	0.384
1.141e+09	0.04427	0.304
1.154e+09	0.06867	0.58
1.168e+09	0.06173	0.524
1.182e+09	0.06337	0.539
1.196e+09	0.05671	0.484
1.21e+09	0.05129	0.4216
1.225e+09	0.05607	0.5353
1.239e+09	0.06287	0.5844
1.253e+09	0.06012	0.5664
1.268e+09	0.05767	0.5246
1.283e+09	0.0584	0.4833
1.298e+09	0.06341	0.5076
1.312e+09	0.0524	0.4412
1.328e+09	0.04898	0.4059
1.343e+09	0.04067	0.354
1.359e+09	0.03486	0.313
1.374e+09	0.02761	0.259
1.39e+09	0.02172	0.204
1.406e+09	0.02859	0.26
1.421e+09	0.02271	0.24
1.437e+09	0.01566	0.191
1.452e+09	0.01391	0.174
1.468e+09	0.02015	0.227
1.484e+09	0.01486	0.167
1.5e+09	0.01317	0.12
1.516e+09	0.02277	0.203
1.532e+09	0.02505	0.199
1.549e+09	0.02637	0.168
1.565e+09	0.02163	0.128
1.582e+09	0.02036	0.171
1.598e+09	0.01756	0.203
1.615e+09	0.01612	0.24
1.631e+09	0.02666	0.357
1.647e+09	0.02316	0.329
1.664e+09	0.01816	0.283
1.681e+09	0.01292	0.261
1.698e+09	0.01036	0.249
1.715e+09	0.01456	0.264
1.732e+09	0.009907	0.283
1.75e+09	0.009408	0.285
1.767e+09	0.01078	0.313
1.784e+09	0.01012	0.256
1.802e+09	0.01381	0.362
1.819e+09	0.01673	0.243
1.836e+09	0.01827	0.295
1.854e+09	0.02361	0.32
1.872e+09	0.02047	0.313
1.89e+09	0.01937	0.355
1.908e+09	0.01659	0.292
1.927e+09	0.02375	0.315
1.944e+09	0.0187	0.257
1.963e+09	0.01395	0.213
1.981e+09	0.01077	0.219
2e+09	0.007988	0.226
2.018e+09	0.009926	0.291
2.037e+09	0.0109	0.328
2.056e+09	0.01516	0.378
2.075e+09	0.01953	0.463
2.094e+09	0.01787	0.457
2.113e+09	0.02275	0.538
2.131e+09	0.02517	0.591
2.15e+09	0.02647	0.649
2.17e+09	0.03318	0.704
2.19e+09	0.04131	0.782
2.209e+09	0.04674	0.856
2.229e+09	0.05011	0.907
2.248e+09	0.03944	0.9012
2.268e+09	0.01974	0.603
2.287e+09	0.01754	0.372
2.306e+09	0.007831	0.228
2.326e+09	0.008939	0.205
2.346e+09	0.0125	0.276
2.366e+09	0.015	0.348
2.386e+09	0.009705	0.092
2.397e+09	0.01256	0.124
2.407e+09	0.009605	0.107
2.417e+09	0.01091	0.122
2.427e+09	0.01028	0.117
2.434e+09	0.009283	0.104
2.447e+09	0.009737	0.108
2.467e+09	0.01019	0.112
2.476e+09	0.009235	0.099
2.485e+09	0.00917	0.096
2.488e+09	0.009186	0.098
2.503e+09	0.00921	0.097
2.508e+09	0.009213	0.097
2.528e+09	0.009293	0.098
2.549e+09	0.009389	0.099
2.571e+09	0.00936	0.098
2.592e+09	0.009422	0.098
2.613e+09	0.009433	0.099
2.634e+09	0.009519	0.1
2.656e+09	0.009434	0.099
2.676e+09	0.009359	0.099
2.698e+09	0.009437	0.1
2.72e+09	0.009524	0.1
2.731e+09	0.009202	0.098
2.742e+09	0.009208	0.098
2.763e+09	0.009174	0.097
2.785e+09	0.009227	0.098
2.788e+09	0.009227	0.098
2.806e+09	0.009165	0.098
2.822e+09	0.009166	0.098
2.827e+09	0.009174	0.098
2.849e+09	0.009171	0.098
2.864e+09	0.009175	0.098
2.871e+09	0.009171	0.098
2.872e+09	0.009171	0.098
2.893e+09	0.00917	0.098
2.916e+09	0.009171	0.098
2.938e+09	0.009166	0.098
2.96e+09	0.009172	0.098
2.983e+09	0.009162	0.098
2.999e+09	0.009166	0.098
3.006e+09	0.009162	0.098
3.029e+09	0.009166	0.098
3.051e+09	0.009162	0.098
3.074e+09	0.009162	0.098
3.097e+09	0.009171	0.098
3.12e+09	0.009175	0.098
3.143e+09	0.00917	0.098
3.167e+09	0.009165	0.098
3.189e+09	0.009165	0.098
3.213e+09	0.009165	0.098
3.236e+09	0.009161	0.098
3.26e+09	0.009161	0.098
3.283e+09	0.009161	0.098
3.307e+09	0.00916	0.098
3.331e+09	0.00916	0.098
3.355e+09	0.009165	0.098
3.379e+09	0.009165	0.098
3.403e+09	0.009165	0.098
3.428e+09	0.009165	0.098
3.452e+09	0.009166	0.098
3.475e+09	0.009166	0.098
3.499e+09	0.009166	0.098
3.524e+09	0.009165	0.098
3.54e+09	0.009165	0.098
3.549e+09	0.00916	0.098
3.568e+09	0.00916	0.098
3.572e+09	0.00916	0.098
3.597e+09	0.00916	0.098
3.622e+09	0.00916	0.098
3.632e+09	0.00916	0.098
3.646e+09	0.00916	0.098
3.647e+09	0.00916	0.098
3.671e+09	0.00916	0.098
3.696e+09	0.00916	0.098
3.711e+09	0.00916	0.098
3.716e+09	0.00916	0.098
3.722e+09	0.00916	0.098
3.747e+09	0.00916	0.098
3.772e+09	0.00916	0.098
3.798e+09	0.00916	0.098
3.823e+09	0.00916	0.098
3.849e+09	0.00916	0.098
3.875e+09	0.00916	0.098
3.901e+09	0.00916	0.098
3.926e+09	0.00916	0.098
3.952e+09	0.00916	0.098
3.978e+09	0.00916	0.098
3.983e+09	0.00916	0.098
3.986e+09	0.00916	0.098
4.004e+09	0.00916	0.098
4.03e+09	0.00916	0.098
4.056e+09	0.00916	0.098
4.082e+09	0.00916	0.098
4.109e+09	0.00916	0.098
4.136e+09	0.00916	0.098
4.162e+09	0.00916	0.098
4.189e+09	0.00916	0.098
4.213e+09	0.00916	0.098
4.216e+09	0.00916	0.098
4.242e+09	0.00916	0.098
4.269e+09	0.00916	0.098
4.297e+09	0.00916	0.098
4.324e+09	0.00916	0.098
4.352e+09	0.00916	0.098
4.38e+09	0.00916	0.098
4.407e+09	0.00916	0.098
4.435e+09	0.00916	0.098
4.463e+09	0.00916	0.098
4.49e+09	0.00916	0.098
4.517e+09	0.00916	0.098
4.544e+09	0.00916	0.098
4.572e+09	0.00916	0.098
4.599e+09	0.00916	0.098
4.627e+09	0.00916	0.098
4.656e+09	0.00916	0.098
4.683e+09	0.00916	0.098
4.685e+09	0.00916	0.098
4.688e+09	0.00916	0.098
4.711e+09	0.00916	0.098
4.74e+09	0.00916	0.098
4.758e+09	0.00916	0.098
4.768e+09	0.00916	0.098
4.796e+09	0.00916	0.098
4.825e+09	0.00916	0.098
4.854e+09	0.00916	0.098
4.883e+09	0.00916	0.098
4.912e+09	0.00916	0.098
4.942e+09	0.00916	0.098
4.971e+09	0.00916	0.098
5e+09	0.00916	0.098
5.029e+09	0.00916	0.098
5.037e+09	0.00916	0.098
5.048e+09	0.00916	0.098
5.059e+09	0.00916	0.098
5.088e+09	0.00916	0.098
5.118e+09	0.00916	0.098
5.147e+09	0.00916	0.098
5.177e+09	0.00916	0.098
5.192e+09	0.00916	0.098
5.206e+09	0.00916	0.098
5.236e+09	0.00916	0.098
5.241e+09	0.00916	0.098
5.264e+09	0.00916	0.098
5.265e+09	0.00916	0.098
5.276e+09	0.00916	0.098
5.295e+09	0.00916	0.098
5.325e+09	0.00916	0.098
5.355e+09	0.00916	0.098
5.386e+09	0.00916	0.098
5.416e+09	0.00916	0.098
5.447e+09	0.00916	0.098
5.477e+09	0.00916	0.098
5.508e+09	0.00916	0.098
5.539e+09	0.00916	0.098
5.569e+09	0.00916	0.098
5.579e+09	0.00916	0.098
5.6e+09	0.00916	0.098
5.63e+09	0.00916	0.098
5.662e+09	0.00916	0.098
5.662e+09	0.00916	0.098
5.664e+09	0.00916	0.098
5.672e+09	0.00916	0.098
5.693e+09	0.00916	0.098
5.701e+09	0.00916	0.098
5.724e+09	0.00916	0.098
5.726e+09	0.00916	0.098
5.738e+09	0.00916	0.098
5.755e+09	0.00916	0.098
5.774e+09	0.00916	0.098
5.786e+09	0.00916	0.098
5.813e+09	0.00916	0.098
5.818e+09	0.00916	0.098
5.85e+09	0.00916	0.098
5.855e+09	0.00916	0.098
5.875e+09	0.00916	0.098
5.882e+09	0.00916	0.098
5.909e+09	0.00916	0.098
5.912e+09	0.00916	0.098
5.944e+09	0.00916	0.098
5.976e+09	0.00916	0.098
6.008e+09	0.00916	0.098
6.01e+09	0.00916	0.098
6.04e+09	0.00916	0.098
6.046e+09	0.00916	0.098
6.071e+09	0.00916	0.098
6.104e+09	0.00916	0.098
6.136e+09	0.00916	0.098
6.169e+09	0.00916	0.098
6.202e+09	0.00916	0.098
6.234e+09	0.00916	0.098
6.267e+09	0.00916	0.098
6.299e+09	0.00916	0.098
6.332e+09	0.00916	0.098
6.364e+09	0.00916	0.098
6.366e+09	0.00916	0.098
6.392e+09	0.00916	0.098
6.397e+09	0.00916	0.098
6.407e+09	0.00916	0.098
6.417e+09	0.00916	0.098
6.43e+09	0.00916	0.098
6.463e+09	0.00916	0.098
6.496e+09	0.00916	0.098
6.53e+09	0.00916	0.098
6.563e+09	0.00916	0.098
6.597e+09	0.00916	0.098
6.601e+09	0.00916	0.098
6.629e+09	0.00916	0.098
6.631e+09	0.00916	0.098
6.643e+09	0.00916	0.098
6.664e+09	0.00916	0.098
6.696e+09	0.00916	0.098
6.698e+09	0.00916	0.098
6.704e+09	0.00916	0.098
6.731e+09	0.00916	0.098
6.765e+09	0.00916	0.098
6.799e+09	0.00916	0.098
6.799e+09	0.00916	0.098
6.833e+09	0.00916	0.098
6.864e+09	0.00916	0.098
6.867e+09	0.00916	0.098
6.879e+09	0.00916	0.098
6.901e+09	0.00916	0.098
6.903e+09	0.00916	0.098
6.93e+09	0.00916	0.098
6.935e+09	0.00916	0.098
6.969e+09	0.00916	0.098
7.004e+09	0.00916	0.098
7.038e+09	0.00916	0.098
7.039e+09	0.00916	0.098
7.046e+09	0.00916	0.098
7.072e+09	0.00916	0.098
7.072e+09	0.00916	0.098
7.091e+09	0.00916	0.098
7.101e+09	0.00916	0.098
7.106e+09	0.00916	0.098
7.141e+09	0.00916	0.098
7.176e+09	0.00916	0.098
7.212e+09	0.00916	0.098
7.247e+09	0.00916	0.098
7.276e+09	0.00916	0.098
7.282e+09	0.00916	0.098
7.317e+09	0.00916	0.098
7.353e+09	0.00916	0.098
7.388e+09	0.00916	0.098
7.402e+09	0.00916	0.098
7.423e+09	0.00916	0.098
7.459e+09	0.00916	0.098
7.493e+09	0.00916	0.098
7.529e+09	0.00916	0.098
7.563e+09	0.00916	0.098
7.599e+09	0.00916	0.098
7.635e+09	0.00916	0.098
7.67e+09	0.00916	0.098
7.707e+09	0.00916	0.098
7.743e+09	0.00916	0.098
7.769e+09	0.00916	0.098
7.775e+09	0.00916	0.098
7.778e+09	0.00916	0.098
7.801e+09	0.00916	0.098
7.815e+09	0.00916	0.098
7.852e+09	0.00916	0.098
7.889e+09	0.00916	0.098
7.926e+09	0.00916	0.098
7.963e+09	0.00916	0.098
7.999e+09	0.00916	0.098
8.035e+09	0.00916	0.098
8.037e+09	0.00916	0.098
8.072e+09	0.00916	0.098
8.088e+09	0.00916	0.098
8.109e+09	0.00916	0.098
8.146e+09	0.00916	0.098
8.183e+09	0.00916	0.098
8.221e+09	0.00916	0.098
8.258e+09	0.00916	0.098
8.296e+09	0.00916	0.098
8.32e+09	0.00916	0.098
8.334e+09	0.00916	0.098
8.371e+09	0.00916	0.098
8.41e+09	0.00916	0.098
8.445e+09	0.00916	0.098
8.448e+09	0.00916	0.098
8.482e+09	0.00916	0.098
8.485e+09	0.00916	0.098
8.523e+09	0.00916	0.098
8.523e+09	0.00916	0.098
8.561e+09	0.00916	0.098
8.599e+09	0.00916	0.098
8.638e+09	0.00916	0.098
8.677e+09	0.00916	0.098
8.716e+09	0.00916	0.098
8.754e+09	0.00916	0.098
8.793e+09	0.00916	0.098
8.832e+09	0.00916	0.098
8.87e+09	0.00916	0.098
8.909e+09	0.00916	0.098
8.91e+09	0.00916	0.098
8.917e+09	0.00916	0.098
8.934e+09	0.00916	0.098
8.944e+09	0.00916	0.098
8.948e+09	0.00916	0.098
8.956e+09	0.00916	0.098
8.977e+09	0.00916	0.098
8.986e+09	0.00916	0.098
9.025e+09	0.00916	0.098
9.063e+09	0.00916	0.098
9.103e+09	0.00916	0.098
9.143e+09	0.00916	0.098
9.182e+09	0.00916	0.098
9.222e+09	0.00916	0.098
9.262e+09	0.00916	0.098
9.302e+09	0.00916	0.098
9.343e+09	0.00916	0.098
9.383e+09	0.00916	0.098
9.423e+09	0.00916	0.098
9.462e+09	0.00916	0.098
9.502e+09	0.00916	0.098
9.541e+09	0.00916	0.098
9.582e+09	0.00916	0.098
9.622e+09	0.00916	0.098
9.662e+09	0.00916	0.098
9.704e+09	0.00916	0.098
9.744e+09	0.00916	0.098
9.785e+09	0.00916	0.098
9.826e+09	0.00916	0.098
9.867e+09	0.00916	0.098
9.909e+09	0.00916	0.098
9.95e+09	0.00916	0.098
9.992e+09	0.00916	0.098
1.003e+10	0.00916	0.098
1.008e+10	0.00916	0.098
1.012e+10	0.00916	0.098
1.013e+10	0.00916	0.098
1.014e+10	0.00916	0.098
1.016e+10	0.00916	0.098
1.016e+10	0.00916	0.098
1.02e+10	0.00916	0.098
1.024e+10	0.00916	0.098
1.028e+10	0.00916	0.098
1.032e+10	0.00916	0.098
1.037e+10	0.00916	0.098
1.041e+10	0.00916	0.098
1.045e+10	0.00916	0.098
1.049e+10	0.00916	0.098
1.054e+10	0.00916	0.098
1.058e+10	0.00916	0.098
1.059e+10	0.00916	0.098
1.062e+10	0.00916	0.098
1.066e+10	0.00916	0.098
1.071e+10	0.00916	0.098
1.075e+10	0.00916	0.098
1.076e+10	0.00916	0.098
1.077e+10	0.00916	0.098
1.079e+10	0.00916	0.098
1.083e+10	0.00916	0.098
1.088e+10	0.00916	0.098
1.088e+10	0.00916	0.098
1.09e+10	0.00916	0.098
1.092e+10	0.00916	0.098
1.095e+10	0.00916	0.098
1.096e+10	0.00916	0.098
1.101e+10	0.00916	0.098
1.105e+10	0.00916	0.098
1.109e+10	0.00916	0.098
1.114e+10	0.00916	0.098
1.118e+10	0.00916	0.098
1.123e+10	0.00916	0.098
1.127e+10	0.00916	0.098
1.131e+10	0.00916	0.098
1.136e+10	0.00916	0.098
1.14e+10	0.00916	0.098
1.144e+10	0.00916	0.098
1.149e+10	0.00916	0.098
1.153e+10	0.00916	0.098
1.158e+10	0.00916	0.098
1.162e+10	0.00916	0.098
1.167e+10	0.00916	0.098
1.171e+10	0.00916	0.098
1.176e+10	0.00916	0.098
1.18e+10	0.00916	0.098
1.185e+10	0.00916	0.098
1.189e+10	0.00916	0.098
1.194e+10	0.00916	0.098
1.198e+10	0.00916	0.098
1.203e+10	0.00916	0.098
1.207e+10	0.00916	0.098
1.212e+10	0.00916	0.098
1.216e+10	0.00916	0.098
1.216e+10	0.00916	0.098
1.221e+10	0.00916	0.098
1.223e+10	0.00916	0.098
1.224e+10	0.00916	0.098
1.225e+10	0.00916	0.098
1.23e+10	0.00916	0.098
1.231e+10	0.00916	0.098
1.232e+10	0.00916	0.098
1.234e+10	0.00916	0.098
1.235e+10	0.00916	0.098
1.239e+10	0.00916	0.098
1.244e+10	0.00916	0.098
1.249e+10	0.00916	0.098
1.253e+10	0.00916	0.098
1.256e+10	0.00916	0.098
1.256e+10	0.00916	0.098
1.258e+10	0.00916	0.098
1.262e+10	0.00916	0.098
1.267e+10	0.00916	0.098
1.272e+10	0.00916	0.098
1.276e+10	0.00916	0.098
1.281e+10	0.00916	0.098
1.286e+10	0.00916	0.098
1.29e+10	0.00916	0.098
1.295e+10	0.00916	0.098
1.3e+10	0.00916	0.098
1.305e+10	0.00916	0.098
1.309e+10	0.00916	0.098
1.314e+10	0.00916	0.098
1.316e+10	0.00916	0.098
1.318e+10	0.00916	0.098
1.319e+10	0.00916	0.098
1.319e+10	0.00916	0.098
1.323e+10	0.00916	0.098
1.324e+10	0.00916	0.098
1.328e+10	0.00916	0.098
1.333e+10	0.00916	0.098
1.333e+10	0.00916	0.098
1.337e+10	0.00916	0.098
1.338e+10	0.00916	0.098
1.343e+10	0.00916	0.098
1.347e+10	0.00916	0.098
1.352e+10	0.00916	0.098
1.357e+10	0.00916	0.098
1.362e+10	0.00916	0.098
1.364e+10	0.00916	0.098
1.366e+10	0.00916	0.098
1.371e+10	0.00916	0.098
1.376e+10	0.00916	0.098
1.378e+10	0.00916	0.098
1.381e+10	0.00916	0.098
1.386e+10	0.00916	0.098
1.391e+10	0.00916	0.098
1.396e+10	0.00916	0.098
1.401e+10	0.00916	0.098
1.404e+10	0.00916	0.098
1.405e+10	0.00916	0.098
1.41e+10	0.00916	0.098
1.41e+10	0.00916	0.098
1.415e+10	0.00916	0.098
1.42e+10	0.00916	0.098
1.425e+10	0.00916	0.098
1.43e+10	0.00916	0.098
1.435e+10	0.00916	0.098
1.44e+10	0.00916	0.098
1.443e+10	0.00916	0.098
1.444e+10	0.00916	0.098
1.445e+10	0.00916	0.098
1.448e+10	0.00916	0.098
1.45e+10	0.00916	0.098
1.451e+10	0.00916	0.098
1.455e+10	0.00916	0.098
1.456e+10	0.00916	0.098
1.46e+10	0.00916	0.098
1.465e+10	0.00916	0.098
1.47e+10	0.00916	0.098
1.475e+10	0.00916	0.098
1.48e+10	0.00916	0.098
1.485e+10	0.00916	0.098
1.49e+10	0.00916	0.098
1.491e+10	0.00916	0.098
1.495e+10	0.00916	0.098
1.495e+10	0.00916	0.098
1.5e+10	0.00916	0.098
1.505e+10	0.00916	0.098
1.51e+10	0.00916	0.098
1.515e+10	0.00916	0.098
1.52e+10	0.00916	0.098
1.525e+10	0.00916	0.098
1.53e+10	0.00916	0.098
1.535e+10	0.00916	0.098
1.538e+10	0.00916	0.098
1.54e+10	0.00916	0.098
1.541e+10	0.00916	0.098
1.542e+10	0.00916	0.098
1.545e+10	0.00916	0.098
1.545e+10	0.00916	0.098
1.55e+10	0.00916	0.098
1.555e+10	0.00916	0.098
1.556e+10	0.00916	0.098
1.556e+10	0.00916	0.098
1.559e+10	0.00916	0.098
1.561e+10	0.00916	0.098
1.566e+10	0.00916	0.098
1.571e+10	0.00916	0.098
1.576e+10	0.00916	0.098
1.581e+10	0.00916	0.098
1.584e+10	0.00916	0.098
1.584e+10	0.00916	0.098
1.586e+10	0.00916	0.098
1.591e+10	0.00916	0.098
1.592e+10	0.00916	0.098
1.593e+10	0.00916	0.098
1.596e+10	0.00916	0.098
1.601e+10	0.00916	0.098
1.606e+10	0.00916	0.098
1.612e+10	0.00916	0.098
1.616e+10	0.00916	0.098
1.616e+10	0.00916	0.098
1.617e+10	0.00916	0.098
1.621e+10	0.00916	0.098
1.622e+10	0.00916	0.098
1.623e+10	0.00916	0.098
1.627e+10	0.00916	0.098
1.629e+10	0.00916	0.098
1.632e+10	0.00916	0.098
1.633e+10	0.00916	0.098
1.637e+10	0.00916	0.098
1.64e+10	0.00916	0.098
1.642e+10	0.00916	0.098
1.642e+10	0.00916	0.098
1.643e+10	0.00916	0.098
1.644e+10	0.00916	0.098
1.646e+10	0.00916	0.098
1.647e+10	0.00916	0.098
1.647e+10	0.00916	0.098
1.649e+10	0.00916	0.098
1.65e+10	0.00916	0.098
1.652e+10	0.00916	0.098
1.653e+10	0.00916	0.098
1.657e+10	0.00916	0.098
1.658e+10	0.00916	0.098
1.662e+10	0.00916	0.098
1.667e+10	0.00916	0.098
1.669e+10	0.00916	0.098
1.672e+10	0.00916	0.098
1.678e+10	0.00916	0.098
1.683e+10	0.00916	0.098
1.687e+10	0.00916	0.098
1.688e+10	0.00916	0.098
1.691e+10	0.00916	0.098
1.692e+10	0.00916	0.098
1.693e+10	0.00916	0.098
1.693e+10	0.00916	0.098
1.698e+10	0.00916	0.098
1.703e+10	0.00916	0.098
1.704e+10	0.00916	0.098
1.708e+10	0.00916	0.098
1.713e+10	0.00916	0.098
1.718e+10	0.00916	0.098
1.724e+10	0.00916	0.098
1.729e+10	0.00916	0.098
1.734e+10	0.00916	0.098
1.739e+10	0.00916	0.098
1.744e+10	0.00916	0.098
1.749e+10	0.00916	0.098
1.754e+10	0.00916	0.098
1.758e+10	0.00916	0.098
1.759e+10	0.00916	0.098
1.764e+10	0.00916	0.098
1.765e+10	0.00916	0.098
1.767e+10	0.00916	0.098
1.769e+10	0.00916	0.098
1.769e+10	0.00916	0.098
1.773e+10	0.00916	0.098
1.774e+10	0.00916	0.098
1.779e+10	0.00916	0.098
1.785e+10	0.00916	0.098
1.79e+10	0.00916	0.098
1.794e+10	0.00916	0.098
1.795e+10	0.00916	0.098
1.795e+10	0.00916	0.098
1.8e+10	0.00916	0.098
1.805e+10	0.00916	0.098
1.81e+10	0.00916	0.098
1.815e+10	0.00916	0.098
1.82e+10	0.00916	0.098
1.825e+10	0.00916	0.098
1.831e+10	0.00916	0.098
1.836e+10	0.00916	0.098
1.841e+10	0.00916	0.098
1.846e+10	0.00916	0.098
1.851e+10	0.00916	0.098
1.856e+10	0.00916	0.098
1.861e+10	0.00916	0.098
1.861e+10	0.00916	0.098
1.864e+10	0.00916	0.098
1.865e+10	0.00916	0.098
1.866e+10	0.00916	0.098
1.869e+10	0.00916	0.098
1.87e+10	0.00916	0.098
1.871e+10	0.00916	0.098
1.872e+10	0.00916	0.098
1.874e+10	0.00916	0.098
1.876e+10	0.00916	0.098
1.881e+10	0.00916	0.098
1.887e+10	0.00916	0.098
1.892e+10	0.00916	0.098
1.897e+10	0.00916	0.098
1.899e+10	0.00916	0.098
1.9e+10	0.00916	0.098
1.902e+10	0.00916	0.098
1.907e+10	0.00916	0.098
1.907e+10	0.00916	0.098
1.908e+10	0.00916	0.098
1.909e+10	0.00916	0.098
1.912e+10	0.00916	0.098
1.917e+10	0.00916	0.098
1.922e+10	0.00916	0.098
1.928e+10	0.00916	0.098
1.933e+10	0.00916	0.098
1.938e+10	0.00916	0.098
1.943e+10	0.00916	0.098
1.948e+10	0.00916	0.098
1.953e+10	0.00916	0.098
1.957e+10	0.00916	0.098
1.957e+10	0.00916	0.098
1.958e+10	0.00916	0.098
1.963e+10	0.00916	0.098
1.968e+10	0.00916	0.098
1.973e+10	0.00916	0.098
1.978e+10	0.00916	0.098
1.978e+10	0.00916	0.098
1.98e+10	0.00916	0.098
1.983e+10	0.00916	0.098
1.989e+10	0.00916	0.098
1.994e+10	0.00916	0.098
1.999e+10	0.00916	0.098
2.004e+10	0.00916	0.098
2.009e+10	0.00916	0.098
2.014e+10	0.00916	0.098
2.019e+10	0.00916	0.098
2.024e+10	0.00916	0.098
2.03e+10	0.00916	0.098
2.035e+10	0.00916	0.098
2.04e+10	0.00916	0.098
2.045e+10	0.00916	0.098
2.05e+10	0.00916	0.098
2.055e+10	0.00916	0.098
2.06e+10	0.00916	0.098
2.062e+10	0.00916	0.098
2.063e+10	0.00916	0.098
2.064e+10	0.00916	0.098
2.065e+10	0.00916	0.098
2.07e+10	0.00916	0.098
2.075e+10	0.00916	0.098
2.08e+10	0.00916	0.098
2.086e+10	0.00916	0.098
2.091e+10	0.00916	0.098
2.096e+10	0.00916	0.098
2.101e+10	0.00916	0.098
2.106e+10	0.00916	0.098
2.111e+10	0.00916	0.098
2.116e+10	0.00916	0.098
2.121e+10	0.00916	0.098
2.127e+10	0.00916	0.098
2.132e+10	0.00916	0.098
2.137e+10	0.00916	0.098
2.142e+10	0.00916	0.098
2.147e+10	0.00916	0.098
2.152e+10	0.00916	0.098
2.157e+10	0.00916	0.098
2.157e+10	0.00916	0.098
2.159e+10	0.00916	0.098
2.162e+10	0.00916	0.098
2.167e+10	0.00916	0.098
2.172e+10	0.00916	0.098
2.178e+10	0.00916	0.098
2.183e+10	0.00916	0.098
2.188e+10	0.00916	0.098
2.193e+10	0.00916	0.098
2.198e+10	0.00916	0.098
2.203e+10	0.00916	0.098
2.208e+10	0.00916	0.098
2.213e+10	0.00916	0.098
2.218e+10	0.00916	0.098
2.219e+10	0.00916	0.098
2.221e+10	0.00916	0.098
2.223e+10	0.00916	0.098
2.223e+10	0.00916	0.098
2.224e+10	0.00916	0.098
2.225e+10	0.00916	0.098
2.228e+10	0.00916	0.098
2.234e+10	0.00916	0.098
2.234e+10	0.00916	0.098
2.237e+10	0.00916	0.098
2.239e+10	0.00916	0.098
2.242e+10	0.00916	0.098
2.244e+10	0.00916	0.098
2.246e+10	0.00916	0.098
2.249e+10	0.00916	0.098
2.25e+10	0.00916	0.098
2.254e+10	0.00916	0.098
2.256e+10	0.00916	0.098
2.258e+10	0.00916	0.098
2.259e+10	0.00916	0.098
2.264e+10	0.00916	0.098
2.269e+10	0.00916	0.098
2.269e+10	0.00916	0.098
2.273e+10	0.00916	0.098
2.274e+10	0.00916	0.098
2.279e+10	0.00916	0.098
2.284e+10	0.00916	0.098
2.29e+10	0.00916	0.098
2.295e+10	0.00916	0.098
2.3e+10	0.00916	0.098
2.305e+10	0.00916	0.098
2.31e+10	0.00916	0.098
2.315e+10	0.00916	0.098
2.32e+10	0.00916	0.098
2.326e+10	0.00916	0.098
2.326e+10	0.00916	0.098
2.328e+10	0.00916	0.098
2.331e+10	0.00916	0.098
2.336e+10	0.00916	0.098
2.341e+10	0.00916	0.098
2.346e+10	0.00916	0.098
2.351e+10	0.00916	0.098
2.353e+10	0.00916	0.098
2.356e+10	0.00916	0.098
2.357e+10	0.00916	0.098
2.361e+10	0.00916	0.098
2.366e+10	0.00916	0.098
2.371e+10	0.00916	0.098
2.376e+10	0.00916	0.098
2.381e+10	0.00916	0.098
2.387e+10	0.00916	0.098
2.392e+10	0.00916	0.098
2.397e+10	0.00916	0.098
2.402e+10	0.00916	0.098
2.405e+10	0.00916	0.098
2.407e+10	0.00916	0.098
2.409e+10	0.00916	0.098
2.412e+10	0.00916	0.098
2.417e+10	0.00916	0.098
2.422e+10	0.00916	0.098
2.424e+10	0.00916	0.098
2.427e+10	0.00916	0.098
2.427e+10	0.00916	0.098
2.432e+10	0.00916	0.098
2.438e+10	0.00916	0.098
2.439e+10	0.00916	0.098
2.44e+10	0.00916	0.098
2.443e+10	0.00916	0.098
2.448e+10	0.00916	0.098
2.449e+10	0.00916	0.098
2.453e+10	0.00916	0.098
2.454e+10	0.00916	0.098
2.456e+10	0.00916	0.098
2.457e+10	0.00916	0.098
2.458e+10	0.00916	0.098
2.463e+10	0.00916	0.098
2.465e+10	0.00916	0.098
2.467e+10	0.00916	0.098
2.468e+10	0.00916	0.098
2.473e+10	0.00916	0.098
2.478e+10	0.00916	0.098
2.483e+10	0.00916	0.098
2.488e+10	0.00916	0.098
2.491e+10	0.00916	0.098
2.493e+10	0.00916	0.098
2.494e+10	0.00916	0.098
2.498e+10	0.00916	0.098
2.504e+10	0.00916	0.098
2.509e+10	0.00916	0.098
2.512e+10	0.00916	0.098
2.514e+10	0.00916	0.098
2.517e+10	0.00916	0.098
2.517e+10	0.00916	0.098
2.519e+10	0.00916	0.098
2.524e+10	0.00916	0.098
2.525e+10	0.00916	0.098
2.529e+10	0.00916	0.098
2.534e+10	0.00916	0.098
2.539e+10	0.00916	0.098
2.544e+10	0.00916	0.098
2.549e+10	0.00916	0.098
2.554e+10	0.00916	0.098
2.559e+10	0.00916	0.098
2.56e+10	0.00916	0.098
2.56e+10	0.00916	0.098
2.561e+10	0.00916	0.098
2.563e+10	0.00916	0.098
2.565e+10	0.00916	0.098
2.567e+10	0.00916	0.098
2.57e+10	0.00916	0.098
2.573e+10	0.00916	0.098
2.575e+10	0.00916	0.098
2.58e+10	0.00916	0.098
2.582e+10	0.00916	0.098
2.585e+10	0.00916	0.098
2.585e+10	0.00916	0.098
2.59e+10	0.00916	0.098
2.595e+10	0.00916	0.098
2.6e+10	0.00916	0.098
2.605e+10	0.00916	0.098
2.61e+10	0.00916	0.098
2.616e+10	0.00916	0.098
2.621e+10	0.00916	0.098
2.626e+10	0.00916	0.098
2.631e+10	0.00916	0.098
2.636e+10	0.00916	0.098
2.641e+10	0.00916	0.098
2.646e+10	0.00916	0.098
