# iterations	 errorinentropy	 maxerror	(generated with python figs/yaml-multi-comparison.py /home/jordan/weniger-cp-data/ /home/jordan/deft/papers/histogram/data/samc-1e3-T13-reference-lndos.dat s000/periodic-ww1.30-ff0.30-N50 50 248 120 true 4 sad-50-slow wl-50-slow wl-inv-t-50-slow samc-1e3-50-slow samc-1e4-50-slow samc-1e5-50-slow samc-1e6-50-slow samc-1e7-50-slow
0.02	51.48	198.1
0.04	51.47	198.1
0.06	51.47	198.1
0.08	51.46	198.1
0.12	51.45	198.1
0.14	51.44	198.1
0.2	51.42	198.1
0.26	51.4	198.1
0.36	51.36	198.1
0.48	51.32	198.1
0.64	51.27	198.1
0.84	51.2	198.1
1.12	51.1	198.1
1.5	51.19	198.1
2	51.4	198.1
2.66	51.68	198.1
3.56	52.06	198.1
4.74	52.57	249.1
6.32	53.26	328.1
8.44	54.17	434.1
11.24	55.4	574.1
15	57.06	762.1
20	59.3	1012
26.68	61.92	1300
35.56	64.58	1587
47.42	67.28	1875
63.24	70.03	2163
84.34	72.82	2451
112.5	75.65	2739
150	75.96	2784
200	77.51	2784
266.7	77.89	2784
355.7	79.25	2784
474.3	78.12	2784
632.5	76.6	2784
843.4	78.56	2784
1125	76.83	2784
1500	77.04	2784
2000	75.25	2784
2667	75.41	2784
3557	74.56	2784
4743	73.67	2784
6325	71.68	2784
8434	70.43	2784
1.125e+04	68.3	2784
1.5e+04	69.02	2784
2e+04	68.69	2784
2.667e+04	66.53	2784
3.557e+04	64.44	2784
4.743e+04	62.46	2784
6.325e+04	61.25	2784
8.434e+04	58.81	2784
1.125e+05	58.85	2784
1.5e+05	58.98	2784
2e+05	60.05	2784
2.667e+05	60.55	2784
3.557e+05	61.45	2784
4.743e+05	62.35	2784
6.325e+05	63.25	2784
8.434e+05	62.73	2779
1.125e+06	60.81	2772
1.5e+06	59.24	2767
2e+06	57.67	2762
2.667e+06	56.05	2757
3.557e+06	54.42	2752
4.743e+06	53.21	2747
6.325e+06	52.02	2743
8.434e+06	50.78	2739
1.125e+07	49.76	2735
1.5e+07	48.68	2731
2e+07	47.84	2727
2.667e+07	46.99	2723
3.557e+07	46.26	2719
4.743e+07	45.68	2716
6.325e+07	45.2	2712
8.434e+07	44.91	2709
1.125e+08	44.75	2705
1.5e+08	44.62	2702
2e+08	44.49	2698
2.667e+08	44.37	2695
3.557e+08	44.26	2692
4.743e+08	44.15	2688
6.325e+08	44.04	2685
8.434e+08	43.93	2682
1.125e+09	43.84	2679
1.5e+09	43.74	2675
2e+09	43.64	2672
2.667e+09	43.55	2669
3.557e+09	43.46	2666
4.743e+09	43.38	2663
6.325e+09	43.29	2660
8.434e+09	43.21	2657
1.125e+10	43.14	2654
