# iterations	 errorinentropy	 maxerror	(generated with python figs/yaml-multi-comparison.py /home/jordan/weniger-cp-data/ /home/jordan/deft/papers/histogram/data/samc-1e5-256-reference-lndos.dat s000/periodic-ww1.50-ff0.17-N256 256 915 509 true 8 sad-256 wl-256 wl-inv-t-256 samc-1e3-256 samc-1e4-256 samc-1e5-256 samc-1e6-256
0.003906	74.19	274.6
0.007812	74.19	274.6
0.01172	74.19	274.6
0.01562	74.19	274.6
0.02344	74.19	274.6
0.02734	74.19	274.6
0.03906	74.19	274.6
0.05078	74.19	274.6
0.07031	74.19	274.6
0.09375	74.19	274.6
0.125	74.19	274.6
0.1641	74.19	274.6
0.2188	74.19	274.6
0.293	74.19	274.6
0.3906	74.19	274.6
0.5195	74.19	274.6
0.6953	74.19	274.6
0.9258	74.19	274.6
1.234	74.19	274.6
1.648	74.19	274.6
2.195	74.19	274.6
2.93	73.94	274.5
3.906	73.94	274.5
5.211	73.88	274.5
6.945	72.89	273.5
9.262	71.58	273.3
12.35	69.85	271.8
16.47	67.58	271.2
21.96	64.79	271.2
29.29	61.63	271.2
39.06	58.97	271.2
52.09	60.47	250.6
69.46	58.49	250.6
92.63	68.64	296.9
123.5	84.65	374.8
164.7	84.65	374.8
219.7	98.63	434.4
292.9	122.8	542.5
390.6	160.4	626
520.9	214	906
694.6	286.2	891.4
926.3	358.7	1242
1235	511.5	1388
1647	690.5	2052
2197	794.3	2055
2929	800.8	2440
3906	895.8	2939
5209	1095	4039
6946	873.6	3477
9263	813.5	2940
1.235e+04	990.1	3461
1.647e+04	994	3919
2.197e+04	435.5	2176
2.929e+04	320.9	1461
3.906e+04	163.2	652.2
5.209e+04	105.2	415.8
6.946e+04	49.36	185.7
9.263e+04	23.63	119.4
1.235e+05	4.102	27.55
1.647e+05	1.804	8.126
2.197e+05	2.866	14.04
2.929e+05	0.9774	5.945
3.906e+05	5.327	18.37
5.209e+05	1.432	5.333
6.946e+05	0.8621	3.546
9.263e+05	2.448	10.11
1.235e+06	0.5428	1.911
1.647e+06	0.5424	1.916
2.197e+06	0.3015	1.088
2.929e+06	0.4934	1.483
3.906e+06	0.1279	0.5766
5.209e+06	0.1346	0.5515
6.946e+06	0.09586	0.4814
9.263e+06	0.13	0.4807
1.235e+07	0.0793	0.3635
1.647e+07	0.05363	0.2557
2.197e+07	0.05085	0.2554
2.929e+07	0.05083	0.2555
3.906e+07	0.05066	0.2551
5.209e+07	0.05062	0.255
6.946e+07	0.05062	0.255
9.263e+07	0.05062	0.255
1.235e+08	0.05062	0.255
1.647e+08	0.05061	0.2549
2.197e+08	0.05061	0.2549
2.929e+08	0.05061	0.2549
3.906e+08	0.05061	0.2549
5.209e+08	0.05061	0.2549
6.946e+08	0.05061	0.2549
9.263e+08	0.05061	0.2549
1.235e+09	0.05061	0.2549
1.647e+09	0.05061	0.2549
