# iterations	 errorinentropy	 maxerror	(generated with python figs/yaml-multi-comparison.py /home/jordan/weniger-cp-data/ /home/jordan/deft/papers/histogram/data/samc-1e5-256-reference-lndos.dat s000/periodic-ww1.50-ff0.17-N256 256 915 509 true 4 sad-256 wl-256 wl-inv-t-256 samc-1e3-256 samc-1e4-256 samc-1e5-256 samc-1e6-256
0.003906	74.19	274.6
0.007812	74.19	274.6
0.01172	74.19	274.6
0.01562	74.19	274.6
0.02344	74.19	274.6
0.02734	74.19	274.6
0.03906	74.19	274.6
0.05078	74.19	274.6
0.07031	74.19	274.6
0.09375	74.19	274.6
0.125	74.19	274.6
0.1641	74.19	274.6
0.2188	74.19	274.6
0.293	74.19	274.6
0.3906	74.19	274.6
0.5195	74.19	274.6
0.6953	74.19	274.6
0.9258	74.19	274.6
1.234	74.19	274.6
1.648	74.19	274.6
2.195	74.06	274.5
2.93	73.64	274.4
3.906	73.49	274.4
5.211	72.86	274.2
6.945	72.38	274.2
9.262	72.22	273.3
12.35	70.42	271.6
16.47	68.07	268.2
21.96	65.08	268.2
29.29	61.56	264.5
39.06	66.29	264.5
52.09	62.1	255.1
69.46	55.2	241.4
92.63	69.24	311.8
123.5	69.77	335.4
164.7	77.07	356.9
219.7	83.44	356.9
292.9	108.1	525.9
390.6	140.7	684.2
520.9	218	790.9
694.6	258.2	951.1
926.3	367.1	1119
1235	525.8	1541
1647	559.5	1627
2197	767.4	2132
2929	626.2	2056
3906	893.7	2907
5209	832.7	3688
6946	820.5	2685
9263	227.2	999.7
1.235e+04	104.4	433.1
1.647e+04	88.04	348.7
2.197e+04	35.82	137.2
2.929e+04	25.42	81.03
3.906e+04	8.159	37.7
5.209e+04	1.905	11.31
6.946e+04	4.02	13.56
9.263e+04	6.921	21.93
1.235e+05	1.759	7.726
1.647e+05	0.8555	4.634
2.197e+05	1.133	4.923
2.929e+05	0.3082	1.291
3.906e+05	0.1979	0.8403
5.209e+05	0.1282	0.6217
6.946e+05	0.1652	0.7859
9.263e+05	0.3356	1.512
1.235e+06	0.19	1.02
1.647e+06	0.1413	0.793
2.197e+06	0.09609	0.5322
2.929e+06	0.0848	0.4392
3.906e+06	0.05844	0.2899
5.209e+06	0.05663	0.3322
6.946e+06	0.0536	0.2057
9.263e+06	0.0644	0.2693
1.235e+07	0.05534	0.2592
1.647e+07	0.0319	0.1665
2.197e+07	0.03693	0.1768
2.929e+07	0.03942	0.1872
3.906e+07	0.03544	0.1896
5.209e+07	0.03831	0.1314
6.946e+07	0.02006	0.1023
9.263e+07	0.01357	0.08807
1.235e+08	0.01196	0.06787
1.647e+08	0.01595	0.07525
2.197e+08	0.01974	0.08382
2.929e+08	0.01959	0.08327
3.906e+08	0.01494	0.06689
5.209e+08	0.01237	0.05314
6.946e+08	0.01118	0.05177
9.263e+08	0.01272	0.05123
1.235e+09	0.01137	0.05339
1.647e+09	0.01138	0.05303
2.197e+09	0.01038	0.04981
2.929e+09	0.01007	0.04795
