0.01 90.61
0.0105 90.71
0.011 90.82
0.0115 90.92
0.012 90.99
0.0125 91.04
0.013 91.07
0.0135 91.09
0.014 91.11
0.0145 91.13
0.015 91.16
0.0155 91.21
0.016 91.27
0.0165 91.37
0.017 91.5
0.0175 91.69
0.018 91.94
0.0185 92.27
0.019 92.71
0.0195 93.29
0.02 94.03
0.0205 94.98
0.021 96.17
0.0215 97.62
0.022 99.35
0.0225 101.4
0.023 103.7
0.0235 106.2
0.024 108.8
0.0245 111.6
0.025 114.2
0.0255 116.6
0.026 118.7
0.0265 120.3
0.027 121.4
0.0275 121.9
0.028 121.8
0.0285 121.2
0.029 120.1
0.0295 118.7
0.03 117.1
0.0305 115.3
0.031 113.5
0.0315 111.7
0.032 110
0.0325 108.4
0.033 106.8
0.0335 105.4
0.034 104.2
0.0345 103.1
0.035 102
0.0355 101.1
0.036 100.4
0.0365 99.66
0.037 99.05
0.0375 98.51
0.038 98.03
0.0385 97.62
0.039 97.25
0.0395 96.93
0.04 96.65
0.0405 96.4
0.041 96.18
0.0415 95.98
0.042 95.81
0.0425 95.66
0.043 95.52
0.0435 95.4
0.044 95.29
0.0445 95.19
0.045 95.1
0.0455 95.02
0.046 94.95
0.0465 94.88
0.047 94.82
0.0475 94.77
0.048 94.72
0.0485 94.67
0.049 94.63
0.0495 94.59
0.05 94.56
