0.01 54.48
0.0105 52.37
0.011 117.5
0.0115 1629
0.012 848.7
0.0125 202
0.013 109.7
0.0135 77.79
0.014 63.14
0.0145 55.74
0.015 51.88
0.0155 49.88
0.016 48.92
0.0165 48.62
0.017 48.85
0.0175 49.74
0.018 52.01
0.0185 59.09
0.019 86.37
0.0195 193.1
0.02 510.4
0.0205 873.6
0.021 656.3
0.0215 293.4
0.022 134.9
0.0225 85.1
0.023 70.72
0.0235 66.98
0.024 66.59
0.0245 67.39
0.025 68.73
0.0255 70.45
0.026 72.5
0.0265 74.9
0.027 77.7
0.0275 80.93
0.028 84.63
0.0285 88.93
0.029 94.21
0.0295 101.5
0.03 113.3
0.0305 135.7
0.031 181.2
0.0315 271.2
0.032 427.4
0.0325 629.5
0.033 765.9
0.0335 721.1
0.034 542.8
0.0345 361.1
0.035 236.8
0.0355 165.9
0.036 129.1
0.0365 111.5
0.037 104.3
0.0375 103.3
0.038 106.1
0.0385 112.1
0.039 120.8
0.0395 132.3
0.04 146.9
0.0405 166.1
0.041 195.7
0.0415 260.4
0.042 452.1
0.0425 1042
0.043 2352
0.0435 3271
0.044 2228
0.0445 969.5
0.045 399.5
0.0455 203
0.046 138
0.0465 116
0.047 109.3
0.0475 109.1
0.048 113.2
0.0485 121.2
0.049 133.7
0.0495 151.9
0.05 177.2
0.0505 211.8
0.051 258.5
0.0515 320.4
0.052 400
0.0525 497.1
0.053 605.4
0.0535 709.3
0.054 785.5
0.0545 811.7
0.055 779.9
0.0555 701.3
0.056 598.6
0.0565 494
0.057 401.2
0.0575 325.7
0.058 267.3
0.0585 223.3
0.059 190.7
0.0595 166.5
0.06 148.5
