0.01 90.9
0.0105 91.02
0.011 91.11
0.0115 91.2
0.012 91.28
0.0125 91.34
0.013 91.38
0.0135 91.38
0.014 91.35
0.0145 91.29
0.015 91.23
0.0155 91.18
0.016 91.15
0.0165 91.17
0.017 91.24
0.0175 91.4
0.018 91.67
0.0185 92.07
0.019 92.62
0.0195 93.38
0.02 94.36
0.0205 95.61
0.021 97.15
0.0215 98.99
0.022 101.1
0.0225 103.6
0.023 106.3
0.0235 109.1
0.024 112
0.0245 114.7
0.025 117.3
0.0255 119.4
0.026 121
0.0265 122
0.027 122.4
0.0275 122.2
0.028 121.4
0.0285 120.3
0.029 118.7
0.0295 117
0.03 115.1
0.0305 113.3
0.031 111.4
0.0315 109.7
0.032 108
0.0325 106.5
0.033 105.1
0.0335 103.9
0.034 102.8
0.0345 101.8
0.035 101
0.0355 100.2
0.036 99.56
0.0365 98.97
0.037 98.45
0.0375 97.99
0.038 97.58
0.0385 97.22
0.039 96.9
0.0395 96.61
0.04 96.35
0.0405 96.12
0.041 95.91
0.0415 95.72
0.042 95.55
0.0425 95.4
0.043 95.26
0.0435 95.13
0.044 95.02
0.0445 94.91
0.045 94.82
0.0455 94.73
0.046 94.66
0.0465 94.59
0.047 94.53
0.0475 94.48
0.048 94.43
0.0485 94.39
0.049 94.35
0.0495 94.32
0.05 94.3
0.0505 94.28
0.051 94.26
0.0515 94.25
0.052 94.24
0.0525 94.23
0.053 94.23
0.0535 94.23
0.054 94.23
0.0545 94.23
0.055 94.24
0.0555 94.24
0.056 94.25
0.0565 94.26
0.057 94.26
0.0575 94.27
0.058 94.28
0.0585 94.29
0.059 94.3
0.0595 94.31
0.06 94.32
