1e+07 39.8 125
1.33e+07 41.2 125
1.78e+07 18.6 43.7
2.37e+07 14.9 33.4
3.16e+07 23.4 46.3
4.22e+07 23 43.6
5.62e+07 18.6 38.9
7.5e+07 18.9 52.7
1e+08 16.1 46.4
1.33e+08 17.3 57.3
1.78e+08 14.8 27.4
2.37e+08 12.3 35.9
3.16e+08 16.1 45.4
4.22e+08 9.95 38.7
5.62e+08 15.2 39.3
7.5e+08 12 34.4
1e+09 9.59 24.7
1.33e+09 10.2 37.3
1.78e+09 13.2 32.5
2.37e+09 8.33 22
3.16e+09 9.34 29.2
4.22e+09 14.4 91.1
5.62e+09 9.23 30.8
7.5e+09 8.66 26.7
1e+10 8.81 29.3
1.33e+10 14.2 85.9
1.78e+10 5.9 15.3
2.37e+10 7.74 28.5
3.16e+10 11.9 56.3
4.22e+10 2.98 10.5
5.62e+10 6.88 28.4
7.5e+10 1.63 19.2
1e+11 1.21 3.09
1.33e+11 13.5 89.3
1.78e+11 14.5 202
2.37e+11 1.06 9.48
3.16e+11 2.87 8.59
4.22e+11 1.19 4.69
5.62e+11 8.74 37.7
7.5e+11 3.81 14.3
1e+12 0.661 2.99
1.33e+12 1.6 4.13
1.78e+12 4.16 16.6
