1 50 74.4
2 50 74.4
3 50 74.4
4 50 74.4
6 50 74.4
7 50 74.4
10 50 74.4
13 50 74.4
18 50 74.4
24 50 74.4
32 50 74.4
42 50 74.4
56 50 74.4
75 50 74.4
100 50 74.4
133 50 74.4
178 50 74.4
237 50 74.4
316 50 74.4
422 50 74.4
562 50 74.4
750 50 74.4
1e+03 50 74.4
1.33e+03 50 74.4
1.78e+03 50 74.4
2.37e+03 50 74.4
3.16e+03 50 74.4
4.22e+03 50 74.4
5.62e+03 50 74.4
7.5e+03 50 74.4
1e+04 50 74.4
1.33e+04 50 74.4
1.78e+04 50 74.4
2.37e+04 50 74.4
3.16e+04 50 74.4
4.22e+04 50 74.4
5.62e+04 50 74.4
7.5e+04 50 74.4
1e+05 50 74.4
1.33e+05 50 74.4
1.78e+05 50 74.4
2.37e+05 50 74.4
3.16e+05 50 74.4
4.22e+05 50 74.4
5.62e+05 50 74.4
7.5e+05 50 74.4
1e+06 50 74.4
1.33e+06 50 74.4
1.78e+06 50 74.4
2.37e+06 50 74.4
3.16e+06 50 74.4
4.22e+06 50 74.4
5.62e+06 50 74.4
7.5e+06 50 74.4
1e+07 50 74.4
1.33e+07 50 74.4
1.78e+07 50 74.4
2.37e+07 50 74.4
3.16e+07 50 74.4
4.22e+07 50 74.4
5.62e+07 50 74.4
7.5e+07 50 74.4
1e+08 50 74.4
1.33e+08 50 74.4
1.78e+08 50 74.4
2.37e+08 50 74.4
3.16e+08 50 74.4
4.22e+08 50 74.4
5.62e+08 50 74.4
7.5e+08 50 74.4
1e+09 50 74.4
1.33e+09 50 74.4
1.78e+09 50 74.4
2.37e+09 50 74.4
3.16e+09 50 74.4
4.22e+09 50 74.4
5.62e+09 50 74.4
7.5e+09 50 74.4
1e+10 50 74.4
1.33e+10 50 74.4
1.78e+10 50 74.4
2.37e+10 50 74.4
3.16e+10 50 74.4
4.22e+10 50 74.4
5.62e+10 50 74.4
7.5e+10 50 74.4
1e+11 50 74.4
1.33e+11 50 74.4
1.78e+11 50 74.4
2.37e+11 50 74.4
3.16e+11 50 74.4
4.22e+11 50 74.4
5.62e+11 50 74.4
7.5e+11 50 74.4
1e+12 50 74.4
