1e+07 51.6 74.3
1.33e+07 77.9 1.18e+03
1.78e+07 79.7 1.35e+03
2.37e+07 60.7 1.37e+03
3.16e+07 44.8 1.3e+03
4.22e+07 39.1 2.64e+03
5.62e+07 15.1 166
7.5e+07 12 69
1e+08 12.9 42.1
1.33e+08 12.2 28.9
1.78e+08 12.7 42.6
2.37e+08 12.8 38.9
3.16e+08 15.5 74.6
4.22e+08 14.6 240
5.62e+08 7.42 33.6
7.5e+08 7.57 34.8
1e+09 8.31 39.4
1.33e+09 6.44 27.7
1.78e+09 7.17 28
2.37e+09 13.1 91.3
3.16e+09 8.95 29.6
4.22e+09 6.33 29.5
5.62e+09 5.21 26.6
7.5e+09 12.5 96.4
1e+10 11.4 73.4
1.33e+10 5.75 26
1.78e+10 4.18 16.2
2.37e+10 2.18 7.15
3.16e+10 6.06 116
4.22e+10 10.4 65.5
5.62e+10 1.51 6.1
7.5e+10 1.47 6.96
1e+11 10.5 64.9
1.33e+11 5.19 24.7
1.78e+11 0.798 3.84
2.37e+11 2.63 10.9
3.16e+11 3.2 15.5
4.22e+11 1.36 5.91
5.62e+11 0.22 0.706
7.5e+11 1.81 8.45
1e+12 0.991 4.25
1.33e+12 1.58 7.54
1.78e+12 0.123 0.422
