0.01 90.77
0.011 91.33
0.012 91.49
0.013 91.21
0.014 90.73
0.015 90.34
0.016 90.25
0.017 90.48
0.018 90.94
0.019 91.5
0.02 92.1
0.021 92.76
0.022 93.57
0.023 94.66
0.024 96.19
0.025 98.26
0.026 100.9
0.027 104
0.028 107.4
0.029 110.6
0.03 113.3
0.031 115
0.032 115.8
0.033 115.5
0.034 114.3
0.035 112.6
0.036 110.5
0.037 108.4
0.038 106.3
0.039 104.5
0.04 102.8
0.041 101.4
0.042 100.3
0.043 99.3
0.044 98.5
0.045 97.84
0.046 97.3
0.047 96.85
0.048 96.48
0.049 96.18
0.05 95.92
0.051 95.7
0.052 95.51
0.053 95.35
0.054 95.21
0.055 95.09
0.056 94.98
0.057 94.88
0.058 94.8
0.059 94.72
0.06 94.65
0.061 94.6
0.062 94.55
0.063 94.5
0.064 94.47
0.065 94.44
0.066 94.42
0.067 94.41
0.068 94.4
0.069 94.4
0.07 94.41
0.071 94.43
0.072 94.45
0.073 94.48
0.074 94.51
0.075 94.55
0.076 94.6
0.077 94.65
0.078 94.71
0.079 94.77
0.08 94.84
0.081 94.91
0.082 94.98
0.083 95.06
0.084 95.14
0.085 95.22
0.086 95.3
0.087 95.39
0.088 95.47
0.089 95.55
0.09 95.63
0.091 95.71
0.092 95.79
0.093 95.87
0.094 95.95
0.095 96.03
0.096 96.1
0.097 96.18
0.098 96.25
0.099 96.32
0.1 96.4
0.101 96.47
0.102 96.54
0.103 96.61
0.104 96.69
0.105 96.76
0.106 96.84
0.107 96.91
0.108 96.99
0.109 97.07
0.11 97.15
0.111 97.24
0.112 97.32
0.113 97.41
0.114 97.5
0.115 97.59
0.116 97.69
0.117 97.78
0.118 97.88
0.119 97.98
0.12 98.08
0.121 98.19
0.122 98.3
0.123 98.41
0.124 98.52
0.125 98.63
0.126 98.74
0.127 98.86
0.128 98.98
0.129 99.1
0.13 99.22
0.131 99.35
0.132 99.47
0.133 99.6
0.134 99.73
0.135 99.86
0.136 100
0.137 100.1
0.138 100.3
0.139 100.4
0.14 100.6
0.141 100.7
0.142 100.8
0.143 101
0.144 101.2
0.145 101.3
0.146 101.5
0.147 101.6
0.148 101.8
0.149 101.9
0.15 102.1
0.151 102.3
0.152 102.5
0.153 102.6
0.154 102.8
0.155 103
0.156 103.2
0.157 103.4
0.158 103.5
0.159 103.7
0.16 103.9
0.161 104.1
0.162 104.3
0.163 104.5
0.164 104.7
0.165 104.9
0.166 105.1
0.167 105.4
0.168 105.6
0.169 105.8
0.17 106
0.171 106.2
0.172 106.5
0.173 106.7
0.174 106.9
0.175 107.2
0.176 107.4
0.177 107.6
0.178 107.9
0.179 108.1
0.18 108.4
0.181 108.6
0.182 108.9
0.183 109.2
0.184 109.4
0.185 109.7
0.186 110
0.187 110.2
0.188 110.5
0.189 110.8
0.19 111.1
0.191 111.4
0.192 111.7
0.193 112
0.194 112.3
0.195 112.6
0.196 112.9
0.197 113.2
0.198 113.5
0.199 113.8
0.2 114.2
0.201 114.5
0.202 114.8
0.203 115.2
0.204 115.5
0.205 115.9
0.206 116.2
0.207 116.6
0.208 116.9
0.209 117.3
0.21 117.7
0.211 118
0.212 118.4
0.213 118.8
0.214 119.2
0.215 119.6
0.216 120
0.217 120.4
0.218 120.8
0.219 121.2
0.22 121.6
0.221 122
0.222 122.4
0.223 122.8
0.224 123.3
0.225 123.7
0.226 124.1
0.227 124.6
0.228 125
0.229 125.5
0.23 125.9
0.231 126.4
0.232 126.8
0.233 127.3
0.234 127.8
0.235 128.2
0.236 128.7
0.237 129.2
0.238 129.7
0.239 130.2
0.24 130.7
0.241 131.2
0.242 131.7
0.243 132.2
0.244 132.7
0.245 133.2
0.246 133.7
0.247 134.2
0.248 134.8
0.249 135.3
0.25 135.8
0.251 136.4
0.252 136.9
0.253 137.4
0.254 138
0.255 138.5
0.256 139.1
0.257 139.6
0.258 140.2
0.259 140.8
0.26 141.3
0.261 141.9
0.262 142.5
0.263 143
0.264 143.6
0.265 144.2
0.266 144.8
0.267 145.3
0.268 145.9
0.269 146.5
0.27 147.1
0.271 147.6
0.272 148.2
0.273 148.8
0.274 149.4
0.275 149.9
0.276 150.5
0.277 151.1
0.278 151.6
0.279 152.2
0.28 152.8
0.281 153.3
0.282 153.9
0.283 154.4
0.284 154.9
0.285 155.5
0.286 156
0.287 156.5
0.288 157
0.289 157.5
0.29 158
0.291 158.5
0.292 159
0.293 159.4
0.294 159.9
0.295 160.3
0.296 160.8
0.297 161.2
0.298 161.6
0.299 162
0.3 162.4
0.301 162.8
0.302 163.1
0.303 163.5
0.304 163.8
0.305 164.1
0.306 164.4
0.307 164.7
0.308 165
0.309 165.3
0.31 165.5
0.311 165.8
0.312 166
0.313 166.2
0.314 166.4
0.315 166.5
0.316 166.7
0.317 166.8
0.318 167
0.319 167.1
0.32 167.2
0.321 167.3
0.322 167.3
0.323 167.4
0.324 167.4
0.325 167.5
0.326 167.5
0.327 167.5
0.328 167.5
0.329 167.5
0.33 167.4
0.331 167.4
0.332 167.3
0.333 167.3
0.334 167.2
0.335 167.1
0.336 167
0.337 166.9
0.338 166.7
0.339 166.6
0.34 166.5
0.341 166.3
0.342 166.2
0.343 166
0.344 165.8
0.345 165.6
0.346 165.4
0.347 165.2
0.348 165
0.349 164.8
0.35 164.6
0.351 164.4
0.352 164.2
0.353 163.9
0.354 163.7
0.355 163.4
0.356 163.2
0.357 162.9
0.358 162.7
0.359 162.4
0.36 162.2
0.361 161.9
0.362 161.6
0.363 161.4
0.364 161.1
0.365 160.8
0.366 160.5
0.367 160.3
0.368 160
0.369 159.7
0.37 159.4
0.371 159.1
0.372 158.9
0.373 158.6
0.374 158.3
0.375 158
0.376 157.7
0.377 157.4
0.378 157.1
0.379 156.9
0.38 156.6
0.381 156.3
0.382 156
0.383 155.7
0.384 155.4
0.385 155.2
0.386 154.9
0.387 154.6
0.388 154.3
0.389 154
0.39 153.8
0.391 153.5
0.392 153.2
0.393 152.9
0.394 152.7
0.395 152.4
0.396 152.1
0.397 151.9
0.398 151.6
0.399 151.3
0.4 151.1
