0.01 47.33
0.011 47.32
0.012 47.32
0.013 47.31
0.014 47.3
0.015 47.29
0.016 47.29
0.017 47.28
0.018 47.27
0.019 47.27
0.02 47.26
0.021 47.26
0.022 47.26
0.023 47.25
0.024 47.25
0.025 47.25
0.026 47.25
0.027 47.25
0.028 47.25
0.029 47.25
0.03 47.25
0.031 47.25
0.032 47.25
0.033 47.25
0.034 47.25
0.035 47.25
0.036 47.25
0.037 47.26
0.038 47.26
0.039 47.26
0.04 47.26
0.041 47.26
0.042 47.27
0.043 47.27
0.044 47.27
0.045 47.27
0.046 47.28
0.047 47.28
0.048 47.28
0.049 47.28
0.05 47.29
0.051 47.29
0.052 47.29
0.053 47.29
0.054 47.3
0.055 47.3
0.056 47.3
0.057 47.31
0.058 47.31
0.059 47.31
0.06 47.31
0.061 47.32
0.062 47.32
0.063 47.32
0.064 47.32
0.065 47.33
0.066 47.33
0.067 47.33
0.068 47.33
0.069 47.34
0.07 47.34
0.071 47.34
0.072 47.34
0.073 47.34
0.074 47.35
0.075 47.35
0.076 47.35
0.077 47.35
0.078 47.36
0.079 47.36
0.08 47.36
0.081 47.36
0.082 47.36
0.083 47.37
0.084 47.37
0.085 47.37
0.086 47.37
0.087 47.37
0.088 47.38
0.089 47.38
0.09 47.38
0.091 47.38
0.092 47.38
0.093 47.38
0.094 47.39
0.095 47.39
0.096 47.39
0.097 47.39
0.098 47.39
0.099 47.39
0.1 47.4
0.101 47.4
0.102 47.4
0.103 47.4
0.104 47.4
0.105 47.4
0.106 47.41
0.107 47.41
0.108 47.41
0.109 47.41
0.11 47.41
0.111 47.41
0.112 47.41
0.113 47.42
0.114 47.42
0.115 47.42
0.116 47.42
0.117 47.42
0.118 47.42
0.119 47.42
0.12 47.42
0.121 47.42
0.122 47.43
0.123 47.43
0.124 47.43
0.125 47.43
0.126 47.43
0.127 47.43
0.128 47.43
0.129 47.43
0.13 47.43
0.131 47.44
0.132 47.44
0.133 47.44
0.134 47.44
0.135 47.44
0.136 47.44
0.137 47.44
0.138 47.44
0.139 47.44
0.14 47.44
0.141 47.44
0.142 47.44
0.143 47.45
0.144 47.45
0.145 47.45
0.146 47.45
0.147 47.45
0.148 47.45
0.149 47.45
0.15 47.45
0.151 47.45
0.152 47.45
0.153 47.45
0.154 47.45
0.155 47.45
0.156 47.45
0.157 47.46
0.158 47.46
0.159 47.46
0.16 47.46
0.161 47.46
0.162 47.46
0.163 47.46
0.164 47.46
0.165 47.46
0.166 47.46
0.167 47.46
0.168 47.46
0.169 47.46
0.17 47.46
0.171 47.46
0.172 47.46
0.173 47.46
0.174 47.46
0.175 47.46
0.176 47.46
0.177 47.47
0.178 47.47
0.179 47.47
0.18 47.47
0.181 47.47
0.182 47.47
0.183 47.47
0.184 47.47
0.185 47.47
0.186 47.47
0.187 47.47
0.188 47.47
0.189 47.47
0.19 47.47
0.191 47.47
0.192 47.47
0.193 47.47
0.194 47.47
0.195 47.47
0.196 47.48
0.197 47.48
0.198 47.48
0.199 47.48
0.2 47.48
0.201 47.48
0.202 47.49
0.203 47.49
0.204 47.49
0.205 47.5
0.206 47.5
0.207 47.51
0.208 47.52
0.209 47.53
0.21 47.54
0.211 47.55
0.212 47.57
0.213 47.59
0.214 47.61
0.215 47.64
0.216 47.68
0.217 47.72
0.218 47.78
0.219 47.84
0.22 47.93
0.221 48.02
0.222 48.14
0.223 48.29
0.224 48.46
0.225 48.68
0.226 48.94
0.227 49.25
0.228 49.63
0.229 50.1
0.23 50.66
0.231 51.35
0.232 52.18
0.233 53.19
0.234 54.41
0.235 55.89
0.236 57.68
0.237 59.85
0.238 62.47
0.239 65.64
0.24 69.46
0.241 74.06
0.242 79.59
0.243 86.23
0.244 94.18
0.245 103.7
0.246 115
0.247 128.4
0.248 144.2
0.249 162.7
0.25 184.4
0.251 209.4
0.252 238
0.253 270.4
0.254 306.7
0.255 346.6
0.256 389.7
0.257 435.2
0.258 482
0.259 528.7
0.26 573.4
0.261 614.2
0.262 649.1
0.263 676.2
0.264 694.2
0.265 702.1
0.266 699.7
0.267 687.5
0.268 666.5
0.269 638.5
0.27 605
0.271 568.1
0.272 529.5
0.273 490.6
0.274 452.9
0.275 417.1
0.276 383.8
0.277 353.5
0.278 326.3
0.279 302.2
0.28 281.1
0.281 262.6
0.282 246.7
0.283 233.1
0.284 221.5
0.285 211.7
0.286 203.4
0.287 196.4
0.288 190.5
0.289 185.7
0.29 181.6
0.291 178.3
0.292 175.6
0.293 173.3
0.294 171.5
0.295 170
0.296 168.8
0.297 167.9
0.298 167.2
0.299 166.6
0.3 166.2
0.301 165.9
0.302 165.7
0.303 165.6
0.304 165.5
0.305 165.5
0.306 165.5
0.307 165.6
0.308 165.6
0.309 165.7
0.31 165.8
0.311 166
0.312 166.1
0.313 166.2
0.314 166.3
0.315 166.4
0.316 166.5
0.317 166.6
0.318 166.7
0.319 166.8
0.32 166.9
0.321 166.9
0.322 167
0.323 167
0.324 167.1
0.325 167.1
0.326 167.1
0.327 167.1
0.328 167.1
0.329 167.1
0.33 167
0.331 167
0.332 166.9
0.333 166.9
0.334 166.8
0.335 166.7
0.336 166.6
0.337 166.5
0.338 166.4
0.339 166.2
0.34 166.1
0.341 166
0.342 165.8
0.343 165.6
0.344 165.5
0.345 165.3
0.346 165.1
0.347 164.9
0.348 164.7
0.349 164.5
0.35 164.3
0.351 164.1
0.352 163.9
0.353 163.6
0.354 163.4
0.355 163.2
0.356 162.9
0.357 162.7
0.358 162.5
0.359 162.2
0.36 162
0.361 161.7
0.362 161.4
0.363 161.2
0.364 160.9
0.365 160.6
0.366 160.4
0.367 160.1
0.368 159.8
0.369 159.6
0.37 159.3
0.371 159
0.372 158.7
0.373 158.5
0.374 158.2
0.375 157.9
0.376 157.6
0.377 157.3
0.378 157.1
0.379 156.8
0.38 156.5
0.381 156.2
0.382 155.9
0.383 155.7
0.384 155.4
0.385 155.1
0.386 154.8
0.387 154.6
0.388 154.3
0.389 154
0.39 153.7
0.391 153.5
0.392 153.2
0.393 152.9
0.394 152.7
0.395 152.4
0.396 152.1
0.397 151.9
0.398 151.6
0.399 151.3
0.4 151.1
