0.01 47.26
0.0105 47.33
0.011 47.46
0.0115 47.73
0.012 48.33
0.0125 49.71
0.013 52.82
0.0135 59.72
0.014 74.27
0.0145 102
0.015 145.8
0.0155 193.4
0.016 216.4
0.0165 201.1
0.017 166.9
0.0175 136.2
0.018 116.1
0.0185 104.9
0.019 99.09
0.0195 96.38
0.02 95.36
0.0205 95.29
0.021 95.82
0.0215 96.78
0.022 98.1
0.0225 99.73
0.023 101.6
0.0235 103.8
0.024 106.2
0.0245 108.7
0.025 111.3
0.0255 113.7
0.026 116
0.0265 117.9
0.027 119.4
0.0275 120.4
0.028 120.9
0.0285 120.9
0.029 120.4
0.0295 119.5
0.03 118.2
0.0305 116.8
0.031 115.2
0.0315 113.5
0.032 111.8
0.0325 110.2
0.033 108.6
0.0335 107.2
0.034 105.8
0.0345 104.6
0.035 103.5
0.0355 102.5
0.036 101.6
0.0365 100.8
0.037 100.1
0.0375 99.42
0.038 98.85
0.0385 98.34
0.039 97.9
0.0395 97.5
0.04 97.15
0.0405 96.83
0.041 96.56
0.0415 96.31
0.042 96.09
0.0425 95.9
0.043 95.72
0.0435 95.57
0.044 95.44
0.0445 95.32
0.045 95.21
0.0455 95.12
0.046 95.03
0.0465 94.96
0.047 94.89
0.0475 94.84
0.048 94.78
0.0485 94.74
0.049 94.7
0.0495 94.66
0.05 94.63
