1 49.9 74.2
2 49.9 74.2
3 49.9 74.2
4 49.9 74.2
6 49.9 74.2
7 49.9 74.2
10 49.9 74.2
13 49.9 74.2
18 49.9 74.2
24 49.9 74.2
32 49.9 74.2
42 49.9 74.2
56 49.9 74.2
75 49.9 74.2
100 49.9 74.2
133 49.9 74.2
178 49.9 74.2
237 49.9 74.2
316 49.9 74.2
422 49.9 74.2
562 49.9 74.2
750 49.9 74.2
1e+03 49.9 74.2
1.33e+03 49.9 74.2
1.78e+03 49.9 74.2
2.37e+03 49.9 74.2
3.16e+03 49.9 74.2
4.22e+03 49.9 74.2
5.62e+03 49.9 74.2
7.5e+03 49.9 74.2
1e+04 49.9 74.2
1.33e+04 49.9 74.2
1.78e+04 49.9 74.2
2.37e+04 49.9 74.2
3.16e+04 49.9 74.2
4.22e+04 49.9 74.2
5.62e+04 49.9 74.2
7.5e+04 49.9 74.2
1e+05 49.9 74.2
1.33e+05 49.9 74.2
1.78e+05 49.9 74.2
2.37e+05 49.9 74.2
3.16e+05 49.9 74.2
4.22e+05 49.9 74.2
5.62e+05 49.9 74.2
7.5e+05 49.9 74.2
1e+06 49.9 74.2
1.33e+06 49.9 74.2
1.78e+06 49.9 74.2
2.37e+06 49.9 74.2
3.16e+06 174 8.9e+03
4.22e+06 291 1.3e+04
5.62e+06 256 6.11e+03
7.5e+06 182 1.67e+03
1e+07 117 8.45e+03
1.33e+07 132 2.47e+03
1.78e+07 171 1.68e+03
2.37e+07 254 3.82e+03
3.16e+07 171 676
4.22e+07 184 3.16e+03
5.62e+07 109 1.06e+03
7.5e+07 190 4.98e+03
1e+08 167 3.05e+03
1.33e+08 202 3.77e+03
1.78e+08 140 1.2e+03
2.37e+08 121 4.29e+03
3.16e+08 199 3.41e+03
4.22e+08 269 7.61e+03
5.62e+08 224 5.71e+03
7.5e+08 190 2.51e+03
1e+09 177 2.91e+03
1.33e+09 207 7.04e+03
1.78e+09 218 1.89e+03
2.37e+09 194 2.02e+03
3.16e+09 127 799
4.22e+09 166 1.6e+03
5.62e+09 144 1.62e+03
7.5e+09 128 1.02e+03
1e+10 107 2.07e+03
1.33e+10 30.1 715
1.78e+10 30.9 535
2.37e+10 17.5 101
3.16e+10 25.2 186
4.22e+10 13.5 45.6
5.62e+10 10.5 44.5
7.5e+10 9.55 29.9
1e+11 4.56 25.6
1.33e+11 6.66 112
1.78e+11 1.17 9.57
2.37e+11 1.62 13.8
3.16e+11 0.206 1.35
4.22e+11 0.521 4.03
5.62e+11 0.299 2.14
7.5e+11 0.285 2.03
1e+12 0.285 2.03
