0.01 91.08
0.011 91.22
0.012 91.23
0.013 91.2
0.014 91.17
0.015 91.2
0.016 91.33
0.017 91.61
0.018 92.12
0.019 93.02
0.02 94.55
0.021 96.97
0.022 100.5
0.023 105.2
0.024 110.7
0.025 116.1
0.026 120.3
0.027 122.3
0.028 121.8
0.029 119.4
0.03 116
0.031 112.2
0.032 108.7
0.033 105.6
0.034 103.2
0.035 101.2
0.036 99.71
0.037 98.54
0.038 97.64
0.039 96.95
0.04 96.41
0.041 95.99
0.042 95.65
0.043 95.38
0.044 95.17
0.045 94.99
0.046 94.85
0.047 94.73
0.048 94.63
0.049 94.56
0.05 94.49
0.051 94.44
0.052 94.4
0.053 94.37
0.054 94.34
0.055 94.32
0.056 94.31
0.057 94.3
0.058 94.3
0.059 94.3
0.06 94.3
0.061 94.31
0.062 94.32
0.063 94.33
0.064 94.35
0.065 94.37
0.066 94.4
0.067 94.42
0.068 94.45
0.069 94.49
0.07 94.52
0.071 94.55
0.072 94.59
0.073 94.63
0.074 94.67
0.075 94.71
0.076 94.76
0.077 94.8
0.078 94.85
0.079 94.9
0.08 94.95
0.081 95
0.082 95.05
0.083 95.1
0.084 95.15
0.085 95.21
0.086 95.27
0.087 95.33
0.088 95.38
0.089 95.45
0.09 95.51
0.091 95.57
0.092 95.64
0.093 95.71
0.094 95.78
0.095 95.85
0.096 95.92
0.097 95.99
0.098 96.07
0.099 96.15
0.1 96.22
0.101 96.31
0.102 96.39
0.103 96.47
0.104 96.56
0.105 96.64
0.106 96.73
0.107 96.82
0.108 96.91
0.109 97
0.11 97.1
0.111 97.19
0.112 97.29
0.113 97.39
0.114 97.49
0.115 97.59
0.116 97.69
0.117 97.8
0.118 97.9
0.119 98.01
0.12 98.12
0.121 98.23
0.122 98.34
0.123 98.46
0.124 98.58
0.125 98.69
0.126 98.81
0.127 98.93
0.128 99.06
0.129 99.18
0.13 99.31
0.131 99.43
0.132 99.56
0.133 99.69
0.134 99.82
0.135 99.96
0.136 100.1
0.137 100.2
0.138 100.4
0.139 100.5
0.14 100.7
0.141 100.8
0.142 100.9
0.143 101.1
0.144 101.2
0.145 101.4
0.146 101.6
0.147 101.7
0.148 101.9
0.149 102
0.15 102.2
0.151 102.4
0.152 102.5
0.153 102.7
0.154 102.9
0.155 103
0.156 103.2
0.157 103.4
0.158 103.6
0.159 103.8
0.16 104
0.161 104.1
0.162 104.3
0.163 104.5
0.164 104.7
0.165 104.9
0.166 105.1
0.167 105.4
0.168 105.6
0.169 105.8
0.17 106
0.171 106.2
0.172 106.4
0.173 106.7
0.174 106.9
0.175 107.1
0.176 107.4
0.177 107.6
0.178 107.9
0.179 108.1
0.18 108.4
0.181 108.6
0.182 108.9
0.183 109.1
0.184 109.4
0.185 109.7
0.186 109.9
0.187 110.2
0.188 110.5
0.189 110.8
0.19 111.1
0.191 111.4
0.192 111.7
0.193 112
0.194 112.3
0.195 112.6
0.196 112.9
0.197 113.2
0.198 113.5
0.199 113.8
0.2 114.2
0.201 114.5
0.202 114.8
0.203 115.2
0.204 115.5
0.205 115.9
0.206 116.2
0.207 116.6
0.208 116.9
0.209 117.3
0.21 117.7
0.211 118.1
0.212 118.4
0.213 118.8
0.214 119.2
0.215 119.6
0.216 120
0.217 120.4
0.218 120.8
0.219 121.2
0.22 121.6
0.221 122.1
0.222 122.5
0.223 122.9
0.224 123.3
0.225 123.8
0.226 124.2
0.227 124.7
0.228 125.1
0.229 125.6
0.23 126.1
0.231 126.5
0.232 127
0.233 127.5
0.234 127.9
0.235 128.4
0.236 128.9
0.237 129.4
0.238 129.9
0.239 130.4
0.24 130.9
0.241 131.4
0.242 131.9
0.243 132.4
0.244 132.9
0.245 133.5
0.246 134
0.247 134.5
0.248 135.1
0.249 135.6
0.25 136.1
0.251 136.7
0.252 137.2
0.253 137.8
0.254 138.3
0.255 138.9
0.256 139.4
0.257 140
0.258 140.5
0.259 141.1
0.26 141.6
0.261 142.2
0.262 142.8
0.263 143.3
0.264 143.9
0.265 144.5
0.266 145
0.267 145.6
0.268 146.2
0.269 146.7
0.27 147.3
0.271 147.8
0.272 148.4
0.273 149
0.274 149.5
0.275 150.1
0.276 150.6
0.277 151.1
0.278 151.7
0.279 152.2
0.28 152.8
0.281 153.3
0.282 153.8
0.283 154.3
0.284 154.8
0.285 155.3
0.286 155.8
0.287 156.3
0.288 156.8
0.289 157.3
0.29 157.8
0.291 158.2
0.292 158.7
0.293 159.1
0.294 159.5
0.295 160
0.296 160.4
0.297 160.8
0.298 161.2
0.299 161.6
0.3 161.9
0.301 162.3
0.302 162.6
0.303 163
0.304 163.3
0.305 163.6
0.306 163.9
0.307 164.2
0.308 164.4
0.309 164.7
0.31 164.9
0.311 165.1
0.312 165.4
0.313 165.6
0.314 165.7
0.315 165.9
0.316 166.1
0.317 166.2
0.318 166.3
0.319 166.5
0.32 166.6
0.321 166.7
0.322 166.7
0.323 166.8
0.324 166.9
0.325 166.9
0.326 166.9
0.327 166.9
0.328 166.9
0.329 166.9
0.33 166.9
0.331 166.9
0.332 166.8
0.333 166.7
0.334 166.7
0.335 166.6
0.336 166.5
0.337 166.4
0.338 166.3
0.339 166.2
0.34 166
0.341 165.9
0.342 165.8
0.343 165.6
0.344 165.4
0.345 165.3
0.346 165.1
0.347 164.9
0.348 164.7
0.349 164.5
0.35 164.3
0.351 164.1
0.352 163.9
0.353 163.7
0.354 163.4
0.355 163.2
0.356 163
0.357 162.7
0.358 162.5
0.359 162.2
0.36 162
0.361 161.7
0.362 161.5
0.363 161.2
0.364 160.9
0.365 160.7
0.366 160.4
0.367 160.1
0.368 159.9
0.369 159.6
0.37 159.3
0.371 159
0.372 158.8
0.373 158.5
0.374 158.2
0.375 157.9
0.376 157.7
0.377 157.4
0.378 157.1
0.379 156.8
0.38 156.5
0.381 156.3
0.382 156
0.383 155.7
0.384 155.4
0.385 155.1
0.386 154.9
0.387 154.6
0.388 154.3
0.389 154
0.39 153.8
0.391 153.5
0.392 153.2
0.393 153
0.394 152.7
0.395 152.4
0.396 152.2
0.397 151.9
0.398 151.6
0.399 151.4
0.4 151.1
