0.01 46.53
0.011 1095
0.012 150.6
0.013 176.6
0.014 46.64
0.015 46.87
0.016 47.64
0.017 49.58
0.018 57.48
0.019 372.9
0.02 1214
0.021 137.1
0.022 215.9
0.023 500
0.024 430.3
0.025 181.7
0.026 90
0.027 62.67
0.028 53.47
0.029 49.96
0.03 48.51
0.031 47.9
0.032 47.69
0.033 47.69
0.034 47.88
0.035 48.29
0.036 49.04
0.037 50.34
0.038 52.48
0.039 55.9
0.04 61.15
0.041 68.8
0.042 79.26
0.043 92.43
0.044 107.2
0.045 121.4
0.046 132.1
0.047 136.9
0.048 135
0.049 127.6
0.05 117
0.051 105.7
0.052 95.37
0.053 86.76
0.054 80.12
0.055 75.31
0.056 72.09
0.057 70.17
0.058 69.33
0.059 69.41
0.06 70.33
0.061 72.13
0.062 74.91
0.063 78.92
0.064 84.55
0.065 92.3
0.066 102.8
0.067 116.6
0.068 134.2
0.069 155.1
0.07 178.3
0.071 201.3
0.072 221.6
0.073 238.2
0.074 256.8
0.075 298.6
0.076 415
0.077 693.5
0.078 1162
0.079 1525
0.08 1355
0.081 858.3
0.082 460.2
0.083 247
0.084 149.8
0.085 108.2
0.086 91.09
0.087 84.43
0.088 82.2
0.089 81.82
0.09 82.15
0.091 82.68
0.092 83.2
0.093 83.6
0.094 83.84
0.095 83.9
0.096 83.79
0.097 83.52
0.098 83.11
0.099 82.59
0.1 81.97
0.101 81.29
0.102 80.55
0.103 79.79
0.104 79.02
0.105 78.27
0.106 77.54
0.107 76.86
0.108 76.24
0.109 75.68
0.11 75.23
0.111 74.9
0.112 74.78
0.113 75.02
0.114 75.99
0.115 78.64
0.116 85.71
0.117 106.4
0.118 175.6
0.119 435.9
0.12 1437
0.121 4551
0.122 8434
0.123 6104
0.124 2480
0.125 1126
0.126 769.7
0.127 666
0.128 604.5
0.129 538.2
0.13 464
0.131 388.6
0.132 318.8
0.133 258.6
0.134 209.3
0.135 170.2
0.136 140
0.137 117.1
0.138 99.8
0.139 86.89
0.14 77.26
0.141 70.08
0.142 64.72
0.143 60.7
0.144 57.69
0.145 55.42
0.146 53.7
0.147 52.39
0.148 51.39
0.149 50.63
0.15 50.03
0.151 49.57
0.152 49.21
0.153 48.92
0.154 48.7
0.155 48.52
0.156 48.37
0.157 48.26
0.158 48.16
0.159 48.08
0.16 48.01
0.161 47.96
0.162 47.91
0.163 47.87
0.164 47.83
0.165 47.8
0.166 47.77
0.167 47.75
0.168 47.73
0.169 47.71
0.17 47.69
0.171 47.68
0.172 47.66
0.173 47.65
0.174 47.64
0.175 47.62
0.176 47.61
0.177 47.6
0.178 47.59
0.179 47.59
0.18 47.58
0.181 47.57
0.182 47.57
0.183 47.56
0.184 47.56
0.185 47.55
0.186 47.55
0.187 47.54
0.188 47.54
0.189 47.54
0.19 47.54
0.191 47.53
0.192 47.53
0.193 47.53
0.194 47.53
0.195 47.53
0.196 47.53
0.197 47.54
0.198 47.54
0.199 47.54
0.2 47.55
0.201 47.55
0.202 47.55
0.203 47.56
0.204 47.57
0.205 47.57
0.206 47.58
0.207 47.59
0.208 47.6
0.209 47.61
0.21 47.62
0.211 47.63
0.212 47.64
0.213 47.66
0.214 47.67
0.215 47.69
0.216 47.7
0.217 47.72
0.218 47.74
0.219 47.77
0.22 47.79
0.221 47.82
0.222 47.85
0.223 47.88
0.224 47.91
0.225 47.95
0.226 47.99
0.227 48.04
0.228 48.09
0.229 48.15
0.23 48.22
0.231 48.29
0.232 48.38
0.233 48.47
0.234 48.58
0.235 48.7
0.236 48.85
0.237 49.01
0.238 49.19
0.239 49.4
0.24 49.65
0.241 49.93
0.242 50.25
0.243 50.63
0.244 51.06
0.245 51.56
0.246 52.13
0.247 52.79
0.248 53.56
0.249 54.44
0.25 55.46
0.251 56.64
0.252 58
0.253 59.56
0.254 61.36
0.255 63.42
0.256 65.79
0.257 68.51
0.258 71.63
0.259 75.19
0.26 79.25
0.261 83.87
0.262 89.12
0.263 95.07
0.264 101.8
0.265 109.3
0.266 117.8
0.267 127.3
0.268 137.8
0.269 149.5
0.27 162.3
0.271 176.3
0.272 191.4
0.273 207.7
0.274 225.1
0.275 243.5
0.276 262.6
0.277 282.3
0.278 302.3
0.279 322.3
0.28 341.8
0.281 360.4
0.282 377.8
0.283 393.5
0.284 407.1
0.285 418.2
0.286 426.6
0.287 432
0.288 434.4
0.289 433.8
0.29 430.4
0.291 424.3
0.292 415.9
0.293 405.5
0.294 393.6
0.295 380.5
0.296 366.7
0.297 352.6
0.298 338.5
0.299 324.8
0.3 311.7
0.301 299.5
0.302 288.4
0.303 278.5
0.304 269.9
0.305 262.8
0.306 257.1
0.307 252.9
0.308 250.2
0.309 249
0.31 249.3
0.311 251
0.312 254.2
0.313 258.6
0.314 264.4
0.315 271.3
0.316 279.3
0.317 288.2
0.318 298
0.319 308.3
0.32 319.2
0.321 330.3
0.322 341.4
0.323 352.4
0.324 362.9
0.325 372.7
0.326 381.7
0.327 389.5
0.328 395.9
0.329 400.9
0.33 404.2
0.331 405.7
0.332 405.4
0.333 403.3
0.334 399.4
0.335 393.8
0.336 386.6
0.337 377.9
0.338 368
0.339 357
0.34 345.1
0.341 332.5
0.342 319.4
0.343 306
0.344 292.4
0.345 278.9
0.346 265.5
0.347 252.4
0.348 239.6
0.349 227.3
0.35 215.5
0.351 204.2
0.352 193.5
0.353 183.3
0.354 173.8
0.355 164.9
0.356 156.5
0.357 148.8
0.358 141.5
0.359 134.8
0.36 128.6
0.361 122.9
0.362 117.6
0.363 112.8
0.364 108.3
0.365 104.3
0.366 100.5
0.367 97.09
0.368 93.97
0.369 91.12
0.37 88.53
0.371 86.17
0.372 84.03
0.373 82.1
0.374 80.35
0.375 78.78
0.376 77.36
0.377 76.1
0.378 74.97
0.379 73.97
0.38 73.08
0.381 72.31
0.382 71.64
0.383 71.06
0.384 70.57
0.385 70.16
0.386 69.84
0.387 69.58
0.388 69.39
0.389 69.27
0.39 69.2
0.391 69.2
0.392 69.25
0.393 69.35
0.394 69.5
0.395 69.7
0.396 69.94
0.397 70.22
0.398 70.55
0.399 70.92
0.4 71.32
