# iterations	 errorinentropy	 maxerror	(generated with python figs/comparison.py 0 samc-1e3-T13-reference-lndos.dat s000/periodic-ww1.30-ff0.30-N50
2.48e+04	36.94	141.9
5.292e+05	19.21	93.5
7.788e+05	10.78	65.99
9.95e+05	9.942	62.96
1.26e+06	9.524	62.38
1.569e+06	8.346	57.9
1.925e+06	8.288	57.9
2.333e+06	6.334	49.43
2.797e+06	3.73	37.12
3.303e+06	2.871	30.77
3.851e+06	2.785	30.46
4.442e+06	2.058	19.51
5.096e+06	1.898	18.78
5.796e+06	1.736	18.07
6.541e+06	1.587	17.06
7.331e+06	1.513	16.81
8.165e+06	1.896	12.09
9.045e+06	1.815	11.84
1e+07	1.778	11.87
1.101e+07	1.694	11.53
1.202e+07	1.649	11.08
1.312e+07	1.575	10.72
1.423e+07	1.506	10.42
1.539e+07	1.544	10.28
1.663e+07	1.5	10.11
1.787e+07	1.453	9.726
1.916e+07	1.413	9.576
2.054e+07	1.392	9.341
2.197e+07	1.356	9.183
2.345e+07	1.324	9.049
2.498e+07	1.294	8.924
2.655e+07	1.34	9.122
2.817e+07	1.355	9.223
2.978e+07	1.375	9.336
3.15e+07	1.347	9.188
3.326e+07	1.316	9.032
3.508e+07	1.295	8.949
3.694e+07	1.277	8.758
3.884e+07	1.259	8.638
4.08e+07	1.239	8.531
4.274e+07	1.213	8.426
4.479e+07	1.202	8.388
4.689e+07	1.174	8.275
4.904e+07	1.142	8.108
5.116e+07	1.119	7.988
5.34e+07	1.223	9.173
5.569e+07	1.198	9.064
5.803e+07	1.193	8.987
6.041e+07	1.165	8.833
6.285e+07	1.144	8.718
6.533e+07	1.128	8.632
6.786e+07	1.115	8.534
7.043e+07	1.095	8.425
7.306e+07	1.083	8.281
7.573e+07	1.07	8.212
7.846e+07	1.057	8.133
8.123e+07	1.064	8.19
8.404e+07	1.06	8.144
8.691e+07	1.055	8.131
8.982e+07	1.061	8.124
9.279e+07	1.05	8.042
9.58e+07	1.033	7.963
9.885e+07	1.017	7.886
1.019e+08	1.005	7.825
1.049e+08	0.9902	7.756
1.081e+08	0.987	7.733
1.114e+08	0.9747	7.66
1.147e+08	0.9774	7.648
1.18e+08	0.9676	7.585
1.213e+08	0.9577	7.513
1.247e+08	0.9452	7.437
1.282e+08	0.9385	7.413
1.318e+08	0.9392	7.386
1.355e+08	0.9447	7.384
1.392e+08	0.9334	7.33
1.429e+08	0.9384	7.291
1.466e+08	0.9256	7.203
1.504e+08	0.9146	7.155
1.542e+08	0.915	7.138
1.581e+08	0.906	7.08
1.619e+08	0.8966	7.022
1.658e+08	0.8874	6.951
1.698e+08	0.8753	6.87
1.739e+08	0.8713	6.82
1.78e+08	0.8649	6.741
1.822e+08	0.8621	6.674
1.864e+08	0.8539	6.618
1.906e+08	0.8511	6.594
1.948e+08	0.8409	6.547
1.992e+08	0.8305	6.473
2.036e+08	0.8215	6.431
2.08e+08	0.8256	6.453
2.125e+08	0.8155	6.387
2.17e+08	0.8055	6.342
2.216e+08	0.7939	6.292
2.263e+08	0.7969	6.317
2.31e+08	0.7923	6.294
2.357e+08	0.7866	6.25
2.405e+08	0.7836	6.202
2.453e+08	0.7793	6.153
2.502e+08	0.7815	6.15
2.551e+08	0.7774	6.103
2.601e+08	0.7714	6.066
2.651e+08	0.7665	6.01
2.702e+08	0.803	6.207
2.755e+08	0.7958	6.166
2.806e+08	0.7918	6.145
2.859e+08	0.8142	6.278
2.915e+08	0.8151	6.27
2.971e+08	0.8123	6.237
3.025e+08	0.8056	6.172
3.079e+08	0.7991	6.139
3.134e+08	0.7944	6.109
3.189e+08	0.7856	6.061
3.245e+08	0.7816	6.034
3.299e+08	0.7773	5.996
3.355e+08	0.771	5.951
3.412e+08	0.7654	5.91
3.47e+08	0.7602	5.883
3.528e+08	0.7531	5.827
3.586e+08	0.763	5.905
3.645e+08	0.7567	5.851
3.705e+08	0.75	5.801
3.765e+08	0.7496	5.79
3.825e+08	0.7452	5.772
3.886e+08	0.7388	5.739
3.947e+08	0.7362	5.719
4.009e+08	0.7345	5.714
4.071e+08	0.7317	5.686
4.134e+08	0.7336	6.239
4.197e+08	0.7306	6.214
4.261e+08	0.7254	6.174
4.325e+08	0.7384	6.197
4.39e+08	0.7348	6.169
4.455e+08	0.7297	6.134
4.521e+08	0.7232	6.096
4.587e+08	0.7162	6.053
4.652e+08	0.71	6.013
4.719e+08	0.7201	6.111
4.786e+08	0.7156	6.084
4.854e+08	0.715	6.076
4.927e+08	0.712	6.046
4.996e+08	0.7298	6.128
5.066e+08	0.7229	6.089
5.136e+08	0.7178	6.049
5.206e+08	0.7127	6.01
5.277e+08	0.7072	5.983
5.349e+08	0.7073	6.32
5.421e+08	0.7015	6.273
5.493e+08	0.701	6.257
5.566e+08	0.6954	6.226
5.639e+08	0.689	6.176
5.713e+08	0.6871	6.159
5.788e+08	0.6856	6.13
5.862e+08	0.6797	6.099
5.938e+08	0.6758	6.072
6.014e+08	0.6704	6.036
6.09e+08	0.6652	6.007
6.167e+08	0.6619	5.973
6.244e+08	0.6617	5.953
6.321e+08	0.6618	5.953
6.407e+08	0.6583	5.92
6.486e+08	0.6552	5.897
6.565e+08	0.6533	5.879
6.647e+08	0.6503	5.849
6.728e+08	0.646	5.819
6.808e+08	0.6435	5.796
6.889e+08	0.6422	5.784
6.974e+08	0.6435	5.779
7.061e+08	0.6579	5.817
7.144e+08	0.6547	5.793
7.227e+08	0.6509	5.776
7.31e+08	0.648	5.751
7.397e+08	0.644	5.726
7.482e+08	0.6411	5.704
7.567e+08	0.6384	5.68
7.652e+08	0.6338	5.654
7.738e+08	0.6296	5.615
7.825e+08	0.6264	5.59
7.912e+08	0.6237	5.568
7.996e+08	0.6194	5.541
8.084e+08	0.6145	5.509
8.172e+08	0.6116	5.487
8.261e+08	0.6075	5.464
8.351e+08	0.6037	5.439
8.44e+08	0.5983	5.413
8.531e+08	0.5944	5.39
8.622e+08	0.5917	5.359
8.713e+08	0.5891	5.344
8.805e+08	0.5891	5.344
8.906e+08	0.5878	5.32
8.998e+08	0.5871	5.306
9.092e+08	0.5859	5.286
9.185e+08	0.5835	5.269
9.28e+08	0.5803	5.265
9.374e+08	0.5774	5.248
9.473e+08	0.5733	5.226
9.568e+08	0.5702	5.204
9.664e+08	0.566	5.176
9.758e+08	0.5666	5.159
9.858e+08	0.5638	5.133
9.956e+08	0.561	5.114
1.005e+09	0.5606	5.105
1.016e+09	0.5585	5.092
1.026e+09	0.5543	5.062
1.036e+09	0.5516	5.046
1.046e+09	0.551	5.035
1.056e+09	0.5488	5.022
1.066e+09	0.5455	4.999
1.076e+09	0.5443	4.987
1.087e+09	0.5404	4.961
1.097e+09	0.5383	4.948
1.107e+09	0.5349	4.919
1.117e+09	0.5318	4.898
1.128e+09	0.5288	4.878
1.138e+09	0.5256	4.855
1.149e+09	0.5224	4.835
1.159e+09	0.5195	4.819
1.17e+09	0.5166	4.797
1.18e+09	0.5149	4.785
1.191e+09	0.5129	4.773
1.202e+09	0.5099	4.755
1.213e+09	0.5079	4.738
1.223e+09	0.506	4.724
1.234e+09	0.5038	4.709
1.245e+09	0.5056	4.714
1.256e+09	0.5044	4.706
1.268e+09	0.5023	4.694
1.279e+09	0.4994	4.675
1.29e+09	0.4968	4.656
1.301e+09	0.4936	4.635
1.312e+09	0.4908	4.619
1.323e+09	0.4877	4.597
1.335e+09	0.4853	4.576
1.346e+09	0.484	4.561
1.357e+09	0.4813	4.539
1.369e+09	0.4796	4.52
1.38e+09	0.478	4.511
1.392e+09	0.4822	4.516
1.403e+09	0.4811	4.501
1.415e+09	0.4796	4.49
1.427e+09	0.488	4.513
1.439e+09	0.4863	4.497
1.45e+09	0.4842	4.477
1.462e+09	0.4817	4.459
1.474e+09	0.4794	4.438
1.486e+09	0.4776	4.425
1.498e+09	0.4784	4.431
1.51e+09	0.476	4.414
1.522e+09	0.4759	4.409
1.534e+09	0.4835	4.472
1.546e+09	0.4816	4.457
1.558e+09	0.4803	4.445
1.571e+09	0.4798	4.439
1.584e+09	0.4784	4.427
1.597e+09	0.4769	4.411
1.609e+09	0.4745	4.399
1.621e+09	0.4728	4.39
1.634e+09	0.4708	4.375
1.647e+09	0.4696	4.355
1.659e+09	0.4682	4.349
1.672e+09	0.4661	4.336
1.684e+09	0.4665	4.333
1.697e+09	0.4643	4.321
1.71e+09	0.4638	4.311
1.723e+09	0.4616	4.3
1.736e+09	0.4655	4.389
1.749e+09	0.4632	4.374
1.762e+09	0.4614	4.358
1.775e+09	0.4594	4.346
1.788e+09	0.4594	4.335
1.801e+09	0.4571	4.321
1.814e+09	0.4555	4.312
1.827e+09	0.4532	4.298
1.84e+09	0.4506	4.282
1.854e+09	0.449	4.271
1.867e+09	0.4472	4.273
1.88e+09	0.4448	4.257
1.894e+09	0.444	4.248
1.908e+09	0.4419	4.233
1.921e+09	0.4396	4.214
1.935e+09	0.4383	4.214
1.949e+09	0.4369	4.207
1.962e+09	0.4345	4.189
1.976e+09	0.4322	4.176
1.99e+09	0.4303	4.161
2.004e+09	0.4308	4.159
2.018e+09	0.4304	4.147
2.032e+09	0.4296	4.142
2.046e+09	0.4336	4.172
2.06e+09	0.4319	4.162
2.075e+09	0.4299	4.149
2.089e+09	0.4304	4.151
2.103e+09	0.4299	4.142
2.117e+09	0.4282	4.129
2.132e+09	0.4262	4.115
2.146e+09	0.4245	4.102
2.161e+09	0.4227	4.091
2.175e+09	0.421	4.081
2.19e+09	0.4188	4.067
2.204e+09	0.4178	4.059
2.219e+09	0.4166	4.049
2.233e+09	0.4208	4.091
2.248e+09	0.4194	4.078
2.263e+09	0.4199	4.076
2.277e+09	0.4181	4.066
2.292e+09	0.4172	4.058
2.308e+09	0.4209	4.071
2.323e+09	0.4212	4.069
2.337e+09	0.4192	4.055
2.352e+09	0.4173	4.057
2.368e+09	0.4156	4.044
2.383e+09	0.4157	4.038
2.398e+09	0.4147	4.028
2.413e+09	0.4132	4.018
2.428e+09	0.4123	4.01
2.444e+09	0.4112	4
2.458e+09	0.4106	3.991
2.474e+09	0.411	3.987
2.489e+09	0.4172	4.01
2.505e+09	0.4155	3.998
2.52e+09	0.4149	3.994
2.536e+09	0.414	3.997
2.553e+09	0.4123	3.986
2.568e+09	0.4103	3.974
2.584e+09	0.4094	3.967
2.6e+09	0.4166	3.992
2.617e+09	0.415	3.978
2.632e+09	0.413	3.967
2.648e+09	0.4115	3.954
2.664e+09	0.4121	4.095
2.68e+09	0.4109	4.081
2.696e+09	0.4164	4.094
2.712e+09	0.4143	4.08
2.728e+09	0.4189	4.156
2.744e+09	0.4172	4.146
2.761e+09	0.4203	4.159
2.777e+09	0.4191	4.149
2.793e+09	0.418	4.139
2.81e+09	0.4177	4.132
2.826e+09	0.4173	4.127
2.843e+09	0.4162	4.115
2.859e+09	0.4166	4.113
2.876e+09	0.4146	4.102
2.893e+09	0.4128	4.088
2.909e+09	0.4119	4.079
2.926e+09	0.4101	4.068
2.943e+09	0.4092	4.058
2.96e+09	0.4404	4.224
2.977e+09	0.4398	4.219
2.994e+09	0.4388	4.211
3.011e+09	0.4372	4.199
3.028e+09	0.437	4.195
3.045e+09	0.4369	4.191
3.062e+09	0.4356	4.183
3.079e+09	0.4827	4.433
3.097e+09	0.4812	4.423
3.114e+09	0.4801	4.413
3.131e+09	0.478	4.402
3.149e+09	0.4767	4.391
3.166e+09	0.4761	4.385
3.184e+09	0.4752	4.377
3.202e+09	0.4736	4.366
3.219e+09	0.472	4.355
3.237e+09	0.4707	4.345
3.255e+09	0.47	4.339
3.273e+09	0.4683	4.325
3.29e+09	0.4666	4.312
3.308e+09	0.4658	4.305
3.326e+09	0.4647	4.297
3.345e+09	0.4634	4.287
3.363e+09	0.4622	4.276
3.381e+09	0.4618	4.27
3.399e+09	0.462	4.27
3.418e+09	0.4614	4.262
3.436e+09	0.4598	4.252
3.454e+09	0.4595	4.245
3.472e+09	0.4581	4.242
3.491e+09	0.4575	4.238
3.51e+09	0.457	4.23
3.528e+09	0.4554	4.219
3.546e+09	0.4539	4.209
3.564e+09	0.4527	4.2
3.583e+09	0.4514	4.193
3.602e+09	0.4501	4.185
3.62e+09	0.4487	4.176
3.639e+09	0.4473	4.165
3.658e+09	0.4468	4.161
3.676e+09	0.4516	4.172
3.695e+09	0.4501	4.162
3.714e+09	0.4484	4.151
3.733e+09	0.4471	4.141
3.752e+09	0.4456	4.13
3.771e+09	0.4443	4.121
3.79e+09	0.4436	4.111
3.809e+09	0.4428	4.104
3.828e+09	0.4449	4.113
3.847e+09	0.4444	4.108
3.867e+09	0.4439	4.103
3.887e+09	0.4432	4.094
3.906e+09	0.4425	4.088
3.926e+09	0.4428	4.084
3.945e+09	0.4441	4.093
3.965e+09	0.4437	4.087
3.984e+09	0.4425	4.079
4.004e+09	0.4415	4.073
4.024e+09	0.445	4.087
4.044e+09	0.4478	4.101
4.064e+09	0.4464	4.092
4.084e+09	0.4462	4.088
4.105e+09	0.4447	4.077
4.125e+09	0.4437	4.069
4.144e+09	0.4431	4.062
4.164e+09	0.4418	4.051
4.184e+09	0.4403	4.041
4.205e+09	0.4397	4.034
4.225e+09	0.4391	4.031
4.245e+09	0.4385	4.026
4.266e+09	0.4374	4.017
4.286e+09	0.4382	4.109
4.306e+09	0.4377	4.105
4.327e+09	0.437	4.103
4.348e+09	0.436	4.102
4.368e+09	0.4352	4.094
4.389e+09	0.4341	4.086
4.409e+09	0.433	4.078
4.43e+09	0.4319	4.069
4.451e+09	0.431	4.069
4.471e+09	0.4302	4.061
4.492e+09	0.4291	4.051
4.513e+09	0.4285	4.044
4.534e+09	0.4279	4.04
4.555e+09	0.4268	4.032
4.576e+09	0.4256	4.022
4.597e+09	0.4249	4.015
4.618e+09	0.4242	4.009
4.639e+09	0.4233	4.002
4.66e+09	0.4219	3.993
4.682e+09	0.4208	3.986
4.703e+09	0.4204	3.979
4.724e+09	0.4194	3.971
4.745e+09	0.4182	3.962
4.767e+09	0.4175	3.953
4.788e+09	0.4164	3.945
4.81e+09	0.4152	3.937
4.831e+09	0.4148	3.932
4.853e+09	0.4138	3.927
4.874e+09	0.4127	3.919
4.896e+09	0.4115	3.912
4.918e+09	0.411	3.904
4.94e+09	0.4108	3.898
4.962e+09	0.4102	3.89
4.984e+09	0.4094	3.882
5.006e+09	0.4092	3.877
5.028e+09	0.4084	3.87
5.05e+09	0.4075	3.863
5.073e+09	0.4074	3.861
5.096e+09	0.4067	3.853
5.118e+09	0.4062	3.848
5.141e+09	0.4061	3.842
5.163e+09	0.4059	3.838
5.185e+09	0.4052	3.831
5.207e+09	0.4044	3.825
5.23e+09	0.4039	3.818
5.252e+09	0.4029	3.81
5.275e+09	0.4022	3.805
5.297e+09	0.4018	3.801
5.32e+09	0.4009	3.792
5.343e+09	0.4002	3.789
5.365e+09	0.399	3.781
5.388e+09	0.3978	3.78
5.411e+09	0.397	3.773
5.434e+09	0.3958	3.763
5.456e+09	0.3949	3.757
5.479e+09	0.3937	3.75
5.502e+09	0.3929	3.744
5.525e+09	0.3919	3.737
5.548e+09	0.3922	3.733
5.572e+09	0.3916	3.728
5.595e+09	0.3906	3.722
5.619e+09	0.39	3.716
5.642e+09	0.3945	3.749
5.665e+09	0.3939	3.744
5.689e+09	0.3929	3.736
5.712e+09	0.3919	3.73
5.735e+09	0.3909	3.724
5.759e+09	0.3897	3.715
5.782e+09	0.3889	3.708
5.806e+09	0.3881	3.701
5.83e+09	0.3879	3.7
5.853e+09	0.3873	3.694
5.878e+09	0.3865	3.687
5.902e+09	0.3854	3.68
5.926e+09	0.3845	3.673
5.949e+09	0.3835	3.665
5.973e+09	0.3825	3.658
5.997e+09	0.3817	3.652
6.021e+09	0.3811	3.647
6.045e+09	0.3805	3.642
6.07e+09	0.3794	3.634
6.094e+09	0.3789	3.629
6.119e+09	0.3778	3.621
6.143e+09	0.3805	3.65
6.167e+09	0.3798	3.644
6.192e+09	0.3791	3.638
6.216e+09	0.3788	3.633
6.241e+09	0.3784	3.627
6.265e+09	0.3775	3.619
6.29e+09	0.3772	3.614
6.314e+09	0.3765	3.609
6.339e+09	0.3754	3.602
6.364e+09	0.3745	3.595
6.388e+09	0.3741	3.589
6.413e+09	0.3731	3.582
6.438e+09	0.3719	3.576
6.463e+09	0.3713	3.568
6.488e+09	0.3714	3.567
6.514e+09	0.3708	3.561
6.54e+09	0.3698	3.553
6.565e+09	0.3698	3.551
6.59e+09	0.3693	3.546
6.615e+09	0.3685	3.54
6.64e+09	0.3673	3.532
6.665e+09	0.3664	3.525
6.691e+09	0.3656	3.52
6.716e+09	0.3656	3.517
6.742e+09	0.3677	3.522
6.767e+09	0.3668	3.515
6.793e+09	0.3662	3.509
6.818e+09	0.3656	3.502
6.844e+09	0.3648	3.495
6.87e+09	0.3638	3.488
6.895e+09	0.363	3.483
6.921e+09	0.362	3.475
6.947e+09	0.3611	3.469
6.973e+09	0.3602	3.461
6.999e+09	0.3595	3.456
7.025e+09	0.3617	3.463
7.051e+09	0.3608	3.455
7.077e+09	0.36	3.448
7.103e+09	0.3596	3.443
7.129e+09	0.3595	3.439
7.155e+09	0.3585	3.433
7.181e+09	0.358	3.428
7.208e+09	0.3575	3.422
7.234e+09	0.3566	3.415
7.26e+09	0.356	3.41
7.287e+09	0.3557	3.407
7.314e+09	0.355	3.401
7.341e+09	0.3545	3.397
7.368e+09	0.3536	3.39
7.395e+09	0.3533	3.385
7.421e+09	0.3559	3.395
7.448e+09	0.3559	3.395
7.478e+09	0.3559	3.395
7.509e+09	0.3559	3.395
7.54e+09	0.3553	3.391
7.568e+09	0.3549	3.386
7.595e+09	0.3542	3.381
7.622e+09	0.356	3.386
7.649e+09	0.3564	3.391
7.677e+09	0.3557	3.383
7.704e+09	0.3549	3.378
7.731e+09	0.3543	3.373
7.759e+09	0.3533	3.367
7.786e+09	0.3525	3.361
7.813e+09	0.3517	3.355
7.841e+09	0.3538	3.363
7.868e+09	0.3533	3.359
7.896e+09	0.3523	3.352
7.923e+09	0.3517	3.345
7.951e+09	0.351	3.341
7.979e+09	0.3502	3.334
8.006e+09	0.3494	3.327
8.034e+09	0.3488	3.321
8.062e+09	0.348	3.315
8.09e+09	0.3473	3.309
8.118e+09	0.3465	3.303
8.146e+09	0.3461	3.298
8.174e+09	0.3477	3.307
8.202e+09	0.3469	3.301
8.23e+09	0.3464	3.296
8.258e+09	0.3454	3.29
8.286e+09	0.3447	3.285
8.314e+09	0.3442	3.28
8.343e+09	0.3441	3.283
8.371e+09	0.3432	3.277
8.399e+09	0.3426	3.269
8.428e+09	0.3422	3.265
8.456e+09	0.3419	3.26
8.485e+09	0.3414	3.258
8.514e+09	0.3406	3.252
8.543e+09	0.3395	3.245
8.572e+09	0.3389	3.241
8.6e+09	0.338	3.235
8.629e+09	0.3372	3.23
8.658e+09	0.3368	3.224
8.687e+09	0.3359	3.218
8.716e+09	0.3352	3.212
8.745e+09	0.3343	3.207
8.774e+09	0.3337	3.202
8.803e+09	0.3329	3.196
8.831e+09	0.3322	3.19
8.86e+09	0.3316	3.185
8.889e+09	0.3309	3.18
8.917e+09	0.3304	3.174
8.947e+09	0.3294	3.168
8.975e+09	0.3291	3.164
9.005e+09	0.3285	3.16
9.033e+09	0.3508	3.256
9.062e+09	0.3502	3.251
9.09e+09	0.3495	3.247
9.119e+09	0.3491	3.242
9.148e+09	0.3488	3.238
9.177e+09	0.3481	3.232
9.206e+09	0.3472	3.226
9.235e+09	0.3462	3.22
9.264e+09	0.3458	3.217
9.292e+09	0.3453	3.212
9.321e+09	0.3448	3.208
9.35e+09	0.344	3.204
9.379e+09	0.3435	3.198
9.409e+09	0.3428	3.193
9.438e+09	0.3423	3.188
9.467e+09	0.3419	3.184
9.495e+09	0.3414	3.179
9.524e+09	0.3411	3.175
9.554e+09	0.3409	3.173
9.582e+09	0.3402	3.168
9.61e+09	0.3417	3.179
9.639e+09	0.3412	3.172
9.667e+09	0.3406	3.167
9.696e+09	0.34	3.162
9.724e+09	0.3395	3.158
9.753e+09	0.339	3.154
9.783e+09	0.3384	3.148
9.811e+09	0.3377	3.143
9.84e+09	0.3371	3.138
9.869e+09	0.3364	3.133
9.898e+09	0.3358	3.127
9.927e+09	0.3352	3.122
9.956e+09	0.3346	3.117
9.985e+09	0.3341	3.112
1.001e+10	0.3334	3.106
1.004e+10	0.3337	3.104
1.007e+10	0.3333	3.1
1.01e+10	0.3327	3.096
1.013e+10	0.3324	3.091
1.016e+10	0.3316	3.086
1.019e+10	0.3312	3.082
1.022e+10	0.3309	3.077
1.024e+10	0.3303	3.072
1.027e+10	0.3297	3.067
1.03e+10	0.329	3.062
1.033e+10	0.3282	3.056
1.036e+10	0.3276	3.052
1.039e+10	0.327	3.048
1.042e+10	0.3262	3.043
1.044e+10	0.3256	3.037
1.047e+10	0.325	3.033
1.05e+10	0.3246	3.03
1.053e+10	0.3242	3.027
1.056e+10	0.3235	3.022
1.059e+10	0.3233	3.018
1.062e+10	0.3229	3.015
1.065e+10	0.3225	3.011
1.068e+10	0.3218	3.006
1.071e+10	0.3213	3.001
1.073e+10	0.3208	2.996
1.076e+10	0.3206	2.993
1.079e+10	0.3202	2.989
1.082e+10	0.3196	2.985
1.085e+10	0.3191	2.982
1.088e+10	0.3188	2.979
1.091e+10	0.3184	2.975
1.094e+10	0.3178	2.971
1.097e+10	0.3174	2.967
1.099e+10	0.317	2.963
1.102e+10	0.3163	2.958
1.105e+10	0.3158	2.953
1.108e+10	0.315	2.948
1.111e+10	0.3145	2.943
1.114e+10	0.3155	2.97
1.116e+10	0.3148	2.965
1.119e+10	0.3145	2.961
1.122e+10	0.314	2.957
1.125e+10	0.3136	2.954
1.128e+10	0.313	2.949
1.131e+10	0.3125	2.944
1.134e+10	0.312	2.943
1.137e+10	0.3116	2.941
1.139e+10	0.3113	2.937
1.142e+10	0.3112	2.935
1.145e+10	0.3107	2.932
1.148e+10	0.3099	2.926
1.151e+10	0.3095	2.922
1.154e+10	0.309	2.918
1.157e+10	0.3089	2.918
1.16e+10	0.3083	2.913
1.163e+10	0.3079	2.911
1.166e+10	0.3074	2.907
1.169e+10	0.3068	2.903
1.171e+10	0.3064	2.899
1.174e+10	0.3062	2.898
1.177e+10	0.3057	2.894
1.18e+10	0.3055	2.89
1.183e+10	0.3051	2.887
1.185e+10	0.3048	2.885
1.187e+10	0.3046	2.883
1.189e+10	0.3047	2.882
1.191e+10	0.3043	2.88
1.193e+10	0.3051	2.881
1.195e+10	0.3046	2.878
1.196e+10	0.3043	2.876
1.198e+10	0.304	2.873
1.2e+10	0.3037	2.871
1.202e+10	0.3037	2.87
1.204e+10	0.3035	2.867
1.206e+10	0.3034	2.866
1.208e+10	0.3033	2.865
1.21e+10	0.3029	2.862
1.212e+10	0.3026	2.86
1.214e+10	0.3022	2.857
1.216e+10	0.3018	2.854
1.217e+10	0.3014	2.852
1.219e+10	0.3012	2.849
1.221e+10	0.3011	2.848
1.223e+10	0.3007	2.845
1.225e+10	0.3003	2.842
1.227e+10	0.2999	2.839
1.229e+10	0.2997	2.837
1.231e+10	0.2993	2.833
1.233e+10	0.2989	2.83
1.235e+10	0.2986	2.828
1.237e+10	0.2982	2.825
1.239e+10	0.2981	2.824
1.241e+10	0.2977	2.823
1.243e+10	0.2973	2.82
1.245e+10	0.2971	2.818
1.247e+10	0.2969	2.816
1.249e+10	0.2965	2.814
1.251e+10	0.2961	2.811
1.253e+10	0.2958	2.809
1.255e+10	0.2957	2.807
1.257e+10	0.2954	2.804
1.259e+10	0.2949	2.801
1.261e+10	0.2947	2.799
1.263e+10	0.2946	2.798
1.265e+10	0.294	2.794
1.267e+10	0.294	2.795
1.269e+10	0.2937	2.792
1.271e+10	0.2932	2.788
1.273e+10	0.2929	2.786
1.275e+10	0.2926	2.784
1.277e+10	0.2922	2.781
1.279e+10	0.2921	2.779
1.281e+10	0.2917	2.777
1.283e+10	0.2913	2.774
1.285e+10	0.291	2.772
1.286e+10	0.2909	2.77
1.288e+10	0.2908	2.768
1.29e+10	0.2904	2.766
1.292e+10	0.2902	2.764
1.294e+10	0.29	2.762
1.296e+10	0.2898	2.76
1.298e+10	0.2895	2.758
1.299e+10	0.2911	2.771
1.301e+10	0.2908	2.768
1.303e+10	0.2906	2.765
1.305e+10	0.2903	2.763
1.307e+10	0.29	2.761
1.309e+10	0.2897	2.759
1.31e+10	0.2896	2.758
1.312e+10	0.2897	2.757
1.314e+10	0.2894	2.755
1.316e+10	0.2891	2.753
1.318e+10	0.2888	2.751
1.32e+10	0.2884	2.749
1.322e+10	0.2884	2.748
1.323e+10	0.2882	2.746
1.325e+10	0.2879	2.744
1.327e+10	0.2878	2.742
1.329e+10	0.2874	2.739
1.331e+10	0.2871	2.737
1.333e+10	0.2868	2.735
1.335e+10	0.2865	2.733
1.336e+10	0.2863	2.73
1.338e+10	0.2861	2.727
1.34e+10	0.2859	2.726
1.342e+10	0.2856	2.723
1.344e+10	0.2854	2.721
1.346e+10	0.2851	2.718
1.348e+10	0.2848	2.716
1.349e+10	0.2847	2.716
1.351e+10	0.2843	2.713
1.353e+10	0.2842	2.712
1.355e+10	0.284	2.711
1.357e+10	0.2837	2.709
1.359e+10	0.2834	2.706
1.361e+10	0.2832	2.703
1.363e+10	0.2829	2.701
1.365e+10	0.2826	2.698
1.367e+10	0.2824	2.696
1.369e+10	0.2825	2.695
1.371e+10	0.2822	2.693
1.373e+10	0.282	2.691
1.375e+10	0.2816	2.688
1.377e+10	0.2815	2.687
1.379e+10	0.2813	2.685
1.381e+10	0.2811	2.683
1.383e+10	0.2809	2.681
1.385e+10	0.2805	2.678
1.387e+10	0.2803	2.676
1.389e+10	0.28	2.674
1.391e+10	0.2797	2.672
1.393e+10	0.2796	2.67
1.395e+10	0.2794	2.668
1.397e+10	0.2793	2.666
1.399e+10	0.2793	2.668
1.401e+10	0.279	2.665
1.403e+10	0.2787	2.662
1.405e+10	0.2784	2.66
1.407e+10	0.2783	2.663
1.409e+10	0.2781	2.661
1.411e+10	0.2777	2.659
1.413e+10	0.2774	2.657
1.415e+10	0.2772	2.655
1.417e+10	0.277	2.653
1.419e+10	0.2766	2.65
1.421e+10	0.2765	2.648
1.423e+10	0.2762	2.646
1.425e+10	0.2761	2.645
1.427e+10	0.2759	2.643
1.429e+10	0.2755	2.64
1.431e+10	0.2752	2.638
1.433e+10	0.2749	2.636
1.436e+10	0.2745	2.633
1.438e+10	0.2742	2.629
1.441e+10	0.2736	2.626
1.444e+10	0.2733	2.623
1.447e+10	0.2728	2.62
1.45e+10	0.2724	2.617
1.452e+10	0.2719	2.614
1.454e+10	0.2717	2.612
1.456e+10	0.2713	2.61
1.459e+10	0.2711	2.607
1.461e+10	0.2708	2.605
1.463e+10	0.2708	2.604
1.465e+10	0.2706	2.602
1.467e+10	0.2703	2.6
1.469e+10	0.27	2.597
1.471e+10	0.2699	2.595
1.473e+10	0.2696	2.593
1.476e+10	0.2694	2.591
1.478e+10	0.2691	2.589
1.48e+10	0.2688	2.586
1.482e+10	0.2685	2.584
1.484e+10	0.2685	2.583
1.487e+10	0.2682	2.581
1.489e+10	0.2678	2.578
1.491e+10	0.2691	2.588
1.493e+10	0.2687	2.585
1.495e+10	0.2685	2.583
1.497e+10	0.2681	2.58
1.499e+10	0.2679	2.578
1.501e+10	0.2676	2.576
1.504e+10	0.2673	2.573
1.506e+10	0.2671	2.572
1.508e+10	0.2669	2.57
1.51e+10	0.2667	2.568
1.512e+10	0.2664	2.566
1.514e+10	0.2662	2.564
1.516e+10	0.266	2.562
1.518e+10	0.2657	2.56
1.52e+10	0.2654	2.557
1.523e+10	0.2652	2.555
1.525e+10	0.2651	2.553
1.527e+10	0.2648	2.552
1.529e+10	0.2644	2.549
1.531e+10	0.2644	2.549
1.533e+10	0.2642	2.546
1.536e+10	0.2639	2.544
1.538e+10	0.2637	2.543
1.54e+10	0.2634	2.54
1.542e+10	0.2631	2.538
1.544e+10	0.2631	2.537
1.546e+10	0.2629	2.535
1.548e+10	0.2629	2.534
1.551e+10	0.2626	2.532
1.553e+10	0.2624	2.53
1.555e+10	0.2621	2.528
1.557e+10	0.2619	2.525
1.559e+10	0.2616	2.523
1.561e+10	0.2614	2.521
1.563e+10	0.2614	2.52
1.565e+10	0.2609	2.517
1.568e+10	0.2606	2.515
1.57e+10	0.2605	2.514
1.572e+10	0.2602	2.512
1.574e+10	0.26	2.51
1.576e+10	0.2598	2.508
1.578e+10	0.2595	2.505
1.58e+10	0.2608	2.511
1.582e+10	0.2607	2.509
1.584e+10	0.2605	2.51
1.586e+10	0.2604	2.508
1.588e+10	0.2602	2.507
1.59e+10	0.26	2.505
1.592e+10	0.2598	2.504
1.594e+10	0.2596	2.501
1.596e+10	0.2593	2.499
1.598e+10	0.259	2.497
1.599e+10	0.2589	2.496
1.601e+10	0.2587	2.494
1.603e+10	0.2586	2.492
1.605e+10	0.2584	2.491
1.607e+10	0.2582	2.489
1.609e+10	0.2581	2.488
1.611e+10	0.2579	2.486
1.613e+10	0.2577	2.484
1.615e+10	0.2576	2.483
1.617e+10	0.2576	2.483
1.619e+10	0.2576	2.483
1.621e+10	0.2576	2.483
1.624e+10	0.2576	2.483
1.626e+10	0.2576	2.483
1.628e+10	0.2576	2.483
1.63e+10	0.2576	2.483
1.632e+10	0.2576	2.483
1.635e+10	0.2576	2.483
1.637e+10	0.2576	2.483
1.639e+10	0.2576	2.483
1.641e+10	0.2576	2.483
1.644e+10	0.2576	2.483
1.646e+10	0.2576	2.483
1.648e+10	0.2576	2.483
1.65e+10	0.2576	2.483
1.652e+10	0.2576	2.483
1.655e+10	0.2576	2.483
1.657e+10	0.2576	2.483
1.659e+10	0.2576	2.483
1.661e+10	0.2576	2.483
1.663e+10	0.2576	2.483
1.666e+10	0.2576	2.483
1.668e+10	0.2576	2.483
1.67e+10	0.2576	2.483
1.672e+10	0.2576	2.483
1.674e+10	0.2576	2.483
1.677e+10	0.2576	2.483
1.679e+10	0.2576	2.483
1.681e+10	0.2576	2.483
1.683e+10	0.2576	2.483
1.685e+10	0.2576	2.483
1.688e+10	0.2576	2.483
1.69e+10	0.2573	2.481
1.692e+10	0.2571	2.479
1.694e+10	0.2569	2.477
1.696e+10	0.2583	2.481
1.698e+10	0.2581	2.48
1.7e+10	0.258	2.478
1.702e+10	0.2577	2.476
1.704e+10	0.2576	2.475
1.706e+10	0.2575	2.474
1.708e+10	0.2573	2.472
1.709e+10	0.2572	2.471
1.712e+10	0.2569	2.47
1.714e+10	0.2568	2.468
1.716e+10	0.2566	2.466
1.717e+10	0.2563	2.464
1.719e+10	0.2561	2.463
1.721e+10	0.256	2.461
1.723e+10	0.2556	2.459
1.725e+10	0.2555	2.458
1.727e+10	0.2552	2.456
1.729e+10	0.2552	2.454
1.731e+10	0.2549	2.453
1.733e+10	0.2547	2.45
1.735e+10	0.2545	2.449
1.737e+10	0.2542	2.447
1.739e+10	0.254	2.446
1.741e+10	0.2539	2.444
1.743e+10	0.2538	2.442
1.745e+10	0.2538	2.441
1.747e+10	0.2537	2.44
1.749e+10	0.2534	2.437
1.751e+10	0.2532	2.436
1.753e+10	0.253	2.434
1.755e+10	0.2528	2.432
1.757e+10	0.2527	2.431
1.759e+10	0.2525	2.43
1.761e+10	0.2525	2.429
1.763e+10	0.2522	2.427
1.765e+10	0.2521	2.426
1.767e+10	0.2519	2.424
1.769e+10	0.2518	2.423
1.771e+10	0.2517	2.422
1.773e+10	0.2515	2.42
1.775e+10	0.2513	2.418
1.777e+10	0.251	2.416
1.779e+10	0.2509	2.414
1.781e+10	0.2506	2.412
1.782e+10	0.2503	2.41
1.784e+10	0.25	2.408
1.786e+10	0.2499	2.407
1.788e+10	0.2497	2.405
1.79e+10	0.2496	2.404
1.792e+10	0.2493	2.402
1.794e+10	0.2492	2.4
1.796e+10	0.249	2.399
1.798e+10	0.2488	2.397
1.8e+10	0.2486	2.396
1.801e+10	0.2484	2.394
1.803e+10	0.2483	2.392
1.805e+10	0.248	2.391
1.807e+10	0.2477	2.388
1.809e+10	0.2477	2.388
1.811e+10	0.2475	2.386
1.813e+10	0.2472	2.385
1.815e+10	0.247	2.383
1.817e+10	0.2469	2.382
1.819e+10	0.2467	2.381
1.82e+10	0.2467	2.38
1.822e+10	0.2465	2.378
1.824e+10	0.2463	2.376
1.826e+10	0.2462	2.375
1.828e+10	0.246	2.373
1.83e+10	0.2457	2.371
1.832e+10	0.2454	2.369
1.834e+10	0.2452	2.368
1.836e+10	0.2452	2.367
1.838e+10	0.2451	2.366
1.839e+10	0.2449	2.364
1.841e+10	0.2447	2.362
1.843e+10	0.2445	2.361
1.845e+10	0.2444	2.36
1.847e+10	0.2442	2.358
1.849e+10	0.244	2.357
1.851e+10	0.2438	2.355
1.853e+10	0.2435	2.353
1.855e+10	0.2434	2.352
1.857e+10	0.2433	2.35
1.859e+10	0.2433	2.349
1.86e+10	0.2432	2.348
1.862e+10	0.243	2.346
1.864e+10	0.2428	2.345
1.866e+10	0.2428	2.344
1.868e+10	0.2426	2.343
1.87e+10	0.2425	2.342
1.872e+10	0.2424	2.34
1.874e+10	0.2422	2.338
1.876e+10	0.2422	2.338
1.878e+10	0.2421	2.337
1.88e+10	0.2418	2.335
1.882e+10	0.2417	2.334
1.884e+10	0.2414	2.332
1.886e+10	0.2413	2.331
1.888e+10	0.2411	2.329
1.889e+10	0.241	2.329
1.892e+10	0.2409	2.328
1.893e+10	0.2407	2.326
1.895e+10	0.2406	2.325
1.897e+10	0.2404	2.324
1.899e+10	0.2404	2.323
1.901e+10	0.2403	2.322
1.903e+10	0.2402	2.321
1.905e+10	0.2399	2.319
1.907e+10	0.2398	2.318
1.909e+10	0.2396	2.316
1.911e+10	0.2394	2.315
1.913e+10	0.2392	2.314
1.915e+10	0.2391	2.312
1.917e+10	0.2389	2.311
1.919e+10	0.239	2.311
1.921e+10	0.239	2.31
1.922e+10	0.239	2.309
1.924e+10	0.2388	2.308
1.926e+10	0.2386	2.306
1.928e+10	0.2386	2.305
1.93e+10	0.2386	2.304
1.932e+10	0.2386	2.303
1.934e+10	0.2384	2.302
1.936e+10	0.2382	2.3
1.938e+10	0.238	2.298
1.94e+10	0.2377	2.297
1.942e+10	0.2377	2.296
1.944e+10	0.2375	2.294
1.946e+10	0.2374	2.293
1.948e+10	0.2371	2.291
1.95e+10	0.2369	2.289
1.952e+10	0.2367	2.288
1.954e+10	0.2365	2.286
1.956e+10	0.2363	2.285
1.958e+10	0.236	2.284
1.96e+10	0.2359	2.282
1.961e+10	0.2356	2.28
1.963e+10	0.2356	2.28
1.965e+10	0.2355	2.279
1.967e+10	0.2353	2.277
1.969e+10	0.235	2.276
1.971e+10	0.2349	2.274
1.973e+10	0.2347	2.272
1.975e+10	0.2346	2.273
1.977e+10	0.2346	2.272
1.979e+10	0.2344	2.271
1.981e+10	0.2343	2.269
1.983e+10	0.2341	2.268
1.985e+10	0.2339	2.266
1.987e+10	0.2337	2.265
1.989e+10	0.2336	2.265
1.991e+10	0.2334	2.263
1.993e+10	0.2333	2.262
1.995e+10	0.2331	2.26
1.997e+10	0.2331	2.26
1.999e+10	0.2329	2.258
2.001e+10	0.2327	2.256
2.003e+10	0.2325	2.255
2.005e+10	0.2323	2.253
2.007e+10	0.2322	2.252
2.009e+10	0.2319	2.25
2.011e+10	0.2317	2.249
2.013e+10	0.2314	2.247
2.015e+10	0.2313	2.246
2.017e+10	0.231	2.244
2.019e+10	0.2308	2.242
2.021e+10	0.2308	2.241
2.023e+10	0.2307	2.24
2.025e+10	0.2305	2.239
2.027e+10	0.2304	2.237
2.029e+10	0.2302	2.236
2.031e+10	0.23	2.234
2.033e+10	0.2298	2.233
2.035e+10	0.2297	2.236
2.037e+10	0.2295	2.234
2.039e+10	0.2292	2.232
2.041e+10	0.2291	2.231
2.043e+10	0.2288	2.229
2.045e+10	0.2287	2.228
2.047e+10	0.2285	2.226
2.049e+10	0.2283	2.225
2.051e+10	0.2283	2.224
2.053e+10	0.2282	2.224
2.055e+10	0.2282	2.222
2.057e+10	0.2281	2.221
2.059e+10	0.2279	2.22
2.061e+10	0.2277	2.218
2.063e+10	0.2274	2.216
2.065e+10	0.2273	2.215
2.068e+10	0.2271	2.214
2.07e+10	0.2269	2.212
2.072e+10	0.2268	2.211
2.074e+10	0.2266	2.21
2.076e+10	0.2265	2.208
2.079e+10	0.2263	2.207
2.081e+10	0.2261	2.205
2.083e+10	0.2259	2.203
2.085e+10	0.2256	2.202
2.087e+10	0.2254	2.2
2.089e+10	0.2251	2.198
2.092e+10	0.2249	2.197
2.094e+10	0.2249	2.196
2.096e+10	0.2247	2.195
2.098e+10	0.2245	2.193
2.1e+10	0.2244	2.192
2.102e+10	0.2242	2.19
2.105e+10	0.224	2.189
2.107e+10	0.2237	2.187
2.109e+10	0.2236	2.186
2.111e+10	0.2235	2.185
2.113e+10	0.2234	2.183
2.115e+10	0.2233	2.182
2.117e+10	0.2231	2.181
2.119e+10	0.2229	2.179
2.122e+10	0.2226	2.177
2.124e+10	0.2232	2.178
2.126e+10	0.2231	2.177
2.128e+10	0.2229	2.175
2.13e+10	0.2228	2.174
2.132e+10	0.2227	2.173
2.135e+10	0.2225	2.172
2.137e+10	0.2223	2.17
2.139e+10	0.2221	2.169
2.141e+10	0.222	2.167
2.143e+10	0.2218	2.166
2.145e+10	0.2216	2.165
2.147e+10	0.2216	2.165
2.15e+10	0.2214	2.163
2.152e+10	0.2212	2.162
2.154e+10	0.2211	2.16
2.156e+10	0.2208	2.159
2.158e+10	0.2206	2.157
2.16e+10	0.2204	2.156
2.162e+10	0.2203	2.155
2.165e+10	0.2201	2.153
2.167e+10	0.2199	2.152
2.169e+10	0.2198	2.152
2.171e+10	0.2197	2.151
2.173e+10	0.2194	2.15
2.175e+10	0.2193	2.148
2.177e+10	0.2192	2.147
2.18e+10	0.219	2.146
2.182e+10	0.2187	2.144
2.184e+10	0.2186	2.143
2.186e+10	0.2184	2.141
2.188e+10	0.2183	2.14
2.191e+10	0.2181	2.139
2.193e+10	0.2179	2.138
2.195e+10	0.2178	2.137
2.197e+10	0.2176	2.135
2.199e+10	0.2173	2.134
2.201e+10	0.2173	2.132
2.204e+10	0.2173	2.132
2.206e+10	0.2171	2.131
2.208e+10	0.2171	2.13
2.21e+10	0.2169	2.128
2.212e+10	0.2168	2.126
2.214e+10	0.2167	2.125
2.216e+10	0.2166	2.124
2.219e+10	0.2165	2.123
2.221e+10	0.2163	2.122
2.223e+10	0.2161	2.12
2.225e+10	0.2159	2.119
2.227e+10	0.2157	2.118
2.229e+10	0.2156	2.117
2.231e+10	0.2155	2.115
2.233e+10	0.2153	2.114
2.235e+10	0.2152	2.113
2.238e+10	0.215	2.112
2.24e+10	0.2151	2.111
2.242e+10	0.2149	2.11
2.244e+10	0.2148	2.108
2.246e+10	0.2146	2.107
2.249e+10	0.2145	2.106
2.251e+10	0.2143	2.104
2.253e+10	0.2141	2.102
2.255e+10	0.214	2.101
2.257e+10	0.2139	2.099
2.259e+10	0.2137	2.098
2.262e+10	0.2135	2.097
2.264e+10	0.2133	2.095
2.266e+10	0.2131	2.094
2.268e+10	0.2129	2.092
2.27e+10	0.2129	2.091
2.272e+10	0.2126	2.089
2.274e+10	0.2124	2.088
2.277e+10	0.2123	2.087
2.279e+10	0.2121	2.085
2.281e+10	0.212	2.084
2.283e+10	0.2118	2.083
2.285e+10	0.2117	2.081
2.287e+10	0.2118	2.081
2.289e+10	0.2116	2.079
2.291e+10	0.2115	2.078
2.293e+10	0.2112	2.077
2.296e+10	0.2111	2.075
2.298e+10	0.2109	2.073
2.3e+10	0.2109	2.072
2.302e+10	0.2108	2.071
2.304e+10	0.2106	2.07
2.306e+10	0.2104	2.068
2.308e+10	0.2103	2.067
2.31e+10	0.2101	2.066
2.313e+10	0.2098	2.064
2.315e+10	0.2096	2.063
2.317e+10	0.2094	2.061
2.319e+10	0.2092	2.06
2.321e+10	0.2091	2.058
2.324e+10	0.2089	2.057
2.326e+10	0.2088	2.056
2.328e+10	0.21	2.064
2.33e+10	0.2097	2.062
2.332e+10	0.2098	2.064
2.334e+10	0.2098	2.063
2.336e+10	0.2095	2.061
2.339e+10	0.2094	2.06
2.341e+10	0.2093	2.059
2.343e+10	0.209	2.058
2.345e+10	0.2103	2.066
2.347e+10	0.2101	2.065
2.35e+10	0.2099	2.064
2.352e+10	0.2097	2.062
2.354e+10	0.2096	2.061
2.356e+10	0.2096	2.061
2.358e+10	0.2095	2.061
2.36e+10	0.2096	2.06
2.362e+10	0.2094	2.059
2.365e+10	0.2093	2.057
2.367e+10	0.2091	2.056
2.369e+10	0.2089	2.055
2.371e+10	0.2088	2.054
2.373e+10	0.2086	2.052
2.375e+10	0.2094	2.075
2.378e+10	0.2092	2.073
2.38e+10	0.2097	2.075
2.382e+10	0.2096	2.073
2.384e+10	0.2098	2.075
2.386e+10	0.2097	2.074
2.388e+10	0.2095	2.073
2.391e+10	0.2093	2.071
2.393e+10	0.2092	2.07
2.395e+10	0.209	2.069
2.397e+10	0.2089	2.067
2.399e+10	0.2088	2.067
2.401e+10	0.2086	2.065
2.404e+10	0.2085	2.064
2.406e+10	0.2086	2.064
2.408e+10	0.2085	2.063
2.41e+10	0.2083	2.062
2.412e+10	0.2082	2.061
2.414e+10	0.208	2.059
2.417e+10	0.2079	2.058
2.419e+10	0.2091	2.067
2.421e+10	0.2103	2.077
2.423e+10	0.2101	2.075
2.425e+10	0.2099	2.074
2.427e+10	0.2099	2.074
2.43e+10	0.2097	2.072
2.432e+10	0.2095	2.071
2.434e+10	0.2096	2.072
2.436e+10	0.2094	2.07
2.438e+10	0.2093	2.069
2.441e+10	0.2092	2.067
2.443e+10	0.2092	2.067
2.445e+10	0.209	2.065
2.447e+10	0.209	2.065
2.449e+10	0.2089	2.063
2.451e+10	0.2088	2.062
2.454e+10	0.2089	2.062
2.456e+10	0.2088	2.061
2.458e+10	0.2087	2.06
2.46e+10	0.2085	2.059
2.463e+10	0.2085	2.059
2.465e+10	0.2084	2.059
2.467e+10	0.2083	2.058
2.469e+10	0.2081	2.056
2.471e+10	0.208	2.055
2.474e+10	0.2077	2.053
2.476e+10	0.2077	2.052
2.478e+10	0.2077	2.051
2.48e+10	0.2075	2.05
2.482e+10	0.2075	2.049
2.484e+10	0.2073	2.048
2.487e+10	0.2074	2.05
2.489e+10	0.2073	2.049
2.491e+10	0.2072	2.048
2.493e+10	0.2072	2.047
2.495e+10	0.2071	2.047
2.498e+10	0.207	2.046
2.5e+10	0.2069	2.045
2.502e+10	0.2067	2.044
2.504e+10	0.2066	2.043
2.506e+10	0.2065	2.042
2.509e+10	0.2063	2.04
2.511e+10	0.2062	2.039
2.513e+10	0.206	2.038
2.515e+10	0.2062	2.038
2.517e+10	0.2061	2.037
2.519e+10	0.2059	2.036
2.521e+10	0.2057	2.035
2.523e+10	0.2056	2.034
2.525e+10	0.2056	2.033
2.528e+10	0.2055	2.032
2.53e+10	0.2054	2.031
2.532e+10	0.2053	2.03
2.534e+10	0.2052	2.029
2.536e+10	0.205	2.028
2.539e+10	0.205	2.027
2.541e+10	0.2048	2.025
2.543e+10	0.2046	2.024
2.545e+10	0.2045	2.023
2.547e+10	0.2043	2.021
2.549e+10	0.2042	2.02
2.551e+10	0.2041	2.019
2.553e+10	0.204	2.018
2.555e+10	0.204	2.017
2.557e+10	0.2038	2.016
2.56e+10	0.2036	2.014
2.562e+10	0.2034	2.013
2.564e+10	0.2033	2.012
2.566e+10	0.2032	2.01
2.568e+10	0.2031	2.01
2.57e+10	0.2029	2.009
2.573e+10	0.203	2.008
2.575e+10	0.2028	2.007
2.577e+10	0.2027	2.006
2.579e+10	0.2026	2.005
2.581e+10	0.2025	2.004
2.583e+10	0.2023	2.003
2.586e+10	0.2022	2.002
2.588e+10	0.2021	2.001
2.59e+10	0.2019	1.999
2.592e+10	0.2017	1.998
2.594e+10	0.2015	1.997
2.596e+10	0.2014	1.996
2.598e+10	0.2012	1.994
2.6e+10	0.2011	1.993
2.602e+10	0.2009	1.992
2.604e+10	0.2008	1.991
2.607e+10	0.2008	1.99
2.609e+10	0.2007	1.989
2.611e+10	0.2005	1.988
2.613e+10	0.2004	1.987
2.615e+10	0.2002	1.986
2.617e+10	0.2	1.984
2.619e+10	0.1999	1.983
2.622e+10	0.2005	1.985
2.624e+10	0.2004	1.984
2.626e+10	0.2002	1.983
2.628e+10	0.2001	1.982
2.63e+10	0.1999	1.981
2.632e+10	0.1997	1.979
2.635e+10	0.1996	1.978
2.637e+10	0.1996	1.978
2.639e+10	0.1995	1.977
2.641e+10	0.1994	1.976
2.643e+10	0.1993	1.975
2.645e+10	0.1993	1.974
2.647e+10	0.1991	1.973
2.649e+10	0.199	1.972
2.652e+10	0.1989	1.971
2.654e+10	0.1988	1.97
2.656e+10	0.1986	1.968
2.658e+10	0.1986	1.967
2.66e+10	0.1984	1.966
2.662e+10	0.1982	1.965
2.664e+10	0.198	1.964
2.666e+10	0.198	1.963
2.669e+10	0.1979	1.962
2.671e+10	0.1977	1.96
2.673e+10	0.1977	1.959
2.675e+10	0.1975	1.958
2.677e+10	0.1973	1.957
2.679e+10	0.1972	1.955
2.681e+10	0.197	1.954
2.684e+10	0.1969	1.953
2.686e+10	0.1967	1.952
2.688e+10	0.1965	1.951
2.69e+10	0.1964	1.95
2.692e+10	0.1964	1.95
2.695e+10	0.1963	1.948
2.697e+10	0.1963	1.948
2.699e+10	0.1962	1.947
2.701e+10	0.1961	1.946
2.703e+10	0.1959	1.944
2.705e+10	0.1958	1.945
2.707e+10	0.1957	1.944
2.71e+10	0.1955	1.943
2.712e+10	0.1953	1.942
2.714e+10	0.1952	1.941
2.716e+10	0.195	1.94
2.718e+10	0.1949	1.938
2.72e+10	0.1949	1.938
2.722e+10	0.1949	1.937
2.725e+10	0.1947	1.936
2.727e+10	0.1956	1.94
2.729e+10	0.1956	1.939
2.731e+10	0.1955	1.938
2.733e+10	0.1954	1.937
2.735e+10	0.1953	1.935
2.737e+10	0.1952	1.934
2.74e+10	0.1952	1.934
2.742e+10	0.1951	1.933
2.744e+10	0.1951	1.932
2.746e+10	0.1949	1.931
2.748e+10	0.1948	1.929
2.75e+10	0.1947	1.928
2.753e+10	0.1945	1.927
2.755e+10	0.1944	1.926
2.757e+10	0.1943	1.925
2.759e+10	0.1942	1.924
2.761e+10	0.194	1.923
2.763e+10	0.1939	1.922
2.765e+10	0.1938	1.921
2.768e+10	0.1937	1.921
2.77e+10	0.1937	1.92
2.772e+10	0.1935	1.919
2.774e+10	0.1935	1.918
2.776e+10	0.1933	1.917
2.778e+10	0.1932	1.916
2.781e+10	0.193	1.914
2.783e+10	0.1929	1.913
2.785e+10	0.1933	1.914
2.787e+10	0.1931	1.913
2.789e+10	0.1929	1.912
2.791e+10	0.1928	1.911
2.794e+10	0.1927	1.91
2.796e+10	0.1927	1.91
2.798e+10	0.1926	1.909
2.8e+10	0.1925	1.908
2.802e+10	0.1924	1.908
2.805e+10	0.1924	1.907
2.807e+10	0.1922	1.906
2.809e+10	0.1922	1.905
2.811e+10	0.192	1.904
2.813e+10	0.1919	1.903
2.815e+10	0.1916	1.902
2.817e+10	0.1915	1.901
2.82e+10	0.1914	1.9
2.822e+10	0.1913	1.899
2.824e+10	0.1912	1.898
2.826e+10	0.1911	1.897
2.828e+10	0.191	1.896
2.831e+10	0.1908	1.895
2.833e+10	0.1908	1.894
2.835e+10	0.1907	1.893
2.837e+10	0.1906	1.892
2.839e+10	0.1906	1.892
2.842e+10	0.1904	1.891
2.844e+10	0.1903	1.89
2.846e+10	0.1901	1.889
2.848e+10	0.19	1.887
2.85e+10	0.1899	1.887
2.852e+10	0.1898	1.885
2.855e+10	0.1896	1.884
2.857e+10	0.1895	1.883
2.859e+10	0.1894	1.882
2.861e+10	0.1893	1.882
2.863e+10	0.1893	1.885
2.865e+10	0.1892	1.883
2.868e+10	0.1901	1.889
2.87e+10	0.191	1.901
2.872e+10	0.1909	1.899
2.874e+10	0.1907	1.899
2.876e+10	0.1905	1.898
2.879e+10	0.1907	1.897
2.881e+10	0.1906	1.896
2.883e+10	0.1904	1.895
2.885e+10	0.1903	1.894
2.887e+10	0.1902	1.894
2.889e+10	0.1911	1.909
2.892e+10	0.1909	1.908
2.894e+10	0.1908	1.907
2.896e+10	0.1908	1.907
2.898e+10	0.1907	1.906
2.9e+10	0.1906	1.905
2.903e+10	0.1905	1.904
2.905e+10	0.1904	1.903
2.907e+10	0.1903	1.903
2.909e+10	0.1902	1.901
2.911e+10	0.1901	1.901
2.913e+10	0.19	1.9
2.916e+10	0.1898	1.899
2.918e+10	0.1897	1.898
2.92e+10	0.1905	1.904
2.922e+10	0.1905	1.904
2.924e+10	0.1905	1.903
2.926e+10	0.1904	1.902
2.929e+10	0.1903	1.901
2.931e+10	0.1902	1.9
2.933e+10	0.1901	1.899
2.935e+10	0.1899	1.898
2.938e+10	0.1898	1.897
2.94e+10	0.1908	1.908
2.942e+10	0.1907	1.908
2.944e+10	0.1907	1.907
2.946e+10	0.1906	1.906
2.948e+10	0.1906	1.906
2.95e+10	0.1905	1.905
2.953e+10	0.1904	1.904
2.955e+10	0.1902	1.903
2.957e+10	0.1901	1.902
2.959e+10	0.1901	1.901
2.961e+10	0.1899	1.9
2.963e+10	0.1897	1.899
2.965e+10	0.1896	1.898
2.968e+10	0.1895	1.897
2.97e+10	0.1893	1.896
2.972e+10	0.1892	1.895
2.974e+10	0.1899	1.94
2.976e+10	0.1898	1.939
2.978e+10	0.1897	1.938
2.981e+10	0.1896	1.937
2.983e+10	0.1895	1.936
2.985e+10	0.1893	1.935
2.987e+10	0.1892	1.934
2.989e+10	0.189	1.933
2.992e+10	0.1889	1.932
2.994e+10	0.1887	1.931
2.996e+10	0.1888	1.931
2.998e+10	0.1886	1.929
3e+10	0.1885	1.928
3.003e+10	0.1883	1.927
3.005e+10	0.1882	1.926
3.007e+10	0.188	1.925
3.009e+10	0.188	1.925
3.011e+10	0.1879	1.924
3.013e+10	0.1878	1.923
3.016e+10	0.1876	1.922
3.018e+10	0.1875	1.921
3.02e+10	0.1874	1.92
3.022e+10	0.1876	1.92
3.024e+10	0.1875	1.919
3.026e+10	0.1874	1.918
3.029e+10	0.1875	1.918
3.031e+10	0.1874	1.917
3.033e+10	0.1872	1.916
3.035e+10	0.187	1.915
3.037e+10	0.1869	1.914
3.04e+10	0.1868	1.913
3.042e+10	0.1867	1.912
3.044e+10	0.1866	1.911
3.046e+10	0.1865	1.91
3.048e+10	0.1864	1.91
3.05e+10	0.1864	1.909
3.053e+10	0.1864	1.909
3.055e+10	0.1863	1.908
3.057e+10	0.1862	1.907
3.059e+10	0.1862	1.907
3.061e+10	0.1861	1.906
3.063e+10	0.186	1.905
3.066e+10	0.1859	1.904
3.068e+10	0.1858	1.903
3.07e+10	0.1866	1.909
3.072e+10	0.1876	1.914
3.074e+10	0.1874	1.913
3.077e+10	0.1874	1.912
3.079e+10	0.1873	1.911
3.081e+10	0.1871	1.91
3.083e+10	0.187	1.909
3.085e+10	0.187	1.908
3.087e+10	0.1869	1.908
3.089e+10	0.1868	1.908
3.092e+10	0.1867	1.906
3.094e+10	0.1865	1.905
3.096e+10	0.1865	1.905
3.098e+10	0.1864	1.904
3.1e+10	0.1863	1.903
3.103e+10	0.1861	1.902
3.105e+10	0.1861	1.902
3.107e+10	0.186	1.901
3.109e+10	0.1858	1.9
3.111e+10	0.1858	1.899
3.114e+10	0.1857	1.898
3.116e+10	0.1857	1.898
3.118e+10	0.1856	1.897
3.12e+10	0.1854	1.896
3.122e+10	0.1854	1.895
3.124e+10	0.1853	1.894
3.126e+10	0.1851	1.893
3.129e+10	0.185	1.892
3.131e+10	0.1849	1.891
3.133e+10	0.1848	1.89
3.135e+10	0.1847	1.89
3.137e+10	0.1846	1.888
3.14e+10	0.1845	1.889
3.142e+10	0.1844	1.888
3.144e+10	0.1843	1.887
3.146e+10	0.1842	1.886
3.148e+10	0.1841	1.885
3.15e+10	0.1839	1.884
3.152e+10	0.1837	1.883
3.154e+10	0.1837	1.882
3.157e+10	0.1836	1.882
3.159e+10	0.1835	1.881
3.161e+10	0.1834	1.88
3.163e+10	0.1833	1.879
3.165e+10	0.1833	1.879
3.167e+10	0.1832	1.878
3.17e+10	0.1831	1.877
3.172e+10	0.183	1.876
3.174e+10	0.1829	1.875
3.176e+10	0.1828	1.875
3.179e+10	0.1827	1.874
3.181e+10	0.1826	1.873
3.183e+10	0.1825	1.872
3.185e+10	0.1828	1.873
3.187e+10	0.1828	1.872
3.189e+10	0.1826	1.871
3.191e+10	0.1825	1.87
3.194e+10	0.1824	1.87
3.196e+10	0.1823	1.869
3.198e+10	0.1823	1.868
3.2e+10	0.1823	1.867
3.202e+10	0.1822	1.867
3.205e+10	0.1821	1.866
3.207e+10	0.182	1.865
3.209e+10	0.182	1.865
3.211e+10	0.1819	1.864
3.213e+10	0.1819	1.863
3.215e+10	0.1818	1.862
3.218e+10	0.1817	1.861
3.22e+10	0.1816	1.861
3.222e+10	0.1815	1.86
3.224e+10	0.1814	1.859
3.226e+10	0.1812	1.858
3.229e+10	0.1812	1.857
3.231e+10	0.1811	1.856
3.233e+10	0.181	1.855
3.235e+10	0.1808	1.854
3.237e+10	0.1807	1.853
3.239e+10	0.1807	1.852
3.242e+10	0.1807	1.852
3.244e+10	0.1806	1.851
3.246e+10	0.1805	1.85
3.248e+10	0.1804	1.849
3.25e+10	0.1804	1.849
3.252e+10	0.1802	1.848
3.255e+10	0.1802	1.847
3.257e+10	0.1801	1.847
3.259e+10	0.18	1.846
3.261e+10	0.1799	1.845
3.263e+10	0.1799	1.844
3.265e+10	0.1889	1.928
3.268e+10	0.1887	1.927
3.27e+10	0.1886	1.926
3.272e+10	0.1885	1.925
3.274e+10	0.1884	1.924
3.276e+10	0.1885	1.924
3.278e+10	0.1884	1.923
3.281e+10	0.1883	1.922
3.283e+10	0.1882	1.921
3.285e+10	0.1881	1.92
3.287e+10	0.188	1.919
3.289e+10	0.1879	1.919
3.291e+10	0.1879	1.918
3.294e+10	0.1878	1.918
3.296e+10	0.1878	1.918
3.298e+10	0.1877	1.917
3.3e+10	0.1877	1.917
3.302e+10	0.1875	1.916
3.304e+10	0.1875	1.916
3.307e+10	0.1874	1.915
3.309e+10	0.1873	1.914
3.311e+10	0.1872	1.913
3.313e+10	0.187	1.912
3.315e+10	0.187	1.911
3.318e+10	0.1874	1.912
3.32e+10	0.1874	1.912
3.322e+10	0.1872	1.911
3.324e+10	0.1871	1.91
3.326e+10	0.187	1.909
3.329e+10	0.187	1.909
3.331e+10	0.1869	1.908
3.333e+10	0.1868	1.907
3.335e+10	0.1867	1.907
3.337e+10	0.1867	1.906
3.34e+10	0.1865	1.905
3.342e+10	0.1864	1.904
3.344e+10	0.1863	1.903
3.346e+10	0.1862	1.902
3.348e+10	0.1861	1.902
3.351e+10	0.186	1.901
3.353e+10	0.1859	1.899
3.355e+10	0.1858	1.899
3.357e+10	0.1857	1.898
3.359e+10	0.1855	1.897
3.362e+10	0.1855	1.896
3.364e+10	0.1854	1.895
3.366e+10	0.1852	1.894
3.368e+10	0.1851	1.893
3.37e+10	0.185	1.892
3.373e+10	0.1849	1.891
3.375e+10	0.1848	1.891
3.377e+10	0.1847	1.89
3.379e+10	0.1846	1.889
3.381e+10	0.1846	1.889
3.384e+10	0.1846	1.889
3.386e+10	0.1845	1.888
3.388e+10	0.1844	1.887
3.39e+10	0.1844	1.887
3.393e+10	0.1842	1.886
3.395e+10	0.1841	1.885
3.397e+10	0.184	1.884
3.399e+10	0.1839	1.883
3.401e+10	0.1839	1.883
3.403e+10	0.1838	1.882
3.406e+10	0.1846	1.889
3.408e+10	0.1845	1.889
3.41e+10	0.1845	1.888
3.412e+10	0.1844	1.887
3.414e+10	0.1843	1.886
3.417e+10	0.1841	1.885
3.419e+10	0.184	1.884
3.421e+10	0.1839	1.883
3.423e+10	0.1838	1.882
3.425e+10	0.1838	1.882
3.428e+10	0.1838	1.882
3.43e+10	0.1837	1.881
3.432e+10	0.1836	1.88
3.434e+10	0.1835	1.879
3.436e+10	0.1835	1.879
3.439e+10	0.1834	1.879
3.441e+10	0.1833	1.878
3.443e+10	0.1832	1.877
3.445e+10	0.1832	1.877
3.447e+10	0.1831	1.876
3.45e+10	0.1832	1.876
3.452e+10	0.183	1.875
3.454e+10	0.183	1.875
3.456e+10	0.1829	1.874
3.459e+10	0.1829	1.876
3.461e+10	0.1828	1.875
3.463e+10	0.1827	1.874
3.465e+10	0.1826	1.873
3.467e+10	0.1826	1.873
3.469e+10	0.1825	1.872
3.472e+10	0.1825	1.872
3.474e+10	0.1824	1.871
3.476e+10	0.1823	1.87
3.478e+10	0.1822	1.869
3.48e+10	0.1821	1.868
3.483e+10	0.182	1.868
3.485e+10	0.182	1.867
3.487e+10	0.182	1.867
3.489e+10	0.1819	1.866
3.492e+10	0.1818	1.865
3.494e+10	0.1817	1.864
3.496e+10	0.1825	1.871
3.498e+10	0.1823	1.87
3.5e+10	0.1822	1.869
3.503e+10	0.1822	1.869
3.505e+10	0.182	1.868
3.507e+10	0.182	1.868
3.509e+10	0.1819	1.867
3.512e+10	0.1818	1.866
3.514e+10	0.1818	1.865
3.516e+10	0.1816	1.864
3.518e+10	0.1815	1.863
3.521e+10	0.1815	1.863
3.523e+10	0.1814	1.862
3.525e+10	0.1814	1.862
3.527e+10	0.1814	1.861
3.529e+10	0.1813	1.86
3.531e+10	0.1812	1.86
3.534e+10	0.1812	1.86
3.536e+10	0.1811	1.859
3.538e+10	0.181	1.858
3.54e+10	0.181	1.857
3.542e+10	0.181	1.858
3.545e+10	0.1809	1.857
3.547e+10	0.1808	1.856
3.549e+10	0.1808	1.855
3.551e+10	0.1807	1.855
3.553e+10	0.1806	1.854
3.555e+10	0.1806	1.854
3.557e+10	0.1806	1.854
3.56e+10	0.1805	1.853
3.562e+10	0.1804	1.852
3.564e+10	0.1802	1.851
3.566e+10	0.1801	1.85
3.568e+10	0.1802	1.85
3.57e+10	0.1801	1.85
3.573e+10	0.1802	1.851
3.575e+10	0.1802	1.851
3.577e+10	0.1802	1.85
3.579e+10	0.1802	1.85
3.581e+10	0.1801	1.85
3.584e+10	0.18	1.849
3.586e+10	0.1801	1.849
3.588e+10	0.18	1.848
3.59e+10	0.1799	1.847
3.592e+10	0.1799	1.847
3.594e+10	0.1798	1.846
3.596e+10	0.1797	1.846
3.599e+10	0.1797	1.845
3.601e+10	0.1795	1.844
3.603e+10	0.1794	1.843
3.605e+10	0.1794	1.843
3.607e+10	0.1793	1.842
3.609e+10	0.1792	1.842
3.611e+10	0.1792	1.841
3.614e+10	0.1791	1.84
3.616e+10	0.1791	1.84
3.618e+10	0.179	1.839
3.62e+10	0.1789	1.838
3.622e+10	0.1787	1.837
3.624e+10	0.1787	1.836
3.627e+10	0.1786	1.836
3.629e+10	0.1786	1.835
3.631e+10	0.1785	1.835
3.633e+10	0.1785	1.834
3.635e+10	0.1785	1.834
3.638e+10	0.1784	1.833
3.64e+10	0.1782	1.832
3.642e+10	0.1781	1.831
3.644e+10	0.178	1.831
3.646e+10	0.178	1.831
3.648e+10	0.1779	1.83
3.65e+10	0.1778	1.829
3.653e+10	0.1778	1.829
3.655e+10	0.1777	1.828
3.657e+10	0.1776	1.827
3.659e+10	0.1775	1.827
3.661e+10	0.1775	1.827
3.663e+10	0.1775	1.826
3.665e+10	0.1775	1.827
3.668e+10	0.1775	1.827
3.67e+10	0.1775	1.826
3.672e+10	0.1775	1.825
3.674e+10	0.1774	1.825
3.677e+10	0.1773	1.824
3.679e+10	0.1772	1.823
3.681e+10	0.1771	1.823
3.683e+10	0.1771	1.822
3.685e+10	0.1772	1.823
3.687e+10	0.1772	1.823
3.689e+10	0.1773	1.823
3.691e+10	0.1772	1.822
3.694e+10	0.1772	1.822
3.696e+10	0.1771	1.821
3.698e+10	0.1771	1.82
3.7e+10	0.177	1.82
3.702e+10	0.177	1.819
3.704e+10	0.177	1.819
3.706e+10	0.1769	1.818
3.709e+10	0.1768	1.817
3.711e+10	0.1767	1.817
3.713e+10	0.1766	1.816
3.715e+10	0.1765	1.815
3.717e+10	0.1764	1.815
3.719e+10	0.1764	1.814
3.722e+10	0.1763	1.813
3.724e+10	0.1762	1.813
3.726e+10	0.1761	1.812
3.729e+10	0.1768	1.824
3.731e+10	0.1768	1.823
3.733e+10	0.1768	1.823
3.736e+10	0.1768	1.823
3.738e+10	0.1768	1.823
3.741e+10	0.1768	1.823
3.743e+10	0.1768	1.823
3.746e+10	0.1768	1.823
3.748e+10	0.1768	1.823
3.751e+10	0.1768	1.823
3.753e+10	0.1768	1.823
3.756e+10	0.1768	1.823
3.758e+10	0.1768	1.823
3.761e+10	0.1768	1.823
3.763e+10	0.1768	1.823
3.766e+10	0.1768	1.823
3.768e+10	0.1768	1.823
3.771e+10	0.1768	1.823
3.773e+10	0.1768	1.823
3.776e+10	0.1768	1.823
3.778e+10	0.1768	1.823
3.781e+10	0.1768	1.823
3.784e+10	0.1768	1.823
3.786e+10	0.1768	1.823
3.789e+10	0.1768	1.823
3.791e+10	0.1768	1.823
3.794e+10	0.1768	1.823
3.796e+10	0.1768	1.823
3.799e+10	0.1768	1.823
3.801e+10	0.1768	1.823
3.804e+10	0.1768	1.823
3.806e+10	0.1768	1.823
3.809e+10	0.1768	1.823
3.811e+10	0.1768	1.823
3.814e+10	0.1768	1.823
3.816e+10	0.1768	1.823
3.819e+10	0.1768	1.823
3.821e+10	0.1768	1.823
3.824e+10	0.1768	1.823
3.826e+10	0.1768	1.823
3.829e+10	0.1768	1.823
3.832e+10	0.1768	1.823
3.834e+10	0.1768	1.823
3.837e+10	0.1768	1.823
3.839e+10	0.1768	1.823
3.842e+10	0.1768	1.823
3.844e+10	0.1768	1.823
3.847e+10	0.1768	1.823
3.849e+10	0.1768	1.823
3.852e+10	0.1768	1.823
3.854e+10	0.1768	1.823
3.857e+10	0.1768	1.823
3.859e+10	0.1768	1.823
3.862e+10	0.1768	1.823
3.864e+10	0.1768	1.823
3.867e+10	0.1768	1.823
3.869e+10	0.1768	1.823
3.872e+10	0.1768	1.823
3.874e+10	0.1768	1.823
3.877e+10	0.1773	1.824
3.879e+10	0.1772	1.823
3.882e+10	0.1771	1.823
3.884e+10	0.1771	1.822
3.886e+10	0.177	1.821
3.889e+10	0.177	1.821
3.891e+10	0.1769	1.82
3.893e+10	0.1768	1.819
3.896e+10	0.1767	1.818
3.898e+10	0.1766	1.818
3.901e+10	0.1765	1.817
3.903e+10	0.1764	1.816
3.905e+10	0.1764	1.816
3.908e+10	0.1763	1.815
3.91e+10	0.1764	1.815
3.912e+10	0.1763	1.814
3.915e+10	0.1763	1.814
3.917e+10	0.1763	1.814
3.919e+10	0.1762	1.813
3.922e+10	0.1761	1.812
3.924e+10	0.176	1.811
3.926e+10	0.176	1.811
3.929e+10	0.1759	1.81
3.931e+10	0.1758	1.809
3.934e+10	0.1757	1.808
3.936e+10	0.1756	1.808
3.938e+10	0.1755	1.807
3.94e+10	0.1754	1.806
3.943e+10	0.1753	1.805
3.945e+10	0.1752	1.804
3.947e+10	0.1751	1.804
3.95e+10	0.175	1.803
3.952e+10	0.1749	1.802
3.955e+10	0.1748	1.801
3.957e+10	0.1747	1.8
3.959e+10	0.1746	1.799
3.962e+10	0.1745	1.799
3.964e+10	0.1744	1.798
3.966e+10	0.1743	1.797
3.969e+10	0.1743	1.796
3.971e+10	0.1742	1.795
3.973e+10	0.1741	1.795
3.976e+10	0.174	1.794
3.978e+10	0.1738	1.793
3.981e+10	0.1737	1.792
3.983e+10	0.1736	1.792
3.985e+10	0.1735	1.791
3.988e+10	0.1734	1.79
3.99e+10	0.1733	1.789
3.992e+10	0.1733	1.789
3.995e+10	0.1732	1.788
3.997e+10	0.1732	1.788
3.999e+10	0.1731	1.787
4.001e+10	0.173	1.786
4.004e+10	0.1729	1.785
4.006e+10	0.1729	1.784
4.008e+10	0.1728	1.784
4.011e+10	0.1727	1.783
4.013e+10	0.1726	1.782
4.015e+10	0.1725	1.781
4.018e+10	0.1724	1.78
4.02e+10	0.1723	1.78
4.022e+10	0.1723	1.779
4.025e+10	0.1722	1.779
4.027e+10	0.1722	1.779
4.029e+10	0.1721	1.778
4.032e+10	0.172	1.778
4.034e+10	0.1721	1.777
4.036e+10	0.172	1.777
4.039e+10	0.1719	1.776
4.041e+10	0.1718	1.775
4.044e+10	0.1717	1.775
4.046e+10	0.1716	1.774
4.048e+10	0.1717	1.773
4.051e+10	0.1716	1.773
4.053e+10	0.1716	1.773
4.055e+10	0.1715	1.772
4.058e+10	0.1714	1.771
4.06e+10	0.1713	1.771
4.062e+10	0.1713	1.77
4.065e+10	0.1713	1.769
4.067e+10	0.1712	1.769
4.069e+10	0.1711	1.768
4.071e+10	0.171	1.767
4.074e+10	0.1709	1.767
4.076e+10	0.1709	1.767
4.078e+10	0.1708	1.766
4.081e+10	0.1708	1.765
4.083e+10	0.1707	1.764
4.085e+10	0.1706	1.764
4.087e+10	0.1706	1.763
4.09e+10	0.1705	1.762
4.092e+10	0.1704	1.762
4.094e+10	0.1703	1.761
4.097e+10	0.1703	1.761
4.099e+10	0.1702	1.76
4.102e+10	0.1701	1.759
4.104e+10	0.17	1.758
4.106e+10	0.17	1.758
4.108e+10	0.1699	1.757
4.111e+10	0.1699	1.757
4.113e+10	0.1698	1.757
4.115e+10	0.1697	1.756
4.118e+10	0.1697	1.756
4.12e+10	0.1696	1.755
4.122e+10	0.1695	1.754
4.124e+10	0.1694	1.754
4.127e+10	0.1694	1.753
4.129e+10	0.1693	1.752
4.131e+10	0.1693	1.752
4.134e+10	0.1692	1.751
4.136e+10	0.1691	1.75
4.138e+10	0.169	1.75
4.14e+10	0.169	1.749
4.143e+10	0.169	1.749
4.145e+10	0.169	1.748
4.147e+10	0.169	1.747
4.149e+10	0.1689	1.747
4.152e+10	0.1688	1.746
4.154e+10	0.1687	1.745
4.156e+10	0.1687	1.745
4.159e+10	0.1687	1.745
4.161e+10	0.1687	1.745
4.164e+10	0.1687	1.745
4.166e+10	0.1687	1.745
4.169e+10	0.1687	1.745
4.171e+10	0.1687	1.745
4.174e+10	0.1687	1.745
4.177e+10	0.1687	1.745
4.179e+10	0.1687	1.745
4.182e+10	0.1687	1.745
4.185e+10	0.1687	1.745
4.187e+10	0.1687	1.745
4.19e+10	0.1687	1.744
4.192e+10	0.1686	1.744
4.195e+10	0.1686	1.744
4.197e+10	0.1685	1.743
4.199e+10	0.1684	1.742
4.202e+10	0.1683	1.741
4.204e+10	0.1683	1.74
4.206e+10	0.1682	1.74
4.209e+10	0.1681	1.739
4.211e+10	0.168	1.738
4.213e+10	0.168	1.738
4.216e+10	0.168	1.738
4.218e+10	0.1679	1.737
4.22e+10	0.1678	1.736
4.223e+10	0.1677	1.735
4.225e+10	0.1677	1.735
4.227e+10	0.1682	1.75
4.23e+10	0.1682	1.749
4.232e+10	0.1682	1.749
4.234e+10	0.1682	1.748
4.236e+10	0.1681	1.748
4.239e+10	0.168	1.747
4.241e+10	0.1679	1.746
4.243e+10	0.1679	1.746
4.245e+10	0.1678	1.745
4.248e+10	0.1678	1.745
4.25e+10	0.1678	1.744
4.252e+10	0.1677	1.744
4.254e+10	0.1677	1.743
4.257e+10	0.1676	1.742
4.259e+10	0.1675	1.741
4.261e+10	0.1674	1.74
4.264e+10	0.1673	1.74
4.266e+10	0.1672	1.739
4.268e+10	0.1671	1.738
4.271e+10	0.167	1.738
4.273e+10	0.167	1.737
4.275e+10	0.1669	1.737
4.277e+10	0.1669	1.736
4.28e+10	0.1668	1.735
4.282e+10	0.1668	1.735
4.284e+10	0.1666	1.734
4.286e+10	0.1665	1.733
4.289e+10	0.1666	1.734
4.291e+10	0.1666	1.733
4.293e+10	0.1666	1.733
4.296e+10	0.1665	1.732
4.298e+10	0.1664	1.731
4.3e+10	0.1663	1.73
4.303e+10	0.1662	1.73
4.305e+10	0.1662	1.729
4.307e+10	0.1661	1.729
4.31e+10	0.1661	1.728
4.312e+10	0.166	1.727
4.314e+10	0.1659	1.727
4.317e+10	0.1658	1.726
4.319e+10	0.1659	1.726
4.321e+10	0.1658	1.726
4.323e+10	0.1658	1.725
4.326e+10	0.1657	1.725
4.328e+10	0.1656	1.724
4.33e+10	0.1656	1.724
4.333e+10	0.1655	1.723
4.335e+10	0.1655	1.722
4.337e+10	0.1654	1.722
4.339e+10	0.1653	1.721
4.342e+10	0.1653	1.721
4.344e+10	0.1654	1.72
4.346e+10	0.1653	1.72
4.349e+10	0.1652	1.719
4.351e+10	0.1652	1.719
4.353e+10	0.1651	1.718
4.355e+10	0.165	1.717
4.358e+10	0.165	1.717
4.36e+10	0.1649	1.716
4.362e+10	0.1648	1.715
4.365e+10	0.1647	1.715
4.367e+10	0.1646	1.714
4.369e+10	0.1645	1.713
4.372e+10	0.1645	1.713
4.374e+10	0.1644	1.712
4.376e+10	0.1643	1.711
4.378e+10	0.1643	1.711
4.381e+10	0.1642	1.71
4.383e+10	0.1642	1.71
4.385e+10	0.1642	1.71
4.388e+10	0.1641	1.709
4.39e+10	0.164	1.709
4.392e+10	0.164	1.708
4.395e+10	0.1639	1.707
4.397e+10	0.1638	1.707
4.399e+10	0.1638	1.706
4.401e+10	0.1637	1.705
4.404e+10	0.1636	1.705
4.406e+10	0.1644	1.711
4.408e+10	0.1644	1.711
4.411e+10	0.1644	1.71
4.413e+10	0.1643	1.71
4.415e+10	0.1643	1.71
4.418e+10	0.1643	1.709
4.42e+10	0.1642	1.708
4.422e+10	0.1642	1.708
4.425e+10	0.1642	1.707
4.427e+10	0.1642	1.707
4.43e+10	0.1642	1.707
4.432e+10	0.1642	1.707
4.435e+10	0.1641	1.707
4.437e+10	0.164	1.706
4.44e+10	0.1639	1.706
4.442e+10	0.1639	1.705
4.444e+10	0.1639	1.706
4.447e+10	0.1638	1.705
4.449e+10	0.1637	1.704
4.451e+10	0.1636	1.703
4.453e+10	0.1636	1.703
4.456e+10	0.1635	1.702
4.458e+10	0.1634	1.702
4.46e+10	0.1632	1.701
4.463e+10	0.1631	1.7
4.465e+10	0.1631	1.7
4.467e+10	0.163	1.7
4.47e+10	0.1631	1.699
4.472e+10	0.163	1.699
4.474e+10	0.1629	1.699
4.477e+10	0.1629	1.701
4.479e+10	0.1629	1.7
4.481e+10	0.1629	1.7
4.484e+10	0.1628	1.699
4.486e+10	0.1627	1.698
4.488e+10	0.1627	1.7
4.491e+10	0.1626	1.7
4.493e+10	0.1625	1.699
4.495e+10	0.1624	1.698
4.498e+10	0.1624	1.698
4.5e+10	0.1623	1.697
4.502e+10	0.1622	1.696
4.505e+10	0.1621	1.696
4.507e+10	0.1621	1.695
4.509e+10	0.162	1.695
4.512e+10	0.1619	1.694
4.514e+10	0.1618	1.694
4.516e+10	0.1617	1.693
4.519e+10	0.1617	1.693
4.521e+10	0.1617	1.692
4.523e+10	0.1616	1.691
4.526e+10	0.1615	1.691
4.528e+10	0.1615	1.69
4.53e+10	0.1614	1.69
4.533e+10	0.1613	1.689
4.535e+10	0.1612	1.688
4.537e+10	0.1612	1.688
4.54e+10	0.1671	1.711
4.542e+10	0.1671	1.711
4.544e+10	0.167	1.71
4.547e+10	0.1669	1.709
4.549e+10	0.1668	1.709
4.552e+10	0.1667	1.708
4.554e+10	0.1667	1.707
4.556e+10	0.1666	1.707
4.558e+10	0.1665	1.706
4.561e+10	0.1664	1.705
4.563e+10	0.1663	1.705
4.565e+10	0.1663	1.705
4.568e+10	0.1663	1.704
4.57e+10	0.1662	1.703
4.572e+10	0.1662	1.703
4.575e+10	0.1661	1.702
4.577e+10	0.166	1.702
4.579e+10	0.166	1.701
4.582e+10	0.1659	1.701
4.584e+10	0.1658	1.7
4.587e+10	0.1657	1.699
4.589e+10	0.1657	1.699
4.591e+10	0.1656	1.698
4.594e+10	0.1663	1.704
4.596e+10	0.1663	1.704
4.598e+10	0.1663	1.704
4.6e+10	0.1663	1.704
4.603e+10	0.1662	1.703
4.605e+10	0.1662	1.702
4.608e+10	0.1661	1.702
4.61e+10	0.1661	1.702
4.612e+10	0.1661	1.701
4.615e+10	0.166	1.701
4.617e+10	0.1659	1.7
4.619e+10	0.1658	1.699
4.622e+10	0.1658	1.699
4.624e+10	0.1657	1.698
4.626e+10	0.1657	1.697
4.629e+10	0.1656	1.697
4.631e+10	0.1655	1.697
4.633e+10	0.1655	1.697
4.636e+10	0.1654	1.696
4.638e+10	0.1653	1.696
4.64e+10	0.1653	1.696
4.643e+10	0.1652	1.695
4.645e+10	0.1652	1.694
4.647e+10	0.1651	1.694
4.65e+10	0.165	1.693
4.652e+10	0.165	1.692
4.654e+10	0.1649	1.691
4.657e+10	0.1648	1.691
4.659e+10	0.1648	1.691
4.662e+10	0.1647	1.69
4.664e+10	0.1646	1.69
4.666e+10	0.1645	1.689
4.669e+10	0.1645	1.688
4.671e+10	0.1645	1.688
4.673e+10	0.1644	1.688
4.676e+10	0.1643	1.687
4.678e+10	0.1642	1.687
4.68e+10	0.1641	1.686
4.682e+10	0.164	1.686
4.685e+10	0.164	1.685
4.687e+10	0.1639	1.684
4.689e+10	0.1639	1.684
4.692e+10	0.1638	1.683
4.694e+10	0.1638	1.683
4.696e+10	0.1637	1.682
4.699e+10	0.1638	1.682
4.701e+10	0.1637	1.682
4.703e+10	0.1636	1.681
4.706e+10	0.1635	1.68
4.708e+10	0.1634	1.679
4.71e+10	0.1633	1.679
4.712e+10	0.1632	1.678
4.715e+10	0.1633	1.678
4.717e+10	0.1631	1.677
4.72e+10	0.163	1.676
4.722e+10	0.163	1.676
4.724e+10	0.1629	1.675
4.727e+10	0.1629	1.674
4.729e+10	0.1628	1.674
4.732e+10	0.1628	1.673
4.734e+10	0.1628	1.673
4.736e+10	0.1627	1.672
4.739e+10	0.1626	1.672
4.741e+10	0.1625	1.671
4.743e+10	0.1625	1.671
4.746e+10	0.1625	1.67
4.748e+10	0.1624	1.67
4.75e+10	0.1623	1.669
4.753e+10	0.1623	1.668
4.755e+10	0.1622	1.668
4.757e+10	0.1622	1.667
4.759e+10	0.1621	1.666
4.762e+10	0.1621	1.666
4.764e+10	0.162	1.665
4.767e+10	0.162	1.665
4.769e+10	0.1619	1.665
4.771e+10	0.1619	1.664
4.774e+10	0.1617	1.664
4.776e+10	0.1616	1.663
4.778e+10	0.1615	1.662
4.78e+10	0.1615	1.662
4.783e+10	0.1615	1.661
4.785e+10	0.1614	1.661
4.788e+10	0.1614	1.66
4.79e+10	0.1613	1.659
4.792e+10	0.1613	1.659
4.795e+10	0.1613	1.659
4.797e+10	0.1612	1.658
4.799e+10	0.1611	1.658
4.802e+10	0.1611	1.657
4.804e+10	0.161	1.657
4.807e+10	0.161	1.656
4.809e+10	0.1609	1.655
4.811e+10	0.1609	1.655
4.814e+10	0.1608	1.655
4.816e+10	0.1607	1.654
4.819e+10	0.1607	1.654
4.821e+10	0.1607	1.653
4.823e+10	0.1607	1.653
4.826e+10	0.1605	1.652
4.828e+10	0.1606	1.652
4.83e+10	0.1605	1.652
4.833e+10	0.1605	1.651
4.835e+10	0.1604	1.65
4.837e+10	0.1603	1.65
4.84e+10	0.1603	1.649
4.842e+10	0.1601	1.648
4.844e+10	0.1601	1.648
4.846e+10	0.16	1.648
4.849e+10	0.16	1.647
4.851e+10	0.16	1.647
4.854e+10	0.16	1.647
4.857e+10	0.1599	1.649
4.859e+10	0.1598	1.648
4.861e+10	0.1597	1.647
4.864e+10	0.1597	1.647
4.866e+10	0.1596	1.646
4.868e+10	0.1596	1.646
4.871e+10	0.1596	1.645
4.873e+10	0.1595	1.645
4.875e+10	0.1595	1.644
4.878e+10	0.1594	1.644
4.88e+10	0.1594	1.643
4.883e+10	0.1593	1.643
4.885e+10	0.1592	1.642
4.888e+10	0.1592	1.642
4.89e+10	0.1591	1.641
4.892e+10	0.159	1.64
4.895e+10	0.1589	1.64
4.897e+10	0.1589	1.639
4.899e+10	0.1588	1.639
4.902e+10	0.1587	1.638
4.904e+10	0.1587	1.637
4.906e+10	0.1586	1.637
4.909e+10	0.1585	1.636
4.911e+10	0.1584	1.635
4.913e+10	0.1583	1.635
4.916e+10	0.1583	1.635
4.918e+10	0.1583	1.634
4.92e+10	0.1582	1.634
4.923e+10	0.1581	1.633
4.925e+10	0.1581	1.633
4.927e+10	0.158	1.632
4.929e+10	0.158	1.632
4.932e+10	0.1579	1.631
4.934e+10	0.1584	1.633
4.936e+10	0.1583	1.632
4.938e+10	0.1584	1.632
4.941e+10	0.1583	1.632
4.943e+10	0.1583	1.631
4.945e+10	0.1582	1.631
4.948e+10	0.1581	1.63
4.95e+10	0.158	1.629
4.952e+10	0.158	1.629
4.955e+10	0.1579	1.628
4.957e+10	0.1579	1.628
4.959e+10	0.1579	1.627
4.962e+10	0.1578	1.627
4.964e+10	0.1578	1.626
4.966e+10	0.1577	1.626
4.969e+10	0.1576	1.625
4.971e+10	0.1576	1.624
4.973e+10	0.1575	1.624
4.975e+10	0.1575	1.623
4.978e+10	0.1575	1.623
4.98e+10	0.1574	1.622
4.982e+10	0.1574	1.622
4.984e+10	0.1573	1.622
4.987e+10	0.1572	1.621
4.989e+10	0.1572	1.621
4.992e+10	0.1572	1.621
4.994e+10	0.1571	1.62
4.996e+10	0.1571	1.62
4.998e+10	0.1571	1.62
5.001e+10	0.1571	1.619
5.003e+10	0.157	1.619
5.005e+10	0.1575	1.625
5.007e+10	0.1575	1.624
5.01e+10	0.1575	1.624
5.012e+10	0.1574	1.623
5.014e+10	0.1574	1.623
5.016e+10	0.1573	1.622
5.019e+10	0.1573	1.622
5.021e+10	0.1572	1.621
5.023e+10	0.1572	1.621
5.026e+10	0.1571	1.62
5.028e+10	0.157	1.62
5.031e+10	0.1569	1.619
5.033e+10	0.1568	1.618
5.035e+10	0.1568	1.618
5.038e+10	0.1568	1.618
5.04e+10	0.1567	1.617
5.042e+10	0.1566	1.616
5.045e+10	0.1566	1.616
5.047e+10	0.1566	1.615
5.049e+10	0.1565	1.615
5.051e+10	0.1564	1.614
5.054e+10	0.1564	1.614
5.056e+10	0.1563	1.613
5.058e+10	0.1562	1.613
5.061e+10	0.1562	1.612
5.063e+10	0.1561	1.612
5.065e+10	0.156	1.611
5.068e+10	0.156	1.611
5.07e+10	0.1559	1.61
5.072e+10	0.1558	1.609
5.074e+10	0.1557	1.609
5.077e+10	0.1556	1.608
5.079e+10	0.1564	1.612
5.081e+10	0.1563	1.611
5.084e+10	0.1562	1.611
5.086e+10	0.1562	1.61
5.088e+10	0.1561	1.61
5.09e+10	0.1561	1.61
5.093e+10	0.1561	1.609
5.095e+10	0.156	1.608
5.097e+10	0.156	1.608
5.099e+10	0.1559	1.607
5.102e+10	0.1558	1.607
5.104e+10	0.1558	1.606
5.106e+10	0.1557	1.606
5.108e+10	0.1557	1.606
5.111e+10	0.1557	1.605
5.113e+10	0.1557	1.605
5.115e+10	0.1556	1.604
5.117e+10	0.1556	1.603
5.12e+10	0.1555	1.603
5.122e+10	0.1555	1.602
5.124e+10	0.1555	1.602
5.126e+10	0.1554	1.601
5.129e+10	0.1554	1.601
5.131e+10	0.1553	1.601
5.133e+10	0.1552	1.6
5.136e+10	0.1552	1.599
5.138e+10	0.1551	1.599
5.14e+10	0.1551	1.598
5.142e+10	0.155	1.598
5.145e+10	0.1549	1.597
5.147e+10	0.1549	1.597
5.149e+10	0.1549	1.596
5.151e+10	0.1548	1.596
5.154e+10	0.1548	1.596
5.156e+10	0.1619	1.651
5.158e+10	0.1618	1.65
5.161e+10	0.1617	1.649
5.163e+10	0.1616	1.649
5.165e+10	0.1615	1.648
5.168e+10	0.1615	1.648
5.17e+10	0.1614	1.647
5.172e+10	0.1614	1.647
5.174e+10	0.1613	1.646
5.177e+10	0.1612	1.646
5.179e+10	0.1612	1.645
5.181e+10	0.1611	1.645
5.183e+10	0.1611	1.644
5.186e+10	0.1611	1.644
5.188e+10	0.161	1.643
5.19e+10	0.1609	1.643
5.193e+10	0.1609	1.642
5.195e+10	0.1608	1.642
5.197e+10	0.1607	1.641
5.199e+10	0.1607	1.641
5.202e+10	0.1607	1.64
5.204e+10	0.1606	1.64
5.206e+10	0.1606	1.639
5.209e+10	0.1606	1.639
5.211e+10	0.1606	1.639
5.213e+10	0.1605	1.638
5.215e+10	0.1604	1.638
5.218e+10	0.1604	1.637
5.22e+10	0.1603	1.637
5.222e+10	0.1603	1.636
5.224e+10	0.1602	1.636
5.226e+10	0.1602	1.635
5.228e+10	0.1601	1.635
5.23e+10	0.16	1.634
5.232e+10	0.16	1.633
5.234e+10	0.1599	1.633
5.236e+10	0.1598	1.633
5.238e+10	0.1598	1.632
5.241e+10	0.1597	1.632
5.243e+10	0.1597	1.631
5.245e+10	0.1597	1.631
5.247e+10	0.1596	1.631
5.249e+10	0.1595	1.63
5.251e+10	0.1595	1.63
5.253e+10	0.1595	1.629
5.255e+10	0.1594	1.629
5.257e+10	0.1593	1.628
5.259e+10	0.1593	1.628
5.261e+10	0.1592	1.628
5.263e+10	0.1592	1.627
5.266e+10	0.1592	1.627
5.268e+10	0.1591	1.626
5.27e+10	0.1591	1.626
5.272e+10	0.159	1.625
5.274e+10	0.1589	1.625
5.276e+10	0.1589	1.625
5.278e+10	0.1589	1.624
5.28e+10	0.1589	1.624
5.282e+10	0.1588	1.623
5.284e+10	0.1587	1.623
5.286e+10	0.1587	1.622
5.288e+10	0.1586	1.622
5.29e+10	0.1586	1.622
5.293e+10	0.1585	1.621
5.295e+10	0.1586	1.621
5.297e+10	0.1585	1.621
5.299e+10	0.1585	1.62
5.301e+10	0.1584	1.619
5.303e+10	0.1584	1.619
5.305e+10	0.1584	1.619
5.307e+10	0.1583	1.618
5.309e+10	0.1582	1.618
5.312e+10	0.1582	1.617
5.314e+10	0.1581	1.617
5.316e+10	0.1584	1.617
5.318e+10	0.1584	1.617
5.32e+10	0.1584	1.617
5.322e+10	0.1583	1.616
5.324e+10	0.1582	1.616
5.326e+10	0.1582	1.615
5.328e+10	0.1581	1.615
5.331e+10	0.1581	1.614
5.333e+10	0.158	1.614
5.335e+10	0.158	1.613
5.337e+10	0.1579	1.613
5.339e+10	0.1579	1.613
5.341e+10	0.1578	1.612
5.343e+10	0.1578	1.612
5.345e+10	0.1578	1.612
5.347e+10	0.1578	1.611
5.349e+10	0.1577	1.611
5.351e+10	0.1577	1.611
5.354e+10	0.1576	1.61
5.356e+10	0.1575	1.61
5.358e+10	0.1576	1.612
5.36e+10	0.1576	1.612
5.362e+10	0.1575	1.611
5.364e+10	0.1575	1.611
5.366e+10	0.1575	1.61
5.368e+10	0.1575	1.611
5.37e+10	0.1574	1.61
5.373e+10	0.1574	1.609
5.375e+10	0.1574	1.609
5.377e+10	0.1573	1.609
5.379e+10	0.1572	1.608
5.381e+10	0.1572	1.608
5.383e+10	0.1571	1.607
5.386e+10	0.1572	1.608
5.388e+10	0.1571	1.607
5.39e+10	0.1571	1.607
5.392e+10	0.157	1.606
5.394e+10	0.157	1.606
5.396e+10	0.157	1.606
5.398e+10	0.1569	1.605
5.4e+10	0.157	1.605
5.402e+10	0.1569	1.605
5.405e+10	0.1569	1.605
5.407e+10	0.1568	1.604
5.409e+10	0.1568	1.604
5.411e+10	0.1567	1.603
5.413e+10	0.1566	1.603
5.415e+10	0.1567	1.603
5.417e+10	0.1567	1.602
5.419e+10	0.1566	1.602
5.421e+10	0.1565	1.601
5.423e+10	0.1565	1.601
5.426e+10	0.1564	1.6
5.428e+10	0.1564	1.6
5.43e+10	0.1563	1.6
5.432e+10	0.1563	1.599
5.434e+10	0.1563	1.599
5.436e+10	0.1562	1.598
5.438e+10	0.1563	1.598
5.44e+10	0.1563	1.598
5.442e+10	0.1563	1.598
5.444e+10	0.1562	1.597
5.447e+10	0.1561	1.597
5.449e+10	0.1561	1.597
5.451e+10	0.156	1.596
5.453e+10	0.156	1.595
5.455e+10	0.1563	1.596
5.457e+10	0.1562	1.596
5.459e+10	0.1562	1.595
5.461e+10	0.1561	1.595
5.463e+10	0.1561	1.595
5.465e+10	0.156	1.594
5.468e+10	0.156	1.594
5.47e+10	0.1559	1.593
5.472e+10	0.1559	1.593
5.474e+10	0.1558	1.592
5.476e+10	0.1557	1.592
5.478e+10	0.1558	1.592
5.48e+10	0.1557	1.591
5.483e+10	0.1556	1.591
5.485e+10	0.1557	1.591
5.487e+10	0.1556	1.591
5.489e+10	0.1556	1.59
5.491e+10	0.1556	1.59
5.493e+10	0.1555	1.589
5.495e+10	0.1554	1.589
5.497e+10	0.1553	1.588
5.499e+10	0.1553	1.588
5.501e+10	0.1553	1.588
5.503e+10	0.1552	1.587
5.505e+10	0.1552	1.587
5.508e+10	0.1551	1.586
5.51e+10	0.1551	1.586
5.512e+10	0.1551	1.585
5.514e+10	0.155	1.585
5.517e+10	0.1549	1.584
5.519e+10	0.1549	1.584
5.521e+10	0.1548	1.583
5.523e+10	0.1548	1.583
5.525e+10	0.1547	1.582
5.527e+10	0.1547	1.582
5.529e+10	0.1547	1.582
5.531e+10	0.1547	1.582
5.533e+10	0.1546	1.581
5.536e+10	0.1545	1.581
5.538e+10	0.1545	1.58
5.54e+10	0.1544	1.58
5.542e+10	0.1544	1.579
5.544e+10	0.1543	1.579
5.546e+10	0.1543	1.578
5.548e+10	0.1542	1.578
5.55e+10	0.1548	1.582
5.553e+10	0.1547	1.581
5.554e+10	0.1547	1.581
5.557e+10	0.1547	1.581
5.559e+10	0.1547	1.581
5.561e+10	0.1546	1.58
5.563e+10	0.1545	1.579
5.565e+10	0.1544	1.579
5.567e+10	0.1544	1.579
5.569e+10	0.1544	1.578
5.571e+10	0.1543	1.578
5.573e+10	0.1543	1.577
5.576e+10	0.1542	1.577
5.578e+10	0.1542	1.577
5.58e+10	0.1541	1.576
5.582e+10	0.1541	1.576
5.584e+10	0.1541	1.576
5.586e+10	0.1541	1.575
5.588e+10	0.1541	1.575
5.591e+10	0.154	1.575
5.593e+10	0.154	1.574
5.595e+10	0.1539	1.574
5.597e+10	0.1539	1.573
5.599e+10	0.1538	1.573
5.601e+10	0.1537	1.572
5.603e+10	0.1536	1.572
5.605e+10	0.1536	1.571
5.608e+10	0.1535	1.571
5.61e+10	0.1535	1.57
5.612e+10	0.1534	1.57
5.614e+10	0.1534	1.569
5.616e+10	0.1533	1.569
5.618e+10	0.1532	1.568
5.621e+10	0.1533	1.568
5.623e+10	0.1532	1.568
5.625e+10	0.1532	1.569
5.627e+10	0.1532	1.569
5.629e+10	0.1531	1.569
5.631e+10	0.1531	1.568
5.633e+10	0.153	1.568
5.636e+10	0.153	1.567
5.638e+10	0.1529	1.567
5.64e+10	0.1528	1.566
5.642e+10	0.1528	1.566
5.644e+10	0.1527	1.565
5.646e+10	0.1526	1.565
5.648e+10	0.1525	1.564
5.65e+10	0.1525	1.564
5.652e+10	0.1525	1.564
5.655e+10	0.1524	1.563
5.657e+10	0.1525	1.563
5.659e+10	0.1524	1.563
5.661e+10	0.1524	1.562
5.663e+10	0.1523	1.562
5.665e+10	0.1523	1.562
5.667e+10	0.1522	1.561
5.67e+10	0.1522	1.561
5.672e+10	0.1522	1.561
5.674e+10	0.1521	1.56
5.676e+10	0.1521	1.56
5.678e+10	0.1522	1.56
5.68e+10	0.1521	1.559
5.682e+10	0.1521	1.559
5.685e+10	0.1525	1.566
5.687e+10	0.1525	1.565
5.689e+10	0.1524	1.565
5.691e+10	0.1524	1.564
5.693e+10	0.1523	1.564
5.695e+10	0.1523	1.563
5.697e+10	0.1522	1.563
5.699e+10	0.1522	1.563
5.701e+10	0.1521	1.562
5.704e+10	0.1521	1.562
5.706e+10	0.1521	1.562
5.708e+10	0.1521	1.562
5.711e+10	0.1521	1.562
5.713e+10	0.152	1.561
5.715e+10	0.152	1.561
5.717e+10	0.1519	1.563
5.719e+10	0.1519	1.563
5.722e+10	0.1519	1.562
5.724e+10	0.1518	1.562
5.726e+10	0.1518	1.561
5.728e+10	0.1517	1.561
5.73e+10	0.1517	1.56
5.733e+10	0.1516	1.56
5.735e+10	0.1516	1.56
5.737e+10	0.1516	1.559
5.739e+10	0.1515	1.559
5.741e+10	0.1515	1.558
5.743e+10	0.1516	1.559
5.745e+10	0.1515	1.559
5.747e+10	0.1515	1.558
5.749e+10	0.1515	1.558
5.751e+10	0.1514	1.557
5.753e+10	0.1514	1.557
5.756e+10	0.1513	1.557
5.758e+10	0.1513	1.556
5.76e+10	0.1512	1.556
5.762e+10	0.1512	1.555
5.764e+10	0.1512	1.555
5.766e+10	0.1511	1.555
5.769e+10	0.1511	1.555
5.771e+10	0.1511	1.554
5.773e+10	0.151	1.554
5.775e+10	0.1511	1.554
5.777e+10	0.151	1.553
5.779e+10	0.151	1.553
5.782e+10	0.151	1.553
5.784e+10	0.1509	1.552
5.786e+10	0.1508	1.552
5.788e+10	0.1508	1.552
5.79e+10	0.1507	1.551
5.792e+10	0.1507	1.551
5.794e+10	0.1507	1.551
5.797e+10	0.1508	1.551
5.799e+10	0.1507	1.55
5.801e+10	0.1507	1.55
5.803e+10	0.1508	1.55
5.805e+10	0.1507	1.55
5.807e+10	0.1507	1.55
5.809e+10	0.1506	1.549
5.812e+10	0.1506	1.548
5.814e+10	0.1511	1.554
5.816e+10	0.151	1.553
5.818e+10	0.1509	1.553
5.82e+10	0.1509	1.552
5.821e+10	0.1508	1.552
5.824e+10	0.1509	1.552
5.826e+10	0.1508	1.552
5.828e+10	0.1508	1.551
5.83e+10	0.1507	1.551
5.832e+10	0.1507	1.551
5.834e+10	0.1507	1.55
5.836e+10	0.1506	1.55
5.839e+10	0.1506	1.549
5.841e+10	0.1505	1.549
5.843e+10	0.1505	1.549
5.845e+10	0.1505	1.548
5.847e+10	0.1504	1.548
5.85e+10	0.1504	1.548
5.852e+10	0.1504	1.547
5.854e+10	0.1503	1.547
5.856e+10	0.1503	1.547
5.858e+10	0.1503	1.546
5.86e+10	0.1502	1.546
5.862e+10	0.1502	1.545
5.864e+10	0.1501	1.545
5.866e+10	0.1501	1.544
5.868e+10	0.15	1.544
5.87e+10	0.15	1.543
5.873e+10	0.15	1.543
5.875e+10	0.1499	1.543
5.877e+10	0.1498	1.543
5.879e+10	0.1499	1.542
5.881e+10	0.1498	1.542
5.883e+10	0.1498	1.542
5.885e+10	0.1497	1.541
5.888e+10	0.1497	1.541
5.89e+10	0.1496	1.54
5.892e+10	0.1495	1.54
5.894e+10	0.1495	1.54
5.896e+10	0.1495	1.539
5.898e+10	0.1494	1.539
5.9e+10	0.1494	1.539
5.902e+10	0.15	1.543
5.904e+10	0.1499	1.542
5.906e+10	0.1499	1.542
5.909e+10	0.1499	1.542
5.911e+10	0.1499	1.542
5.913e+10	0.1499	1.541
5.915e+10	0.1498	1.541
5.917e+10	0.1498	1.541
5.92e+10	0.1498	1.54
5.922e+10	0.1497	1.54
5.924e+10	0.1497	1.54
5.926e+10	0.1496	1.539
5.928e+10	0.1495	1.539
5.93e+10	0.1495	1.539
5.932e+10	0.1494	1.538
5.934e+10	0.1494	1.538
5.936e+10	0.1493	1.537
5.939e+10	0.1493	1.537
5.941e+10	0.1492	1.536
5.943e+10	0.1492	1.536
5.945e+10	0.1491	1.535
5.947e+10	0.1491	1.535
5.949e+10	0.1491	1.535
5.952e+10	0.1491	1.534
5.954e+10	0.149	1.534
5.956e+10	0.149	1.534
5.958e+10	0.1489	1.533
5.96e+10	0.1488	1.533
5.963e+10	0.1488	1.532
5.965e+10	0.1487	1.532
5.967e+10	0.1487	1.531
5.969e+10	0.1486	1.531
5.971e+10	0.1486	1.53
5.973e+10	0.1486	1.53
5.975e+10	0.1486	1.53
5.978e+10	0.1485	1.53
5.98e+10	0.1485	1.529
5.982e+10	0.1485	1.529
5.984e+10	0.1485	1.529
5.986e+10	0.1484	1.529
5.989e+10	0.1483	1.528
5.991e+10	0.1483	1.528
5.993e+10	0.1483	1.527
5.995e+10	0.1483	1.527
5.997e+10	0.1483	1.528
5.999e+10	0.1483	1.527
6.002e+10	0.1483	1.527
6.004e+10	0.1482	1.527
6.006e+10	0.1483	1.526
6.008e+10	0.1483	1.527
6.01e+10	0.1483	1.526
6.013e+10	0.1483	1.526
6.015e+10	0.1482	1.526
6.017e+10	0.1482	1.525
6.019e+10	0.1482	1.525
6.021e+10	0.1482	1.525
6.023e+10	0.1481	1.525
6.025e+10	0.1481	1.524
6.028e+10	0.1481	1.524
6.03e+10	0.148	1.523
6.032e+10	0.1479	1.523
6.034e+10	0.1478	1.522
6.036e+10	0.1479	1.522
6.038e+10	0.1478	1.522
6.04e+10	0.1478	1.522
6.043e+10	0.1478	1.521
6.045e+10	0.1477	1.521
6.047e+10	0.1477	1.521
6.049e+10	0.1476	1.52
6.051e+10	0.1476	1.52
6.054e+10	0.1476	1.52
6.056e+10	0.1475	1.519
6.058e+10	0.1475	1.519
6.06e+10	0.1475	1.519
6.063e+10	0.1474	1.518
6.065e+10	0.1474	1.518
6.067e+10	0.1474	1.517
6.069e+10	0.1473	1.517
6.071e+10	0.1473	1.517
6.074e+10	0.1473	1.516
6.076e+10	0.1473	1.516
6.079e+10	0.1472	1.516
6.081e+10	0.1472	1.515
6.083e+10	0.1471	1.515
6.085e+10	0.1471	1.514
6.087e+10	0.147	1.514
6.09e+10	0.147	1.514
6.092e+10	0.147	1.513
6.094e+10	0.147	1.513
6.096e+10	0.1469	1.513
6.099e+10	0.1468	1.512
6.101e+10	0.1468	1.512
6.103e+10	0.1467	1.511
6.105e+10	0.1467	1.511
6.107e+10	0.1467	1.511
6.109e+10	0.1467	1.51
6.112e+10	0.1466	1.51
6.114e+10	0.1466	1.51
6.116e+10	0.1465	1.509
6.118e+10	0.1465	1.509
6.121e+10	0.1464	1.508
6.123e+10	0.1463	1.508
6.125e+10	0.1463	1.507
6.127e+10	0.1462	1.507
6.129e+10	0.1462	1.507
6.132e+10	0.1461	1.506
6.134e+10	0.1461	1.506
6.136e+10	0.1461	1.506
6.138e+10	0.146	1.505
6.14e+10	0.146	1.505
6.142e+10	0.146	1.505
6.144e+10	0.146	1.505
6.147e+10	0.146	1.504
6.149e+10	0.1459	1.504
6.151e+10	0.1459	1.504
6.153e+10	0.1458	1.503
6.155e+10	0.1458	1.503
6.158e+10	0.1459	1.503
6.16e+10	0.1458	1.502
6.162e+10	0.1458	1.502
6.164e+10	0.1458	1.502
6.166e+10	0.1457	1.502
6.169e+10	0.1457	1.502
6.171e+10	0.1457	1.502
6.173e+10	0.1456	1.501
6.175e+10	0.1456	1.501
6.177e+10	0.1456	1.501
6.18e+10	0.1456	1.5
6.182e+10	0.1455	1.5
6.184e+10	0.1455	1.5
6.186e+10	0.1454	1.499
6.188e+10	0.1454	1.499
6.19e+10	0.1454	1.499
6.192e+10	0.1453	1.498
6.194e+10	0.1452	1.498
6.196e+10	0.1452	1.498
6.199e+10	0.1452	1.497
6.201e+10	0.1451	1.497
6.203e+10	0.1451	1.496
6.205e+10	0.145	1.496
6.208e+10	0.145	1.495
6.21e+10	0.1449	1.495
6.212e+10	0.1449	1.495
6.214e+10	0.1449	1.494
6.216e+10	0.1448	1.494
6.218e+10	0.1448	1.494
6.22e+10	0.1448	1.493
6.222e+10	0.1448	1.493
6.224e+10	0.1448	1.493
6.226e+10	0.1447	1.492
6.228e+10	0.1447	1.492
6.23e+10	0.1447	1.492
6.232e+10	0.1447	1.492
6.235e+10	0.1447	1.492
6.237e+10	0.1447	1.491
6.239e+10	0.1446	1.491
6.241e+10	0.1446	1.491
6.243e+10	0.1445	1.49
6.245e+10	0.1445	1.49
6.248e+10	0.1445	1.49
6.25e+10	0.1444	1.489
6.252e+10	0.1444	1.489
6.254e+10	0.1443	1.488
6.256e+10	0.1442	1.488
6.259e+10	0.1442	1.488
6.261e+10	0.1442	1.488
6.263e+10	0.1442	1.488
6.265e+10	0.1441	1.487
6.267e+10	0.144	1.487
6.27e+10	0.144	1.487
6.272e+10	0.1441	1.487
6.274e+10	0.144	1.486
6.277e+10	0.1439	1.486
6.279e+10	0.144	1.485
6.281e+10	0.1439	1.485
6.284e+10	0.1439	1.484
6.286e+10	0.1438	1.484
6.288e+10	0.1438	1.484
6.291e+10	0.1438	1.484
6.293e+10	0.1438	1.483
6.295e+10	0.1437	1.483
6.298e+10	0.1437	1.482
6.3e+10	0.1437	1.482
6.302e+10	0.1437	1.482
6.305e+10	0.1436	1.481
6.307e+10	0.1435	1.481
6.309e+10	0.1435	1.48
6.312e+10	0.1434	1.48
6.314e+10	0.1434	1.48
6.316e+10	0.1433	1.479
6.319e+10	0.1433	1.479
6.321e+10	0.1433	1.479
6.323e+10	0.1432	1.478
6.325e+10	0.1432	1.478
6.328e+10	0.1432	1.478
6.33e+10	0.1432	1.477
6.333e+10	0.1432	1.477
6.335e+10	0.1431	1.477
6.337e+10	0.1431	1.476
6.34e+10	0.1431	1.476
6.342e+10	0.1431	1.476
6.344e+10	0.143	1.476
6.347e+10	0.143	1.475
6.349e+10	0.1429	1.475
6.352e+10	0.1429	1.474
6.354e+10	0.1428	1.474
6.357e+10	0.1428	1.473
6.359e+10	0.1427	1.473
6.361e+10	0.1428	1.473
6.364e+10	0.1428	1.473
6.366e+10	0.1427	1.472
6.368e+10	0.1427	1.472
6.37e+10	0.1427	1.472
6.373e+10	0.1427	1.472
6.375e+10	0.1426	1.471
6.377e+10	0.1426	1.471
6.38e+10	0.1426	1.471
6.382e+10	0.1425	1.47
6.385e+10	0.1424	1.47
6.387e+10	0.1424	1.469
6.389e+10	0.1423	1.469
6.392e+10	0.1423	1.468
6.394e+10	0.1422	1.468
6.396e+10	0.1422	1.468
6.398e+10	0.1422	1.467
6.401e+10	0.1422	1.467
6.403e+10	0.1422	1.467
6.405e+10	0.1421	1.467
6.408e+10	0.1421	1.466
6.41e+10	0.1421	1.466
6.412e+10	0.142	1.466
6.415e+10	0.142	1.465
6.417e+10	0.1419	1.465
6.419e+10	0.1419	1.465
6.422e+10	0.1419	1.464
6.424e+10	0.1418	1.464
6.426e+10	0.1418	1.464
6.428e+10	0.1418	1.463
6.43e+10	0.1417	1.463
6.433e+10	0.1417	1.463
6.435e+10	0.1417	1.462
6.438e+10	0.1417	1.462
6.44e+10	0.1417	1.462
6.442e+10	0.1417	1.462
6.444e+10	0.1417	1.462
6.447e+10	0.1417	1.461
6.449e+10	0.1417	1.461
6.451e+10	0.1416	1.461
6.454e+10	0.1416	1.461
6.456e+10	0.1415	1.46
6.458e+10	0.1415	1.46
6.46e+10	0.1414	1.459
6.462e+10	0.1414	1.459
6.465e+10	0.1413	1.458
6.467e+10	0.1413	1.458
6.469e+10	0.1413	1.458
6.471e+10	0.1412	1.458
6.474e+10	0.1412	1.457
6.476e+10	0.1411	1.457
6.478e+10	0.1411	1.456
6.48e+10	0.141	1.456
6.483e+10	0.141	1.456
6.485e+10	0.1409	1.455
6.488e+10	0.1409	1.455
6.49e+10	0.1409	1.454
6.492e+10	0.1408	1.454
6.494e+10	0.1408	1.454
6.497e+10	0.1407	1.453
6.499e+10	0.1407	1.453
6.501e+10	0.1406	1.452
6.503e+10	0.1406	1.452
6.505e+10	0.1405	1.452
6.507e+10	0.1405	1.451
6.51e+10	0.1404	1.451
6.512e+10	0.1404	1.451
6.514e+10	0.1404	1.45
6.517e+10	0.1404	1.452
6.519e+10	0.1404	1.452
6.522e+10	0.1404	1.452
6.524e+10	0.1409	1.455
6.526e+10	0.1409	1.455
6.528e+10	0.1408	1.455
6.53e+10	0.1408	1.454
6.533e+10	0.1408	1.454
6.535e+10	0.1408	1.454
6.537e+10	0.1407	1.453
6.539e+10	0.1407	1.453
6.542e+10	0.1407	1.453
6.544e+10	0.1406	1.452
6.546e+10	0.1411	1.454
6.548e+10	0.1411	1.454
6.55e+10	0.141	1.453
6.553e+10	0.1409	1.453
6.555e+10	0.1409	1.453
6.558e+10	0.1408	1.452
6.56e+10	0.1408	1.452
6.562e+10	0.1407	1.452
6.564e+10	0.1407	1.451
6.567e+10	0.1407	1.451
6.569e+10	0.1406	1.45
6.571e+10	0.1405	1.45
6.574e+10	0.1405	1.45
6.576e+10	0.1405	1.449
6.578e+10	0.1405	1.449
6.581e+10	0.1404	1.449
6.583e+10	0.1404	1.449
6.586e+10	0.1403	1.448
6.588e+10	0.1403	1.448
6.59e+10	0.1403	1.448
6.592e+10	0.1402	1.447
6.594e+10	0.1402	1.447
6.597e+10	0.1401	1.446
6.599e+10	0.1402	1.446
6.602e+10	0.1401	1.446
6.604e+10	0.1401	1.446
6.607e+10	0.1401	1.446
6.609e+10	0.1401	1.445
6.611e+10	0.14	1.445
6.614e+10	0.14	1.445
6.616e+10	0.14	1.444
6.618e+10	0.14	1.444
6.62e+10	0.1399	1.444
6.623e+10	0.1399	1.443
6.625e+10	0.1399	1.443
6.627e+10	0.1398	1.443
6.63e+10	0.1398	1.443
6.632e+10	0.1398	1.442
6.634e+10	0.1397	1.442
6.636e+10	0.1397	1.441
6.639e+10	0.1396	1.441
6.641e+10	0.1396	1.441
6.643e+10	0.1395	1.44
6.646e+10	0.1395	1.44
6.648e+10	0.1395	1.44
6.65e+10	0.1396	1.44
6.653e+10	0.1396	1.442
6.655e+10	0.1396	1.442
6.658e+10	0.1396	1.441
6.66e+10	0.1396	1.441
6.662e+10	0.1395	1.441
6.665e+10	0.1394	1.44
6.667e+10	0.1394	1.44
6.669e+10	0.1394	1.439
6.672e+10	0.1393	1.439
6.674e+10	0.1393	1.439
6.676e+10	0.1392	1.438
6.678e+10	0.1392	1.438
6.681e+10	0.1392	1.438
6.683e+10	0.1391	1.438
6.685e+10	0.1391	1.437
6.687e+10	0.139	1.437
6.689e+10	0.139	1.437
6.691e+10	0.139	1.436
6.693e+10	0.139	1.436
6.696e+10	0.139	1.436
6.698e+10	0.139	1.436
6.7e+10	0.1389	1.435
6.702e+10	0.1389	1.435
6.704e+10	0.1388	1.435
6.706e+10	0.1388	1.434
6.708e+10	0.1388	1.434
6.71e+10	0.1388	1.436
6.712e+10	0.1387	1.436
6.714e+10	0.1387	1.435
6.716e+10	0.1387	1.436
6.718e+10	0.1387	1.435
6.72e+10	0.1387	1.435
6.722e+10	0.1387	1.435
6.725e+10	0.1386	1.435
6.727e+10	0.1386	1.434
6.728e+10	0.1385	1.434
6.731e+10	0.1385	1.433
6.733e+10	0.1384	1.433
6.735e+10	0.1384	1.433
6.737e+10	0.1384	1.433
6.739e+10	0.1388	1.443
6.741e+10	0.1387	1.443
6.743e+10	0.1387	1.443
6.745e+10	0.1387	1.443
6.747e+10	0.1387	1.443
6.749e+10	0.1387	1.442
6.751e+10	0.1387	1.442
6.753e+10	0.1387	1.442
6.755e+10	0.1387	1.441
6.757e+10	0.1386	1.441
6.759e+10	0.1386	1.441
6.761e+10	0.1386	1.441
6.763e+10	0.1386	1.44
6.765e+10	0.1385	1.44
6.767e+10	0.1385	1.44
6.769e+10	0.1385	1.44
6.771e+10	0.1385	1.439
6.773e+10	0.1384	1.439
6.775e+10	0.1384	1.439
6.777e+10	0.1384	1.439
6.779e+10	0.1384	1.439
6.781e+10	0.1384	1.439
6.783e+10	0.1384	1.439
6.785e+10	0.1384	1.439
6.787e+10	0.1384	1.439
6.79e+10	0.1384	1.439
6.792e+10	0.1384	1.439
6.794e+10	0.1383	1.438
6.796e+10	0.1383	1.438
6.797e+10	0.1383	1.438
6.799e+10	0.1382	1.437
6.801e+10	0.1382	1.437
6.803e+10	0.1381	1.437
6.805e+10	0.1382	1.437
6.806e+10	0.1381	1.437
6.808e+10	0.1381	1.436
6.81e+10	0.1381	1.436
6.812e+10	0.1381	1.436
6.814e+10	0.138	1.435
6.816e+10	0.138	1.435
6.817e+10	0.138	1.435
6.819e+10	0.138	1.435
6.821e+10	0.1379	1.435
6.823e+10	0.1379	1.434
6.825e+10	0.1379	1.434
6.827e+10	0.1378	1.434
6.828e+10	0.1378	1.434
6.831e+10	0.1378	1.433
6.832e+10	0.1382	1.441
6.834e+10	0.1382	1.441
6.836e+10	0.1381	1.44
6.838e+10	0.1381	1.44
6.84e+10	0.1381	1.44
6.841e+10	0.1381	1.44
6.843e+10	0.1381	1.44
6.845e+10	0.138	1.439
6.847e+10	0.138	1.439
6.849e+10	0.138	1.439
6.851e+10	0.138	1.439
6.852e+10	0.1379	1.438
6.854e+10	0.1379	1.438
6.856e+10	0.1379	1.438
6.858e+10	0.1379	1.438
6.86e+10	0.1378	1.437
6.862e+10	0.1378	1.437
6.864e+10	0.1378	1.437
6.866e+10	0.1377	1.437
6.867e+10	0.1377	1.436
6.869e+10	0.1377	1.436
6.871e+10	0.1376	1.436
6.873e+10	0.1376	1.435
6.875e+10	0.1376	1.436
6.877e+10	0.1376	1.435
6.878e+10	0.1376	1.435
6.881e+10	0.1376	1.435
6.882e+10	0.1376	1.435
6.884e+10	0.1376	1.434
6.886e+10	0.1375	1.434
6.888e+10	0.1375	1.434
6.89e+10	0.1374	1.433
6.892e+10	0.1374	1.433
6.894e+10	0.1373	1.433
6.895e+10	0.1373	1.433
6.897e+10	0.1373	1.433
6.899e+10	0.1373	1.432
6.901e+10	0.1372	1.432
6.903e+10	0.1372	1.432
6.905e+10	0.1372	1.432
6.907e+10	0.1372	1.432
6.908e+10	0.1371	1.431
6.91e+10	0.1371	1.431
6.912e+10	0.1371	1.431
6.914e+10	0.1371	1.431
6.916e+10	0.137	1.43
6.918e+10	0.137	1.43
6.919e+10	0.137	1.43
6.921e+10	0.137	1.43
6.923e+10	0.1369	1.429
6.925e+10	0.1369	1.429
6.927e+10	0.1369	1.429
6.929e+10	0.1368	1.428
6.93e+10	0.1368	1.428
6.933e+10	0.1368	1.428
6.934e+10	0.1367	1.428
6.936e+10	0.1367	1.427
6.938e+10	0.1366	1.427
6.94e+10	0.1366	1.427
6.942e+10	0.1366	1.427
6.944e+10	0.1366	1.426
6.945e+10	0.1365	1.426
6.947e+10	0.1365	1.426
6.949e+10	0.1364	1.425
6.951e+10	0.1364	1.425
6.953e+10	0.1364	1.425
6.955e+10	0.1364	1.425
6.957e+10	0.1364	1.424
6.958e+10	0.1363	1.424
6.96e+10	0.1363	1.424
6.962e+10	0.1363	1.423
6.964e+10	0.1363	1.423
6.966e+10	0.1362	1.423
6.968e+10	0.1362	1.423
6.969e+10	0.1362	1.422
6.971e+10	0.1362	1.422
6.973e+10	0.1362	1.422
6.975e+10	0.1362	1.422
6.977e+10	0.1361	1.422
6.979e+10	0.1361	1.421
6.981e+10	0.1361	1.421
6.983e+10	0.1361	1.421
6.985e+10	0.136	1.421
6.987e+10	0.136	1.421
6.99e+10	0.136	1.421
6.992e+10	0.136	1.421
6.994e+10	0.136	1.422
6.996e+10	0.136	1.422
6.998e+10	0.1359	1.422
7e+10	0.1359	1.421
7.002e+10	0.1359	1.421
7.004e+10	0.1359	1.421
7.006e+10	0.1358	1.42
7.009e+10	0.1357	1.42
7.011e+10	0.1357	1.419
7.013e+10	0.1356	1.419
7.015e+10	0.1356	1.419
7.017e+10	0.1356	1.419
7.019e+10	0.1355	1.418
7.021e+10	0.1355	1.418
7.023e+10	0.1354	1.417
7.026e+10	0.1354	1.417
7.028e+10	0.1354	1.417
7.03e+10	0.1353	1.417
7.032e+10	0.1353	1.416
7.034e+10	0.1352	1.416
7.036e+10	0.1352	1.416
7.038e+10	0.1353	1.416
7.04e+10	0.1358	1.418
7.043e+10	0.1357	1.418
7.045e+10	0.1356	1.417
7.047e+10	0.1356	1.417
7.049e+10	0.1356	1.417
7.051e+10	0.1356	1.417
7.053e+10	0.1356	1.417
7.055e+10	0.1355	1.416
7.057e+10	0.1355	1.416
7.06e+10	0.1354	1.416
7.062e+10	0.1354	1.415
7.064e+10	0.1359	1.418
7.066e+10	0.1359	1.418
7.068e+10	0.1358	1.418
7.07e+10	0.1358	1.417
7.072e+10	0.1358	1.417
7.074e+10	0.1357	1.417
7.077e+10	0.1357	1.416
7.079e+10	0.1357	1.416
7.081e+10	0.1356	1.416
7.083e+10	0.1356	1.415
7.085e+10	0.1357	1.415
7.087e+10	0.1356	1.415
7.089e+10	0.1356	1.415
7.091e+10	0.1355	1.414
7.094e+10	0.1355	1.414
7.096e+10	0.1355	1.414
7.098e+10	0.1354	1.414
7.1e+10	0.1354	1.413
7.102e+10	0.1353	1.413
7.104e+10	0.1353	1.413
7.106e+10	0.1353	1.412
7.108e+10	0.1352	1.412
7.111e+10	0.1352	1.412
7.113e+10	0.1352	1.411
7.115e+10	0.1352	1.411
7.117e+10	0.1351	1.411
7.119e+10	0.1351	1.41
7.121e+10	0.135	1.41
7.123e+10	0.135	1.41
7.126e+10	0.1353	1.411
7.128e+10	0.1353	1.41
7.13e+10	0.1352	1.41
7.132e+10	0.1353	1.41
7.134e+10	0.1352	1.41
7.136e+10	0.1353	1.41
7.138e+10	0.1352	1.41
7.141e+10	0.1352	1.409
7.143e+10	0.1352	1.409
7.145e+10	0.1352	1.409
7.147e+10	0.1352	1.409
7.149e+10	0.1352	1.409
7.151e+10	0.1351	1.409
7.153e+10	0.1351	1.409
7.155e+10	0.1351	1.408
7.158e+10	0.1351	1.409
7.16e+10	0.1351	1.409
7.162e+10	0.1351	1.408
7.164e+10	0.135	1.408
7.166e+10	0.135	1.407
7.168e+10	0.1349	1.407
7.17e+10	0.1349	1.407
7.173e+10	0.1349	1.406
7.175e+10	0.1348	1.406
7.177e+10	0.1348	1.406
7.179e+10	0.1347	1.405
7.181e+10	0.1347	1.405
7.183e+10	0.1348	1.405
7.185e+10	0.1348	1.405
7.188e+10	0.1347	1.405
7.19e+10	0.1347	1.404
7.192e+10	0.1347	1.404
7.194e+10	0.1347	1.404
7.196e+10	0.1346	1.403
7.198e+10	0.1346	1.403
7.201e+10	0.1345	1.403
7.203e+10	0.1345	1.402
7.205e+10	0.1345	1.402
7.207e+10	0.1345	1.402
7.209e+10	0.1344	1.402
7.211e+10	0.1344	1.401
7.213e+10	0.1343	1.401
7.216e+10	0.1343	1.401
7.218e+10	0.1342	1.4
7.22e+10	0.1342	1.4
7.222e+10	0.1342	1.4
7.224e+10	0.1341	1.399
7.226e+10	0.1341	1.399
7.228e+10	0.1341	1.399
7.231e+10	0.1341	1.399
7.233e+10	0.134	1.398
7.235e+10	0.134	1.398
7.237e+10	0.134	1.398
7.239e+10	0.1339	1.397
7.241e+10	0.1339	1.397
7.243e+10	0.1338	1.396
7.246e+10	0.1337	1.396
7.248e+10	0.1337	1.396
7.25e+10	0.1337	1.395
7.252e+10	0.1336	1.395
7.254e+10	0.1336	1.395
7.256e+10	0.1335	1.394
7.258e+10	0.1335	1.394
7.26e+10	0.1334	1.393
7.263e+10	0.1334	1.393
7.265e+10	0.1334	1.393
7.267e+10	0.1334	1.393
7.269e+10	0.1333	1.392
7.271e+10	0.1334	1.393
7.273e+10	0.1333	1.392
7.276e+10	0.1333	1.392
7.277e+10	0.1333	1.392
7.28e+10	0.1333	1.392
7.282e+10	0.1332	1.392
7.284e+10	0.1333	1.392
7.286e+10	0.1332	1.391
7.288e+10	0.1332	1.391
7.29e+10	0.1331	1.391
7.292e+10	0.1331	1.39
7.294e+10	0.1331	1.39
7.297e+10	0.133	1.39
7.299e+10	0.133	1.389
7.301e+10	0.133	1.389
7.303e+10	0.133	1.389
7.305e+10	0.1329	1.389
7.307e+10	0.1329	1.388
7.309e+10	0.1329	1.388
7.311e+10	0.1329	1.388
7.314e+10	0.1329	1.388
7.316e+10	0.1328	1.388
7.318e+10	0.1328	1.388
7.32e+10	0.1328	1.387
7.322e+10	0.1328	1.387
7.324e+10	0.1327	1.387
7.326e+10	0.1327	1.387
7.329e+10	0.1327	1.386
7.331e+10	0.1327	1.386
7.333e+10	0.1326	1.386
7.335e+10	0.1326	1.385
7.337e+10	0.1325	1.385
7.339e+10	0.1325	1.385
7.342e+10	0.1325	1.384
7.344e+10	0.1324	1.384
7.346e+10	0.1324	1.384
7.348e+10	0.1323	1.383
7.35e+10	0.1324	1.383
7.352e+10	0.1324	1.383
7.354e+10	0.1323	1.383
7.356e+10	0.1323	1.383
7.358e+10	0.1323	1.382
7.361e+10	0.1322	1.382
7.363e+10	0.1322	1.382
7.365e+10	0.1322	1.382
7.367e+10	0.1321	1.381
7.369e+10	0.1321	1.381
7.371e+10	0.1321	1.381
7.373e+10	0.1321	1.38
7.375e+10	0.1321	1.38
7.378e+10	0.132	1.38
7.38e+10	0.132	1.38
7.382e+10	0.132	1.38
7.384e+10	0.1319	1.379
7.386e+10	0.1319	1.379
7.388e+10	0.1319	1.379
7.391e+10	0.1319	1.379
7.393e+10	0.1319	1.379
7.395e+10	0.1318	1.378
7.397e+10	0.1318	1.378
7.399e+10	0.1318	1.378
7.402e+10	0.1318	1.378
7.404e+10	0.1318	1.378
7.406e+10	0.1317	1.378
7.408e+10	0.1317	1.378
7.41e+10	0.1317	1.378
7.412e+10	0.1317	1.377
7.414e+10	0.1316	1.377
7.416e+10	0.1316	1.377
7.418e+10	0.1316	1.377
7.421e+10	0.1315	1.376
7.422e+10	0.1315	1.376
7.424e+10	0.1316	1.377
7.427e+10	0.1316	1.377
7.429e+10	0.1315	1.376
7.431e+10	0.1315	1.376
7.433e+10	0.1315	1.376
7.435e+10	0.1315	1.376
7.437e+10	0.1315	1.376
7.439e+10	0.1314	1.376
7.442e+10	0.1314	1.375
7.444e+10	0.1314	1.375
7.446e+10	0.1313	1.375
7.448e+10	0.1313	1.375
7.45e+10	0.1313	1.374
7.452e+10	0.1314	1.375
7.454e+10	0.1313	1.374
7.456e+10	0.1313	1.374
7.458e+10	0.1313	1.374
7.46e+10	0.1312	1.373
7.463e+10	0.1312	1.373
7.465e+10	0.1312	1.373
7.467e+10	0.1311	1.372
7.469e+10	0.1311	1.372
7.471e+10	0.1311	1.372
7.473e+10	0.1311	1.372
7.475e+10	0.1311	1.372
7.477e+10	0.131	1.371
7.479e+10	0.131	1.371
7.481e+10	0.131	1.371
7.484e+10	0.1309	1.371
7.486e+10	0.1309	1.37
7.488e+10	0.1309	1.37
7.49e+10	0.1309	1.37
7.492e+10	0.1308	1.369
7.494e+10	0.1308	1.369
7.496e+10	0.1307	1.369
7.498e+10	0.1307	1.369
7.5e+10	0.1307	1.368
7.502e+10	0.1307	1.368
7.504e+10	0.1307	1.368
7.506e+10	0.1306	1.368
7.508e+10	0.1306	1.367
7.51e+10	0.1306	1.367
7.512e+10	0.1306	1.367
7.515e+10	0.1305	1.367
7.517e+10	0.1305	1.366
7.519e+10	0.1305	1.366
7.521e+10	0.1305	1.366
7.523e+10	0.1305	1.366
7.525e+10	0.1304	1.366
7.527e+10	0.1304	1.365
7.53e+10	0.1304	1.365
7.532e+10	0.1304	1.365
7.534e+10	0.1303	1.364
7.536e+10	0.1303	1.364
7.538e+10	0.1302	1.364
7.54e+10	0.1302	1.364
7.542e+10	0.1302	1.363
7.544e+10	0.1301	1.363
7.546e+10	0.1301	1.363
7.549e+10	0.1301	1.362
7.551e+10	0.13	1.362
7.553e+10	0.13	1.362
7.555e+10	0.13	1.362
7.557e+10	0.13	1.362
7.56e+10	0.1299	1.361
7.562e+10	0.1299	1.361
7.564e+10	0.1298	1.36
7.566e+10	0.1298	1.36
7.568e+10	0.1298	1.36
7.57e+10	0.1298	1.36
7.573e+10	0.1298	1.36
7.575e+10	0.1297	1.359
7.577e+10	0.1297	1.359
7.579e+10	0.1297	1.359
7.581e+10	0.1297	1.359
7.583e+10	0.1296	1.359
7.585e+10	0.1296	1.359
7.587e+10	0.13	1.366
7.589e+10	0.13	1.366
7.591e+10	0.13	1.366
7.593e+10	0.1299	1.365
7.595e+10	0.1298	1.365
7.597e+10	0.1298	1.365
7.6e+10	0.1298	1.365
7.601e+10	0.1298	1.364
7.603e+10	0.1298	1.364
7.605e+10	0.1297	1.364
7.607e+10	0.1297	1.363
7.609e+10	0.1297	1.363
