# round trips	 doserror
0	1228
0	1226
0	1221
0	1219
0	1213
0	1213
0	1213
0	1212
0	1212
0	1212
0	1210
0	1210
0	1210
0	1210
0	1203
0	1200
0	1200
0	1200
0	1200
0	1200
0	1200
0	1196
0	1183
0	1179
0	1179
0	1179
0	1179
0	1179
0	1179
0	1179
0	1179
0	1177
0	1177
0	1177
0	1177
0	1177
0	1174
0	1174
0	1171
0	1166
0	1166
0	1166
0	1166
0	1166
0	1166
0	1155
0	1145
0	1139
0	1139
0	1139
0	1139
0	1139
0	1139
0	1139
0	1139
0	1139
0	1139
0	1139
0	1139
0	1139
0	1139
0	1139
0	1139
0	1139
0	1139
0	1139
0	1139
0	1139
0	1139
0	1138
0	1138
0	1138
0	1138
0	1138
0	1138
0	1138
0	1138
0	1138
0	1131
0	1104
0	1104
0	1104
0	1104
0	1104
0	1104
0	1104
0	1104
0	1104
0	1104
0	1104
0	1104
0	1104
0	1104
0	1104
0	1104
0	1104
0	1104
0	1104
0	1104
0	1103
0	1099
0	1099
0	1099
0	1099
0	1099
0	1099
0	1099
0	1099
0	1099
0	1099
0	1099
0	1099
0	1099
0	1099
0	1099
0	1099
0	1099
0	1099
0	1099
0	1099
0	1099
0	1099
0	1099
0	1099
0	1099
0	1099
0	1098
0	1060
0	1060
0	1060
0	1060
0	1060
0	1060
0	1060
0	1060
0	1060
0	1060
0	1060
0	1060
0	1060
0	1060
0	1060
0	1060
0	1060
0	1060
0	1060
0	1060
0	1060
0	1060
0	1060
0	1060
0	1060
0	1060
0	1060
0	1060
0	1060
0	1060
0	1060
0	1060
0	1060
0	1060
0	1060
0	1060
0	1060
0	1060
0	1060
0	1060
0	1060
0	1060
0	1060
0	1060
0	1060
0	1060
0	1060
0	1059
0	1059
0	1059
0	1059
0	1059
0	1059
0	1059
0	1059
0	1059
0	1059
0	1059
0	1059
0	1059
0	1059
0	1059
0	1059
0	1059
0	1059
0	1059
0	1059
0	1059
0	1044
0	1044
0	1044
0	1044
0	1044
0	1044
0	1043
0	1043
0	1043
0	1043
0	1043
0	1043
0	1043
0	1043
0	1043
0	1043
0	1043
0	1043
0	1033
0	1008
0	1008
0	1008
0	1008
0	1008
0	1008
0	1008
0	1008
0	1004
0	1004
0	1004
0	1004
0	1004
0	1004
0	1004
0	1004
0	1004
0	1004
0	1004
0	1004
0	1004
0	1004
0	1004
0	1004
0	1004
0	1004
0	1004
0	1004
0	1004
0	1004
0	1004
0	1004
0	1004
0	1004
0	1004
0	1004
0	1004
0	1004
0	1004
0	1004
0	1004
0	1004
0	1004
0	1004
0	1004
0	1004
0	1004
0	1004
0	1004
0	1004
0	1004
0	1004
0	1004
0	1004
0	1004
0	1004
0	1004
0	1004
0	1004
0	1004
0	1004
0	1004
0	1004
0	1004
0	1004
0	1004
0	1004
0	1004
0	1004
0	1004
0	1004
0	1004
0	1004
0	1004
0	1004
0	1004
0	1004
0	1004
0	1004
0	1004
0	1004
0	1004
0	1004
0	1004
0	1004
0	1004
0	1004
0	1003
0	1003
0	1003
0	1003
0	1002
0	1002
0	1002
0	1002
0	1002
0	1002
0	1002
0	1002
0	1002
0	985.6
0	985.4
0	980.6
0	980.6
0	980.6
0	980.6
0	980.6
0	980.6
0	980.6
0	980.6
0	980.6
0	980.5
0	980.5
0	980.5
0	980.5
0	980.5
0	980.5
0	980.5
0	980.5
0	980.5
0	980.5
0	980.5
0	980.5
0	980.5
0	980.5
0	980.5
0	980.5
0	980.5
0	980.5
0	980.5
0	980.5
0	980.5
0	980.5
0	980.5
0	980.5
0	980.5
0	980.5
0	980.5
0	980.5
0	980.5
0	980.5
0	980.5
0	980.5
0	980.4
0	971.9
0	971.9
0	971.8
0	971.8
0	971.8
0	971.8
0	971.7
0	971.5
0	971.5
0	971.5
0	971.5
0	971.5
0	971.5
0	971.5
0	971.5
0	971.5
0	971.5
0	971.5
0	971.5
0	971.5
0	971.5
0	971.5
0	971.5
0	971.5
0	971.5
0	971.7
0	971.7
0	971.7
0	971.7
0	962.5
0	962.4
0	959.6
0	959.6
0	959.6
0	959.6
0	959.6
0	959.6
0	959.6
0	959.6
0	959.6
0	959.6
0	959.6
0	959.6
0	959.6
0	959.6
0	959.6
0	959.6
0	959.6
0	959.6
0	959.6
0	959.6
0	959.6
0	957.1
0	957.1
0	954.8
0	954.8
0	954.8
0	954.8
0	954.8
0	954.8
0	954.8
0	954.8
0	954.8
0	954.8
0	954.8
0	954.8
0	954.8
0	954.8
0	954.8
0	954.8
0	954.8
0	954.8
0	954.8
0	954.8
0	954.8
0	954.8
0	954.8
0	954.8
0	954.8
0	954.7
0	954.7
0	954.7
0	954.7
0	954.7
0	954.7
0	954.7
0	954.7
0	954.7
0	954.7
0	954.7
0	954.7
0	954.7
0	954.7
0	954.7
0	954.6
0	954.6
0	954.6
0	954.6
0	954.5
0	954.4
0	954.4
0	954.2
0	954
0	945.4
0	945.5
0	945.3
0	945.1
0	937.1
0	937.1
0	937
0	936.9
0	936.9
0	936.8
0	936.8
0	936.8
0	936.8
0	936.8
0	936.8
0	936.8
0	936.8
0	936.8
0	936.8
0	936.8
0	936.8
0	936.8
0	936.8
0	936.9
0	936.9
0	936.9
0	936.9
0	936.8
0	936.8
0	936.8
0	936.8
0	936.8
0	936.8
0	936.8
0	936.8
0	936.8
0	936.8
0	936.8
0	936.8
0	936.8
0	936.8
0	936.8
0	936.8
0	936.8
0	936.8
0	936.8
0	936.8
0	936.8
0	936.8
0	936.8
0	936.8
0	936.8
0	936.8
0	936.8
0	936.8
0	936.8
0	936.8
0	916.7
0	917
0	764.6
0	764.2
0	755.6
0	757.5
0	757.8
0	757.8
0	757.9
0	758
0	758.1
0	758.2
0	758.3
0	758.3
0	758.4
0	758.5
0	758.6
0	758.6
0	758.6
0	758.6
0	758.5
0	758.5
0	758.5
0	758.5
0	758.5
0	758.5
0	758.5
0	758.5
0	758.5
0	758.4
0	758.4
0	758.4
0	758.4
0	758.4
0	758.4
0	758.4
0	758.4
0	758.4
0	758.4
0	758.4
0	758.4
0	758.4
0	758.4
0	758.4
0	758.4
0	758.4
0	758.4
0	758.4
0	758.4
0	758.4
0	758.3
0	758.3
0	758.3
0	758.3
0	758.3
0	758.3
0	758.3
0	758.3
0	758.3
0	758.3
0	758.3
0	758.3
0	758.3
0	758.2
0	758.3
0	758.2
0	758.2
0	758.2
0	758.2
0	758.2
0	758.2
0	758.2
0	758.2
0	758.2
0	758.2
0	758.2
0	758.2
0	758.2
0	758.2
0	758.2
0	758.2
0	758.2
0	758.2
0	758.2
0	758.2
0	758.2
0	758.2
0	758.1
0	758.1
0	758.1
0	758.1
0	758.1
0	758.1
0	758.1
0	758.1
0	758.1
0	758.1
0	758.1
0	758.1
0	758.1
0	758.1
0	758.1
0	758.1
0	758.1
0	758.1
0	758.1
0	758.1
0	758.1
0	758.1
0	758.1
0	758.1
0	758.1
0	758.1
0	758.1
0	758.1
0	758.1
0	758
0	758.1
0	758
0	758
0	758
0	758
0	758
0	758
0	758
0	758
0	758
0	758
0	758
0	758
0	758
0	758
0	758
0	758
0	758
0	758
0	758
0	758
0	758
0	758
0	758
0	758
0	758
0	758
0	758
0	758
0	758
0	758
0	758
0	757.9
0	757.9
0	757.9
0	757.9
0	757.9
0	757.9
0	757.9
0	757.9
0	757.9
0	757.9
0	757.9
0	757.9
0	757.9
0	757.9
0	757.8
0	757.8
0	757.7
0	757.7
0	757.7
0	757.6
0	757.6
0	757.5
0	757.4
0	757.4
0	757.4
0	757.4
0	757.4
0	757.4
0	757.3
0	757.3
0	757.3
0	757.3
0	757.3
0	757.3
0	757.2
0	757.2
0	757.2
0	757.1
0	757.1
0	757.2
0	757.3
0	757.4
0	757.5
0	757.6
0	757.7
0	757.7
0	757.8
0	757.8
0	758
0	758
0	758
0	758
0	758
0	758
0	758
0	758
0	757.9
0	758
0	757.9
0	757.9
0	757.9
0	757.9
0	757.9
0	757.9
0	757.9
0	757.9
0	757.9
0	757.9
0	757.9
0	757.9
0	757.9
0	757.9
0	757.9
0	757.9
0	757.9
0	757.8
0	757.8
0	757.8
0	757.7
0	757.8
0	757.8
0	757.8
0	757.8
0	757.8
0	757.8
0	757.8
0	757.7
0	757.7
0	757.7
0	757.7
0	757.7
0	757.6
0	757.6
0	757.6
0	757.6
0	757.6
0	757.6
0	757.6
0	757.6
0	757.6
0	757.6
0	757.7
0	757.8
0	757.8
0	757.8
0	757.8
0	757.8
0	757.7
0	757.7
0	757.8
0	757.8
0	757.9
0	757.9
0	757.9
0	757.9
0	757.9
0	758
0	758
0	758
0	758
0	758
0	758
0	758
0	758
0	758
0	758
0	758
0	758
0	758
0	758
0	758
0	758
0	758
0	758
0	758
0	758
0	758
0	758
0	758
0	758
0	757.9
0	757.9
0	757.9
0	757.9
0	757.9
0	757.9
0	757.9
0	757.9
0	757.9
0	757.9
0	757.9
0	757.9
0	757.9
0	758
0	758
0	758
0	758
0	758
0	758
0	758
0	758
0	758
0	757.9
0	757.9
0	757.9
0	758
0	757.9
0	757.9
0	757.9
0	757.9
0	757.9
0	757.9
0	757.9
0	757.9
0	757.9
0	757.9
0	757.9
0	757.9
0	757.9
0	757.9
0	757.9
0	757.9
0	757.9
0	758
0	758
0	758
0	758
0	758
0	758
0	758
0	758
0	758
0	758
0	758
0	758
0	758
0	758
0	758
0	758
0	758
0	758
0	758
0	758
0	758
0	758
0	758
0	758
0	758
0	758
0	758
0	758
0	758
0	758
0	758
0	758
0	758
0	758
0	758
0	758
0	758
0	758
0	758
0	758
0	758
0	758
0	758
0	758
0	758
0	758
0	758
0	758
0	758
0	758
0	758
0	758
0	758
0	758
0	758
0	758
0	758
0	758
0	758
0	758
0	758
0	758
0	758
0	758
0	758
0	758
0	758
0	758
0	758
0	758
0	758
0	758
0	758
0	758
0	758
0	758
0	758
0	758
0	758
0	758
0	758
0	758
0	758
0	758
0	758
0	758
0	758
0	758
0	758
0	758
0	757.9
0	757.9
0	757.9
0	757.9
0	757.9
0	757.9
0	757.9
0	757.9
0	758
0	758
0	758
0	758
0	758
0	758
0	758
0	758
0	758
0	758
0	758
0	758
0	758
0	758
0	758
0	758
0	758
0	758
0	758
0	758
0	758
0	758
0	758
0	758
0	758
0	758
0	758
0	758
0	758
0	758
0	758
0	758
0	758
0	758
0	758
0	758
0	758
0	758
0	758
0	757.9
0	757.9
0	757.9
0	757.9
0	757.9
0	757.9
0	757.9
0	757.9
0	757.9
0	757.9
0	757.9
0	757.9
0	757.9
0	757.9
0	757.9
0	757.9
0	758
0	758
0	758
0	758
0	758
0	758
0	757.9
0	757.9
0	758
0	758
0	757.9
0	757.9
0	757.9
0	757.9
0	757.9
0	757.9
0	757.9
0	757.9
0	757.9
0	757.9
0	757.9
0	758
0	758
0	758
0	757.9
0	757.9
0	757.9
0	758
0	757.9
0	757.9
0	757.9
0	757.9
0	757.9
0	757.9
0	757.9
0	757.9
0	758
0	757.9
0	757.9
0	757.9
0	757.9
0	757.9
0	757.9
0	757.9
0	757.9
0	757.9
0	757.9
0	757.9
0	757.9
0	757.9
0	757.9
0	757.9
0	757.9
0	757.9
0	757.9
0	757.9
0	757.9
0	757.9
0	757.9
0	757.9
0	757.9
0	757.9
