# iterations	 errorinentropy	 maxerror	(generated with python figs/yaml-multi-comparison.py /home/jordan/ising-cp-data/ /home/jordan/deft/papers/histogram/data/ising-sad-128-s1-reference-lndos.dat ising/N128 128 32768 100 true 8 ising-sad-128 ising-samc-1e5-128 ising-samc-1e6-128 ising-samc-1e7-128 ising-wl-128 ising-wl-inv-t-128
0.007812	2956	6.932e+04
0.01562	2956	6.932e+04
0.02344	2956	6.932e+04
0.03125	2956	6.932e+04
0.04688	2956	6.932e+04
0.05469	2956	6.932e+04
0.07812	2956	6.932e+04
0.1016	2956	6.932e+04
0.1406	2956	6.932e+04
0.1875	2956	6.932e+04
0.25	2956	6.932e+04
0.3281	2956	6.932e+04
0.4375	2956	6.932e+04
0.5859	2956	6.932e+04
0.7812	2956	6.932e+04
1.039	2956	6.932e+04
1.391	2956	6.932e+04
1.852	2956	6.932e+04
2.469	2956	6.932e+04
3.297	2956	6.932e+04
4.391	2956	6.932e+04
5.859	2956	6.932e+04
7.812	2956	6.932e+04
10.42	2956	6.932e+04
13.89	2956	6.932e+04
18.52	2956	6.932e+04
24.7	2956	6.932e+04
32.95	2956	6.932e+04
43.93	2956	6.932e+04
58.59	2956	6.932e+04
78.12	2956	6.932e+04
104.2	2956	6.932e+04
138.9	2955	6.932e+04
185.3	2954	6.932e+04
247.1	2954	6.929e+04
329.5	2953	6.929e+04
439.3	2952	6.927e+04
585.9	2950	6.925e+04
781.2	2948	6.925e+04
1042	2946	6.925e+04
1389	2941	6.922e+04
1853	2935	6.918e+04
2471	2929	6.918e+04
3295	2918	6.914e+04
4393	2904	6.911e+04
5859	2888	6.908e+04
7812	2863	6.9e+04
1.042e+04	2834	6.897e+04
1.389e+04	2793	6.89e+04
1.853e+04	2739	6.878e+04
2.471e+04	2669	6.858e+04
3.295e+04	2582	6.845e+04
4.393e+04	2475	6.833e+04
5.859e+04	2371	6.81e+04
7.812e+04	2154	6.801e+04
1.042e+05	2040	6.778e+04
1.389e+05	1933	6.725e+04
1.853e+05	2070	6.697e+04
2.471e+05	2230	6.642e+04
3.295e+05	2513	6.576e+04
4.393e+05	3103	6.512e+04
5.859e+05	3987	6.449e+04
7.812e+05	4755	6.348e+04
1.042e+06	5566	6.245e+04
1.389e+06	6353	6.156e+04
1.853e+06	6189	6.053e+04
2.471e+06	7031	6.004e+04
3.295e+06	5641	5.887e+04
4.393e+06	4744	5.824e+04
5.859e+06	3893	5.824e+04
7.812e+06	2653	5.824e+04
1.042e+07	1950	5.824e+04
1.389e+07	1864	3.026e+04
1.853e+07	1134	1.444e+04
2.471e+07	671.3	9048
3.295e+07	313.5	3998
4.393e+07	139.4	6421
5.859e+07	104.9	8329
7.812e+07	68.73	9768
1.042e+08	50.95	1.085e+04
1.389e+08	44.35	1.168e+04
1.853e+08	10.95	1.227e+04
2.471e+08	15.73	1.274e+04
3.295e+08	5.355	1.308e+04
4.393e+08	3.441	1.335e+04
5.859e+08	3.475	1.355e+04
7.812e+08	5.199	1.37e+04
1.042e+09	3.388	1.382e+04
1.389e+09	3.403	1.389e+04
1.853e+09	3.417	1.396e+04
2.471e+09	3.427	1.401e+04
3.295e+09	3.436	1.404e+04
4.393e+09	3.442	1.407e+04
5.859e+09	3.447	1.409e+04
7.812e+09	3.451	1.41e+04
1.042e+10	3.454	1.411e+04
1.389e+10	3.456	1.412e+04
1.853e+10	3.457	1.413e+04
2.471e+10	3.459	1.413e+04
