0	0.0138735795339242
0.25	0.0147944297446969
0.5	0.0157077211440301
0.75	0.0166249687996175
1	0.0175388789291835
1.25	0.0184489741904941
1.5	0.0193666720906197
1.75	0.020278708324851
2	0.0211954165713356
2.25	0.022112694893049
2.33	0.022402922232681
2.41	0.0226976586715663
2.49	0.0229888983042688
2.52	0.0230972868206753
2.55	0.0232099720399061
2.58	0.0233182197499806
2.61	0.0234299584847174
2.64	0.023536721508786
2.67	0.0236482471037428
2.7	0.023745348840638
2.73	0.0237298409143876
2.76	0.0237462538553782
2.79	0.0237414810385595
3.04	0.0237462571963683
3.29	0.0237453221440197
