0	2.28e-05	0.976552
0.0998822	2.28e-05	0.95732
0.199764	2.28e-05	0.96169
0.299647	2.28e-05	0.949073
0.399529	2.28e-05	0.942652
0.499411	2.28e-05	0.849559
0.599293	2.28e-05	0.706959
0.699176	2.28e-05	0.589681
0.799058	2.28e-05	0.519836
0.89894	2.28e-05	0.468392
0.998822	2.28e-05	0.42837
1.0987	2.28e-05	0.395107
1.19859	2.28e-05	0.368085
1.29847	2.28e-05	0.344825
1.39835	2.28e-05	0.325111
1.49823	2.28e-05	0.308164
1.59812	2.28e-05	0.29333
1.698	2.28e-05	0.279976
1.79788	2.28e-05	0.26831
1.89776	2.28e-05	0.25784
1.99764	2.28e-05	0.248208
2.09753	2.28e-05	0.239138
2.19741	2.28e-05	0.230672
2.29729	2.28e-05	0.222846
2.39717	2.28e-05	0.215645
2.49706	2.28e-05	0.208885
2.59694	2.28e-05	0.202522
2.69682	2.28e-05	0.196609
2.7967	2.28e-05	0.19106
2.89659	2.28e-05	0.18567
2.99647	2.28e-05	0.180242
3.09635	2.28e-05	0.175238
3.19623	2.28e-05	0.170776
3.29611	2.28e-05	0.166606
3.396	0.018551	0.162515
3.49588	0.015758	0.158908
3.59576	0.013575	0.155448
3.69564	0.0118519	0.152234
3.79553	0.0104791	0.149254
3.89541	0.00937241	0.146519
3.99529	0.00847297	0.143988
4.09517	0.00773372	0.141666
4.19505	0.00712122	0.139445
4.29494	0.00661051	0.137471
4.39482	0.00618295	0.135611
4.4947	0.00582408	0.133869
4.59458	0.00552122	0.132244
4.69447	0.00526422	0.130786
4.79435	0.00504567	0.129285
4.89423	0.00485942	0.12785
4.99411	0.00470038	0.126233
5.09399	0.00456512	0.125647
5.19388	0.00445088	0.124288
5.29376	0.00435507	0.123901
5.39364	0.00427556	0.123351
5.49352	0.00421055	0.122999
5.59341	0.00415849	0.121871
5.69329	0.00411801	0.121696
5.79317	0.00408809	0.121425
5.89305	0.00406795	0.12129
5.99293	0.00405696	0.1214
6.09282	0.00405436	0.121119
6.1927	0.00405951	0.12305
6.29258	0.00407222	0.125727
6.39246	0.00409236	0.12886
6.49235	0.00411936	0.131113
6.59223	0.00415258	0.133107
6.69211	0.00419133	0.134488
6.79199	0.00423586	0.13568
6.89187	0.00428556	0.136417
6.99176	0.00434031	0.137034
7.09164	0.00440035	0.137307
7.19152	0.00446511	0.137514
7.2914	0.00453396	0.137462
7.39129	0.00460625	0.137384
7.49117	0.00468128	0.137111
7.59105	0.00475838	0.136842
7.69093	0.00483682	0.136426
7.79082	0.00491595	0.136036
7.8907	0.00499499	0.135537
7.99058	0.0050734	0.135079
8.09046	0.00515046	0.134543
8.19034	0.00522628	0.134057
8.29023	0.00529933	0.133515
8.39011	0.00536776	0.133029
8.48999	0.00542913	0.132504
8.58987	0.00548286	0.13204
8.68976	0.00552994	0.13155
8.78964	0.00556738	0.131122
8.88952	0.00559333	0.130679
8.9894	0.00560687	0.130297
9.08928	0.0055999	0.129909
9.18917	0.00556566	0.129581
9.28905	0.00551008	0.129252
9.38893	0.005442	0.128982
9.48881	0.00536833	0.128716
9.5887	0.00529338	0.128506
9.68858	0.00522017	0.128303
9.78846	0.00515051	0.128154
9.88834	0.00508566	0.128014
9.98822	0.00502626	0.127925
10.0881	0.00497273	0.127846
10.188	0.00492517	0.127816
10.2879	0.0048836	0.127795
10.3878	0.00484789	0.12782
10.4876	0.00481784	0.127855
10.5875	0.00479322	0.127931
10.6874	0.00477375	0.128016
10.7873	0.00475913	0.128138
10.8872	0.00474907	0.128267
10.987	0.00474322	0.128428
11.0869	0.00474129	0.128592
11.1868	0.00474294	0.128785
11.2867	0.00474785	0.128976
11.3866	0.00475569	0.129191
11.4865	0.00476615	0.129399
11.5863	0.00477891	0.129623
11.6862	0.00479366	0.129834
11.7861	0.00481007	0.130055
11.886	0.00482786	0.130254
11.9859	0.00484671	0.130453
12.0858	0.00486633	0.130617
12.1856	0.00488644	0.130767
12.2855	0.00490677	0.130873
12.3854	0.00492703	0.130959
12.4853	0.00494698	0.131003
12.5852	0.00496636	0.131029
12.685	0.00498497	0.131018
12.7849	0.00500257	0.130995
12.8848	0.00501898	0.13094
12.9847	0.00503401	0.13088
13.0846	0.00504753	0.130795
13.1845	0.00505938	0.13071
13.2843	0.00506947	0.130607
13.3842	0.00507772	0.130508
13.4841	0.00508406	0.130396
13.584	0.00508846	0.130293
13.6839	0.00509094	0.130181
13.7837	0.0050915	0.130081
13.8836	0.00509021	0.129977
13.9835	0.00508715	0.129886
14.0834	0.00508242	0.129793
14.1833	0.00507616	0.129715
14.2832	0.00506852	0.129638
14.383	0.00505968	0.129576
14.4829	0.00504983	0.129516
14.5828	0.00503918	0.129472
14.6827	0.00502795	0.129429
14.7826	0.00501636	0.129403
14.8825	0.00500466	0.129379
14.9823	0.00499309	0.12937
15.0822	0.00498186	0.129362
15.1821	0.0049712	0.129369
15.282	0.00496129	0.129378
15.3819	0.00495226	0.129399
15.4817	0.00494424	0.12942
15.5816	0.00493732	0.129452
15.6815	0.00493153	0.129484
15.7814	0.00492692	0.129526
15.8813	0.00492347	0.129565
15.9812	0.00492116	0.129612
16.081	0.00491996	0.129656
16.1809	0.0049198	0.129706
16.2808	0.00492063	0.129752
16.3807	0.00492234	0.129802
16.4806	0.00492486	0.129846
16.5805	0.00492809	0.129893
16.6803	0.00493194	0.129933
16.7802	0.00493629	0.129976
16.8801	0.00494105	0.130009
16.98	0.00494611	0.130044
17.0799	0.00495138	0.13007
17.1797	0.00495676	0.130096
17.2796	0.00496216	0.130113
17.3795	0.00496749	0.13013
17.4794	0.00497267	0.130137
17.5793	0.00497763	0.130144
17.6792	0.00498231	0.130142
17.779	0.00498664	0.13014
17.8789	0.00499059	0.130129
17.9788	0.0049941	0.130119
18.0787	0.00499715	0.130102
18.1786	0.00499971	0.130086
18.2785	0.00500178	0.130063
18.3783	0.00500335	0.130042
18.4782	0.00500441	0.130017
18.5781	0.00500499	0.129994
18.678	0.00500509	0.129967
18.7779	0.00500474	0.129944
18.8777	0.00500397	0.129918
18.9776	0.00500281	0.129897
19.0775	0.00500131	0.129873
19.1774	0.0049995	0.129854
19.2773	0.00499742	0.129834
19.3772	0.00499513	0.129819
19.477	0.00499267	0.129803
19.5769	0.0049901	0.129793
19.6768	0.00498745	0.129781
19.7767	0.00498477	0.129776
19.8766	0.00498211	0.129769
19.9764	0.00497951	0.129768
20.0763	0.00497701	0.129766
20.1762	0.00497464	0.129769
20.2761	0.00497244	0.129771
20.376	0.00497044	0.129778
20.4759	0.00496865	0.129783
20.5757	0.00496709	0.129793
20.6756	0.00496579	0.1298
20.7755	0.00496474	0.129812
20.8754	0.00496396	0.129822
20.9753	0.00496344	0.129835
21.0752	0.00496317	0.129845
21.175	0.00496316	0.129858
21.2749	0.00496338	0.129869
21.3748	0.00496382	0.129882
21.4747	0.00496446	0.129892
21.5746	0.00496528	0.129904
21.6744	0.00496626	0.129912
21.7743	0.00496737	0.129923
21.8742	0.00496858	0.129929
21.9741	0.00496988	0.129938
22.074	0.00497124	0.129943
22.1739	0.00497263	0.129949
22.2737	0.00497402	0.129952
22.3736	0.00497539	0.129956
22.4735	0.00497673	0.129956
22.5734	0.00497801	0.129958
22.6733	0.00497921	0.129956
22.7732	0.00498031	0.129956
22.873	0.00498132	0.129953
22.9729	0.0049822	0.129951
23.0728	0.00498296	0.129946
23.1727	0.00498358	0.129943
23.2726	0.00498407	0.129937
23.3724	0.00498443	0.129933
23.4723	0.00498465	0.129926
23.5722	0.00498473	0.129922
23.6721	0.00498469	0.129915
23.772	0.00498452	0.129911
23.8719	0.00498425	0.129904
23.9717	0.00498387	0.1299
24.0716	0.0049834	0.129894
24.1715	0.00498285	0.12989
24.2714	0.00498223	0.129885
24.3713	0.00498156	0.129883
24.4711	0.00498085	0.129878
24.571	0.00498011	0.129877
24.6709	0.00497936	0.129874
24.7708	0.0049786	0.129873
24.8707	0.00497786	0.129871
24.9706	0.00497714	0.129871
25.0704	0.00497645	0.12987
25.1703	0.00497581	0.129872
25.2702	0.00497521	0.129872
25.3701	0.00497468	0.129874
25.47	0.0049742	0.129874
25.5699	0.0049738	0.129877
25.6697	0.00497347	0.129878
25.7696	0.00497321	0.129882
25.8695	0.00497303	0.129883
25.9694	0.00497293	0.129886
26.0693	0.00497289	0.129888
26.1691	0.00497293	0.129891
26.269	0.00497304	0.129893
26.3689	0.00497321	0.129896
26.4688	0.00497344	0.129898
26.5687	0.00497373	0.1299
26.6686	0.00497406	0.129901
26.7684	0.00497442	0.129904
26.8683	0.00497482	0.129904
26.9682	0.00497525	0.129906
27.0681	0.00497569	0.129906
27.168	0.00497614	0.129907
27.2679	0.0049766	0.129906
27.3677	0.00497705	0.129907
27.4676	0.00497749	0.129906
27.5675	0.00497791	0.129906
27.6674	0.00497831	0.129905
27.7673	0.00497868	0.129904
27.8671	0.00497902	0.129903
27.967	0.00497932	0.129902
28.0669	0.00497958	0.1299
28.1668	0.0049798	0.129899
28.2667	0.00497998	0.129897
28.3666	0.00498011	0.129896
28.4664	0.00498019	0.129894
28.5663	0.00498023	0.129893
28.6662	0.00498023	0.129891
28.7661	0.00498019	0.12989
28.866	0.0049801	0.129888
28.9659	0.00497998	0.129887
29.0657	0.00497982	0.129886
29.1656	0.00497964	0.129885
29.2655	0.00497942	0.129884
29.3654	0.00497919	0.129884
29.4653	0.00497893	0.129883
29.5651	0.00497866	0.129883
29.665	0.00497839	0.129883
29.7649	0.0049781	0.129883
29.8648	0.00497782	0.129883
29.9647	0.00497753	0.129884
30.0646	0.00497726	0.129884
30.1644	0.00497699	0.129886
30.2643	0.00497674	0.129886
30.3642	0.00497651	0.129887
30.4641	0.00497629	0.129888
30.564	0.0049761	0.129889
30.6638	0.00497593	0.12989
30.7637	0.00497578	0.129892
30.8636	0.00497567	0.129892
30.9635	0.00497558	0.129894
31.0634	0.00497551	0.129894
31.1633	0.00497548	0.129896
31.2631	0.00497547	0.129896
31.363	0.00497549	0.129898
31.4629	0.00497553	0.129898
31.5628	0.0049756	0.129899
31.6627	0.00497569	0.129899
31.7626	0.0049758	0.1299
31.8624	0.00497592	0.1299
31.9623	0.00497607	0.129901
32.0622	0.00497622	0.1299
32.1621	0.00497639	0.129901
32.262	0.00497657	0.1299
32.3618	0.00497675	0.1299
32.4617	0.00497693	0.129899
32.5616	0.00497712	0.129899
32.6615	0.0049773	0.129898
32.7614	0.00497748	0.129898
32.8613	0.00497765	0.129897
32.9611	0.00497782	0.129896
33.061	0.00497797	0.129895
33.1609	0.00497811	0.129895
33.2608	0.00497824	0.129893
33.3607	0.00497836	0.129893
33.4606	0.00497845	0.129892
33.5604	0.00497854	0.129891
33.6603	0.0049786	0.12989
33.7602	0.00497865	0.12989
33.8601	0.00497868	0.129889
33.96	0.0049787	0.129889
34.0598	0.0049787	0.129888
34.1597	0.00497868	0.129888
34.2596	0.00497864	0.129887
34.3595	0.00497859	0.129887
34.4594	0.00497853	0.129887
34.5593	0.00497846	0.129887
34.6591	0.00497837	0.129887
34.759	0.00497827	0.129888
34.8589	0.00497817	0.129888
34.9588	0.00497806	0.129889
35.0587	0.00497794	0.129889
35.1585	0.00497782	0.12989
35.2584	0.00497769	0.129891
35.3583	0.00497757	0.129892
35.4582	0.00497744	0.129892
35.5581	0.00497732	0.129894
35.658	0.00497719	0.129894
35.7578	0.00497708	0.129896
35.8577	0.00497696	0.129897
35.9576	0.00497686	0.129898
36.0575	0.00497676	0.129899
36.1574	0.00497667	0.1299
36.2573	0.00497658	0.129901
36.3571	0.00497651	0.129903
36.457	0.00497644	0.129904
36.5569	0.00497639	0.129905
36.6568	0.00497634	0.129906
36.7567	0.0049763	0.129907
36.8565	0.00497628	0.129907
36.9564	0.00497626	0.129908
37.0563	0.00497625	0.129909
37.1562	0.00497625	0.12991
37.2561	0.00497626	0.12991
37.356	0.00497628	0.129911
37.4558	0.0049763	0.129911
37.5557	0.00497634	0.129911
37.6556	0.00497638	0.129911
37.7555	0.00497642	0.129911
37.8554	0.00497647	0.129911
37.9553	0.00497652	0.129911
38.0551	0.00497658	0.12991
38.155	0.00497664	0.12991
38.2549	0.00497671	0.129909
38.3548	0.00497677	0.129909
38.4547	0.00497684	0.129908
38.5545	0.0049769	0.129907
38.6544	0.00497697	0.129906
38.7543	0.00497704	0.129906
38.8542	0.0049771	0.129905
38.9541	0.00497717	0.129904
39.054	0.00497723	0.129903
39.1538	0.00497729	0.129902
39.2537	0.00497735	0.129901
39.3536	0.0049774	0.1299
39.4535	0.00497745	0.129899
39.5534	0.0049775	0.129898
39.6533	0.00497755	0.129897
39.7531	0.00497759	0.129896
39.853	0.00497763	0.129895
39.9529	0.00497767	0.129894
40.0528	0.0049777	0.129893
40.1527	0.00497773	0.129892
40.2525	0.00497776	0.129891
40.3524	0.00497778	0.129891
40.4523	0.0049778	0.12989
40.5522	0.00497782	0.12989
40.6521	0.00497783	0.129889
40.752	0.00497785	0.129889
40.8518	0.00497785	0.129888
40.9517	0.00497786	0.129888
