# iterations	 errorinentropy	 maxerror	(generated with python figs/yaml-multi-comparison.py /home/jordan/ising-cp-data/ /home/jordan/deft/papers/histogram/data/ising-128-T15-reference-lndos.dat ising/N128 128 32408 0 true 8 ising-sad-128 ising-sad-128-T15 ising-samc-1e7-128 ising-wl-128 ising-wl-inv-t-128 ising-samc-1e8-128 ising-samc-1e9-128
0.007812	2897	1.104e+04
0.01562	2897	1.104e+04
0.02344	2897	1.104e+04
0.03125	2897	1.104e+04
0.04688	2897	1.104e+04
0.05469	2897	1.104e+04
0.07812	2897	1.104e+04
0.1016	2897	1.104e+04
0.1406	2897	1.104e+04
0.1875	2897	1.104e+04
0.25	2897	1.104e+04
0.3281	2897	1.104e+04
0.4375	2897	1.104e+04
0.5859	2897	1.104e+04
0.7812	2897	1.104e+04
1.039	2897	1.104e+04
1.391	2897	1.104e+04
1.852	2897	1.104e+04
2.469	2897	1.104e+04
3.297	2897	1.104e+04
4.391	2897	1.104e+04
5.859	2897	1.104e+04
7.812	2897	1.104e+04
10.42	2897	1.104e+04
13.89	2897	1.104e+04
18.52	2897	1.104e+04
24.7	2897	1.104e+04
32.95	2897	1.104e+04
43.93	2897	1.104e+04
58.59	2896	1.103e+04
78.12	2896	1.103e+04
104.2	2896	1.102e+04
138.9	2895	1.102e+04
185.3	2895	1.102e+04
247.1	2894	1.101e+04
329.5	2893	1.101e+04
439.3	2891	1.097e+04
585.9	2889	1.096e+04
781.2	2887	1.096e+04
1042	2883	1.096e+04
1389	2878	1.093e+04
1853	2872	1.093e+04
2471	2864	1.09e+04
3295	2852	1.085e+04
4393	2837	1.082e+04
5859	2817	1.08e+04
7812	2790	1.072e+04
1.042e+04	2755	1.063e+04
1.389e+04	2708	1.059e+04
1.853e+04	2646	1.047e+04
2.471e+04	2565	1.036e+04
3.295e+04	2458	1.019e+04
4.393e+04	2319	1.004e+04
5.859e+04	2141	9853
7.812e+04	2004	9603
1.042e+05	1977	9308
1.389e+05	2068	8997
1.853e+05	2132	8441
2.471e+05	2600	1.001e+04
3.295e+05	3272	1.232e+04
4.393e+05	4281	1.499e+04
5.859e+05	5609	1.776e+04
7.812e+05	7548	2.261e+04
1.042e+06	9375	2.764e+04
1.389e+06	1.135e+04	3.419e+04
1.853e+06	1.343e+04	4.238e+04
2.471e+06	1.483e+04	5.178e+04
3.295e+06	1.643e+04	6.557e+04
4.393e+06	1.75e+04	8.337e+04
5.859e+06	1.976e+04	1.081e+05
7.812e+06	1.829e+04	1.372e+05
1.042e+07	1.91e+04	1.258e+05
1.389e+07	1.939e+04	1.804e+05
1.853e+07	1.766e+04	1.245e+05
2.471e+07	1.789e+04	1.032e+05
3.295e+07	1.86e+04	1.194e+05
4.393e+07	1.771e+04	1.033e+05
5.859e+07	1.767e+04	1.791e+05
7.812e+07	1703	1.155e+04
1.042e+08	119.4	840.7
1.389e+08	20.11	74.72
1.853e+08	1.522	7.138
2.471e+08	1.971	6.328
3.295e+08	0.2185	1.806
4.393e+08	0.2165	1.238
5.859e+08	0.5323	1.685
7.812e+08	0.1399	0.6446
1.042e+09	0.06667	0.3947
1.389e+09	0.1082	0.449
1.853e+09	0.08203	0.3197
2.471e+09	0.05538	0.2287
3.295e+09	0.05054	0.2076
4.393e+09	0.04892	0.1998
5.859e+09	0.04834	0.1963
7.812e+09	0.04633	0.1888
1.042e+10	0.04543	0.1856
1.389e+10	0.04543	0.1856
1.853e+10	0.04543	0.1856
2.471e+10	0.04543	0.1856
3.295e+10	0.04543	0.1856
4.393e+10	0.04543	0.1856
5.859e+10	0.04543	0.1856
7.812e+10	0.04543	0.1856
1.042e+11	0.04543	0.1856
1.389e+11	0.04543	0.1856
1.853e+11	0.04543	0.1856
