# iterations	 errorinentropy	 maxerror	(generated with python figs/yaml-multi-comparison.py /home/jordan/weniger-cp-data/ /home/jordan/deft/papers/histogram/data/samc-1e5-256-reference-lndos.dat s000/periodic-ww1.50-ff0.17-N256 256 915 509 true 8 sad-256 wl-256 wl-inv-t-256 samc-1e3-256 samc-1e4-256 samc-1e5-256 samc-1e6-256
0.003906	74.19	274.6
0.007812	74.19	274.6
0.01172	74.19	274.6
0.01562	74.19	274.6
0.02344	74.19	274.6
0.02734	74.19	274.6
0.03906	74.19	274.6
0.05078	74.19	274.6
0.07031	74.19	274.6
0.09375	74.19	274.6
0.125	74.19	274.6
0.1641	74.19	274.6
0.2188	74.19	274.6
0.293	74.19	274.6
0.3906	74.19	274.6
0.5195	74.19	274.6
0.6953	74.19	274.6
0.9258	74.19	274.6
1.234	74.19	274.6
1.648	74.19	274.6
2.195	74.19	274.6
2.93	74.19	274.6
3.906	73.93	274.6
5.211	73.19	274
6.945	72.43	274
9.262	72.22	274
12.35	72.31	274
16.47	72.59	273.5
21.96	69.44	269.3
29.29	65.36	259.2
39.06	61.9	254.2
52.09	59.79	250.6
69.46	61.64	250.6
92.63	73.16	344.8
123.5	73.25	344.8
164.7	86.41	475
219.7	114.1	525.8
292.9	142.1	581
390.6	171.2	672.9
520.9	227.5	969.2
694.6	286.8	931.6
926.3	389.6	1009
1235	494.4	1432
1647	654.1	2049
2197	641.5	2154
2929	768.3	2515
3906	675.6	2628
5209	1140	4184
6946	1352	4984
9263	481.7	1892
1.235e+04	391.9	1759
1.647e+04	77.32	380.5
2.197e+04	27.53	107.6
2.929e+04	10.47	49.58
3.906e+04	10.63	36.69
5.209e+04	4.49	23.88
6.946e+04	1.526	11.36
9.263e+04	2.228	9.035
1.235e+05	3.465	12.8
1.647e+05	3.916	17.1
2.197e+05	0.8032	4.261
2.929e+05	0.5513	2.512
3.906e+05	1.242	4.26
5.209e+05	0.4065	1.893
6.946e+05	0.5782	2.313
9.263e+05	0.3422	1.753
1.235e+06	0.232	1.186
1.647e+06	0.2284	1.092
2.197e+06	0.2347	1.03
2.929e+06	0.2292	0.8364
3.906e+06	0.2254	0.7123
5.209e+06	0.1643	0.594
6.946e+06	0.1034	0.3739
9.263e+06	0.06734	0.3042
1.235e+07	0.07511	0.3376
1.647e+07	0.05241	0.277
2.197e+07	0.03644	0.2303
2.929e+07	0.02283	0.1061
3.906e+07	0.04166	0.1479
5.209e+07	0.06633	0.1956
6.946e+07	0.0342	0.1301
9.263e+07	0.02238	0.1432
1.235e+08	0.01776	0.1394
1.647e+08	0.01891	0.117
2.197e+08	0.02232	0.09731
2.929e+08	0.01257	0.08968
3.906e+08	0.01059	0.0577
5.209e+08	0.008771	0.05125
6.946e+08	0.01001	0.0605
9.263e+08	0.009688	0.07077
1.235e+09	0.0107	0.06801
1.647e+09	0.01085	0.07025
2.197e+09	0.00953	0.0626
2.929e+09	0.01088	0.06065
