0.005	0.426197
0.015	0.418169
0.025	0.408547
0.035	0.411794
0.045	0.403411
0.055	0.408842
0.065	0.406717
0.075	0.402939
0.085	0.401286
0.095	0.395265
0.105	0.406363
0.115	0.397862
0.125	0.408075
0.135	0.398984
0.145	0.398158
0.155	0.399988
0.165	0.366754
0.175	0.373955
0.185	0.389303
0.195	0.375726
0.205	0.370059
0.215	0.376612
0.225	0.372302
0.235	0.369587
0.245	0.373424
0.255	0.374546
0.265	0.36392
0.275	0.359316
0.285	0.359493
0.295	0.359906
0.305	0.35359
0.315	0.348159
0.325	0.353708
0.335	0.351229
0.345	0.342492
0.355	0.345444
0.365	0.337829
0.375	0.340426
0.385	0.336766
0.395	0.345031
0.405	0.33718
0.415	0.348395
0.425	0.322599
0.435	0.328089
0.445	0.318113
0.455	0.335704
0.465	0.328738
0.475	0.324547
0.485	0.320533
0.495	0.322186
0.505	0.315811
0.515	0.315752
0.525	0.324016
0.535	0.308904
0.545	0.309317
0.555	0.312269
0.565	0.310144
0.575	0.310557
0.585	0.302647
0.595	0.304949
0.605	0.306425
0.615	0.300581
0.625	0.300581
0.635	0.295563
0.645	0.29822
0.655	0.299341
0.665	0.289424
0.675	0.292612
0.685	0.290428
0.695	0.30123
0.705	0.295563
0.715	0.296508
0.725	0.293084
0.735	0.280806
0.745	0.282459
0.755	0.292258
0.765	0.284702
0.775	0.291254
0.785	0.277087
0.795	0.277854
0.805	0.285174
0.815	0.281987
0.825	0.281514
0.835	0.277677
0.845	0.273958
0.855	0.276379
0.865	0.280983
0.875	0.273073
0.885	0.274667
0.895	0.274136
0.905	0.267406
0.915	0.262507
0.925	0.268705
0.935	0.269413
0.945	0.261267
0.955	0.259378
0.965	0.258788
0.975	0.268823
0.985	0.272306
0.995	0.265576
1.005	0.26658
1.015	0.262507
1.025	0.269708
1.035	0.25501
1.045	0.270889
1.055	0.260972
1.065	0.262034
1.075	0.267465
1.085	0.25259
1.095	0.260322
1.105	0.248871
1.115	0.253711
1.125	0.255895
1.135	0.254892
1.145	0.255659
1.155	0.255718
1.165	0.254301
1.175	0.250346
1.185	0.256072
1.195	0.25501
1.205	0.245801
1.215	0.249992
1.225	0.264514
1.235	0.247454
1.245	0.254833
1.255	0.247454
1.265	0.250287
1.275	0.248576
1.285	0.260145
1.295	0.254774
1.305	0.254833
1.315	0.255423
1.325	0.248576
1.335	0.24468
1.345	0.252176
1.355	0.258729
1.365	0.258847
1.375	0.253357
1.385	0.258611
1.395	0.245447
1.405	0.25926
1.415	0.255423
1.425	0.255187
1.435	0.259024
1.445	0.249107
1.455	0.245034
1.465	0.25985
1.475	0.256013
1.485	0.252708
1.495	0.255482
1.505	0.267996
1.515	0.263982
1.525	0.257843
1.535	0.249992
1.545	0.268233
1.555	0.261149
1.565	0.263451
1.575	0.258079
1.585	0.257371
1.595	0.267229
1.605	0.261031
1.615	0.258729
1.625	0.260086
1.635	0.26717
1.645	0.268292
1.655	0.259083
1.665	0.269354
1.675	0.265163
1.685	0.274431
1.695	0.271184
1.705	0.269649
1.715	0.27567
1.725	0.269472
1.735	0.285764
1.745	0.277795
1.755	0.279566
1.765	0.283521
1.775	0.2824
1.785	0.285646
1.795	0.288067
1.805	0.299164
1.815	0.299755
1.825	0.298515
1.835	0.303237
1.845	0.290133
1.855	0.290782
1.865	0.296626
1.875	0.296803
1.885	0.294796
1.895	0.296154
1.905	0.308196
1.915	0.300286
1.925	0.304005
1.935	0.297925
1.945	0.309081
1.955	0.313509
1.965	0.306012
1.975	0.320415
1.985	0.312918
1.995	0.315161
2.005	0.318054
2.015	0.314512
2.025	0.313331
2.035	0.325197
2.045	0.322481
2.055	0.32744
2.065	0.317464
2.075	0.338478
2.085	0.325374
2.095	0.327794
2.105	0.320828
2.115	0.327853
2.125	0.323071
2.135	0.330391
2.145	0.332221
2.155	0.323898
2.165	0.324193
2.175	0.323544
2.185	0.321419
2.195	0.310675
2.205	0.323426
2.215	0.321242
2.225	0.313804
2.235	0.321419
2.245	0.323544
2.255	0.324901
2.265	0.336471
2.275	0.316814
2.285	0.315457
2.295	0.315457
2.305	0.31646
2.315	0.325197
2.325	0.32679
2.335	0.3128
2.345	0.321123
2.355	0.322068
2.365	0.321478
2.375	0.322422
2.385	0.327794
2.395	0.310498
2.405	0.31162
2.415	0.31829
2.425	0.319648
2.435	0.315338
2.445	0.319884
2.455	0.324724
2.465	0.31888
2.475	0.325728
2.485	0.320946
2.495	0.310203
2.505	0.316637
2.515	0.306543
2.525	0.31888
2.535	0.312741
2.545	0.313568
2.555	0.312741
2.565	0.315811
2.575	0.309081
2.585	0.320002
2.595	0.309022
2.605	0.305421
2.615	0.315634
2.625	0.315693
2.635	0.307783
2.645	0.307842
2.655	0.311206
2.665	0.309908
2.675	0.308314
2.685	0.314689
2.695	0.309554
2.705	0.300758
2.715	0.31404
2.725	0.302529
2.735	0.304359
2.745	0.294737
2.755	0.305717
2.765	0.306189
2.775	0.304418
2.785	0.309199
2.795	0.317641
2.805	0.308196
2.815	0.311856
2.825	0.306071
2.835	0.310911
2.845	0.296685
2.855	0.2958
2.865	0.314866
2.875	0.291018
2.885	0.29881
2.895	0.30796
2.905	0.303828
2.915	0.300227
2.925	0.295859
2.935	0.310675
2.945	0.303769
2.955	0.307488
2.965	0.301053
2.975	0.306543
2.985	0.30731
2.995	0.293793
3.005	0.304536
3.015	0.302588
3.025	0.301112
3.035	0.291431
3.045	0.30371
3.055	0.308078
3.065	0.296862
3.075	0.306012
3.085	0.297689
3.095	0.29332
3.105	0.292494
3.115	0.30188
3.125	0.30796
3.135	0.292789
3.145	0.312269
3.155	0.298397
3.165	0.285942
3.175	0.295977
3.185	0.298161
3.195	0.295445
3.205	0.305067
3.215	0.301289
3.225	0.291077
3.235	0.290487
3.245	0.299282
3.255	0.297452
3.265	0.291608
3.275	0.304949
3.285	0.301584
3.295	0.300758
3.305	0.301584
3.315	0.293793
3.325	0.29698
3.335	0.297689
3.345	0.292612
3.355	0.298633
3.365	0.285942
3.375	0.290723
3.385	0.298987
3.395	0.288775
3.405	0.294147
3.415	0.300404
3.425	0.293438
3.435	0.303178
3.445	0.288362
3.455	0.302765
3.465	0.307192
3.475	0.296449
3.485	0.297511
3.495	0.293852
3.505	0.297098
3.515	0.294206
3.525	0.297275
3.535	0.288185
3.545	0.301525
3.555	0.295622
3.565	0.297689
3.575	0.301939
3.585	0.301821
3.595	0.295386
3.605	0.291077
3.615	0.300404
3.625	0.282754
3.635	0.301584
3.645	0.294029
3.655	0.292022
3.665	0.291726
3.675	0.28175
3.685	0.291726
3.695	0.300286
3.705	0.297039
3.715	0.302647
3.725	0.292376
3.735	0.297452
3.745	0.30005
3.755	0.300935
3.765	0.290015
3.775	0.28482
3.785	0.302824
3.795	0.302588
3.805	0.296921
3.815	0.287299
3.825	0.298397
3.835	0.301053
3.845	0.305244
3.855	0.300109
3.865	0.294088
3.875	0.293261
3.885	0.308137
3.895	0.290133
3.905	0.306307
3.915	0.296685
3.925	0.302824
3.935	0.296626
3.945	0.295445
3.955	0.294383
3.965	0.299341
3.975	0.300522
3.985	0.307074
3.995	0.301703
4.005	0.308373
4.015	0.291372
4.025	0.2994
4.035	0.304359
4.045	0.295918
4.055	0.309908
4.065	0.29698
4.075	0.289306
4.085	0.303946
4.095	0.299991
4.105	0.298456
4.115	0.299223
4.125	0.304949
4.135	0.305953
4.145	0.303473
4.155	0.300522
4.165	0.299637
4.175	0.307369
4.185	0.30188
4.195	0.30672
4.205	0.310616
4.215	0.301348
4.225	0.30979
4.235	0.296862
4.245	0.309908
4.255	0.30731
4.265	0.3043
4.275	0.308137
4.285	0.309022
4.295	0.303414
4.305	0.305953
4.315	0.299755
4.325	0.298987
4.335	0.293911
4.345	0.302352
4.355	0.300522
4.365	0.30914
4.375	0.299755
4.385	0.309849
4.395	0.309022
4.405	0.311029
4.415	0.306779
4.425	0.30796
4.435	0.316814
4.445	0.291726
4.455	0.302529
4.465	0.301407
4.475	0.304123
4.485	0.302411
4.495	0.299814
4.505	0.307192
4.515	0.299696
4.525	0.305185
4.535	0.295091
4.545	0.311738
4.555	0.299991
4.565	0.304713
4.575	0.300994
4.585	0.291608
4.595	0.301348
4.605	0.302765
4.615	0.305244
4.625	0.30914
4.635	0.317227
4.645	0.299105
4.655	0.301466
4.665	0.311383
4.675	0.310793
4.685	0.304359
4.695	0.303828
4.705	0.313154
4.715	0.30548
4.725	0.305717
4.735	0.299282
4.745	0.316519
4.755	0.2958
4.765	0.29822
4.775	0.316873
4.785	0.302175
4.795	0.305953
4.805	0.310734
4.815	0.315338
4.825	0.305658
4.835	0.305953
4.845	0.29881
4.855	0.301644
4.865	0.2994
4.875	0.298987
4.885	0.305067
4.895	0.314748
4.905	0.297098
4.915	0.29515
4.925	0.312741
4.935	0.307074
4.945	0.300109
4.955	0.301289
4.965	0.303592
4.975	0.299577
4.985	0.300994
4.995	0.307488
5.005	0.292376
5.015	0.30123
5.025	0.314571
5.035	0.296508
5.045	0.296744
5.055	0.308314
5.065	0.306307
5.075	0.298928
5.085	0.299696
5.095	0.303946
5.105	0.308963
5.115	0.299105
5.125	0.30914
5.135	0.313863
5.145	0.298338
5.155	0.293734
5.165	0.301053
5.175	0.310793
5.185	0.299991
5.195	0.299696
5.205	0.304477
5.215	0.305421
5.225	0.316578
5.235	0.303119
5.245	0.309849
5.255	0.298692
5.265	0.308845
5.275	0.302647
5.285	0.295327
5.295	0.297334
5.305	0.303119
5.315	0.307724
5.325	0.297925
5.335	0.309199
5.345	0.300345
5.355	0.311206
5.365	0.303296
5.375	0.294324
5.385	0.295859
5.395	0.29214
5.405	0.297807
5.415	0.290959
5.425	0.290015
5.435	0.296331
5.445	0.301171
5.455	0.290723
5.465	0.300109
5.475	0.29698
5.485	0.288716
5.495	0.300935
5.505	0.299105
5.515	0.300581
5.525	0.302647
5.535	0.314099
5.545	0.315516
5.555	0.305185
5.565	0.307724
5.575	0.303119
5.585	0.299932
5.595	0.299518
5.605	0.302352
5.615	0.293556
5.625	0.2909
5.635	0.297866
5.645	0.2958
5.655	0.298279
5.665	0.29214
5.675	0.304713
5.685	0.311502
5.695	0.304359
5.705	0.291313
5.715	0.300463
5.725	0.296508
5.735	0.300109
5.745	0.299814
5.755	0.299932
5.765	0.284997
5.775	0.298574
5.785	0.307192
5.795	0.296803
5.805	0.304359
5.815	0.300876
5.825	0.303237
5.835	0.298515
5.845	0.292789
5.855	0.303001
5.865	0.303946
5.875	0.298987
5.885	0.297275
5.895	0.296508
5.905	0.307724
5.915	0.311561
5.925	0.290959
5.935	0.30672
5.945	0.304359
5.955	0.297452
5.965	0.301466
5.975	0.30123
5.985	0.307901
5.995	0.298574
6.005	0.303178
6.015	0.29332
6.025	0.306425
6.035	0.304949
6.045	0.304064
6.055	0.298515
6.065	0.292081
6.075	0.302234
6.085	0.288716
6.095	0.306425
6.105	0.304241
6.115	0.300581
6.125	0.30796
6.135	0.296331
6.145	0.302647
6.155	0.298102
6.165	0.301644
6.175	0.293852
6.185	0.294678
6.195	0.298928
6.205	0.300286
6.215	0.297807
6.225	0.308432
6.235	0.30005
6.245	0.305421
6.255	0.303651
6.265	0.301584
6.275	0.297039
6.285	0.302883
6.295	0.304772
6.305	0.294265
6.315	0.305717
6.325	0.298456
6.335	0.305067
6.345	0.298102
6.355	0.29881
6.365	0.307133
6.375	0.300581
6.385	0.299577
6.395	0.302234
6.405	0.302706
6.415	0.307665
6.425	0.307724
6.435	0.299341
6.445	0.301407
6.455	0.314925
6.465	0.303473
6.475	0.303592
6.485	0.302234
6.495	0.305776
6.505	0.309376
6.515	0.30796
6.525	0.304359
6.535	0.301348
6.545	0.312092
6.555	0.309672
6.565	0.294206
6.575	0.31345
6.585	0.302116
6.595	0.312505
6.605	0.305953
6.615	0.327853
6.625	0.295327
6.635	0.311324
6.645	0.302942
6.655	0.30855
6.665	0.30548
6.675	0.316165
6.685	0.29822
6.695	0.297216
6.705	0.304418
6.715	0.309554
6.725	0.303946
6.735	0.309613
6.745	0.304949
6.755	0.2958
6.765	0.300404
6.775	0.308373
6.785	0.303769
6.795	0.293379
6.805	0.295504
6.815	0.299223
6.825	0.30979
6.835	0.293793
6.845	0.306248
6.855	0.306543
6.865	0.299046
6.875	0.302057
6.885	0.314984
6.895	0.299459
6.905	0.300227
6.915	0.307842
6.925	0.306956
6.935	0.312151
6.945	0.294324
6.955	0.317227
6.965	0.299341
6.975	0.301998
6.985	0.299046
6.995	0.303473
7.005	0.298102
7.015	0.300935
7.025	0.308904
7.035	0.294619
7.045	0.31038
7.055	0.312682
7.065	0.310262
7.075	0.303355
7.085	0.292022
7.095	0.319825
7.105	0.298102
7.115	0.298928
7.125	0.305067
7.135	0.305776
7.145	0.30064
7.155	0.300581
7.165	0.311797
7.175	0.319057
7.185	0.299637
7.195	0.296567
7.205	0.303296
7.215	0.298043
7.225	0.308196
7.235	0.304772
7.245	0.303769
7.255	0.304536
7.265	0.298987
7.275	0.306071
7.285	0.296331
7.295	0.305421
7.305	0.309022
7.315	0.297452
7.325	0.297511
7.335	0.311856
7.345	0.300286
7.355	0.299164
7.365	0.314276
7.375	0.303296
7.385	0.30796
7.395	0.295386
7.405	0.306071
7.415	0.29639
7.425	0.313331
7.435	0.310026
7.445	0.303001
7.455	0.312623
7.465	0.30005
7.475	0.296626
7.485	0.298338
7.495	0.298279
7.505	0.307665
7.515	0.315929
7.525	0.302529
7.535	0.313331
7.545	0.313036
7.555	0.31587
7.565	0.301644
7.575	0.304831
7.585	0.307783
7.595	0.303651
7.605	0.305008
7.615	0.301584
7.625	0.295209
7.635	0.302647
7.645	0.309022
7.655	0.299755
7.665	0.30548
7.675	0.308196
7.685	0.300994
7.695	0.3043
7.705	0.292376
7.715	0.310203
7.725	0.305776
7.735	0.311679
7.745	0.297157
7.755	0.298043
7.765	0.30306
7.775	0.291904
7.785	0.306897
7.795	0.314807
7.805	0.308727
7.815	0.303592
7.825	0.307488
7.835	0.299459
7.845	0.296449
7.855	0.305008
7.865	0.298515
7.875	0.298338
7.885	0.306425
7.895	0.30548
7.905	0.300227
7.915	0.297866
7.925	0.30548
7.935	0.311324
7.945	0.299696
7.955	0.300109
7.965	0.291667
7.975	0.311147
7.985	0.296567
7.995	0.301053
8.005	0.30064
8.015	0.297157
8.025	0.306779
8.035	0.317464
8.045	0.306543
8.055	0.308019
8.065	0.311856
8.075	0.308963
8.085	0.304123
8.095	0.298869
8.105	0.301762
8.115	0.298338
8.125	0.295327
8.135	0.30247
8.145	0.30731
8.155	0.295504
8.165	0.300227
8.175	0.302175
8.185	0.294855
8.195	0.307901
8.205	0.311797
8.215	0.29273
8.225	0.303355
8.235	0.302293
8.245	0.291786
8.255	0.304241
8.265	0.298692
8.275	0.301998
8.285	0.299459
8.295	0.30064
8.305	0.308491
8.315	0.310439
8.325	0.301466
8.335	0.299282
8.345	0.300935
8.355	0.302116
8.365	0.30371
8.375	0.296331
8.385	0.299577
8.395	0.297334
8.405	0.293911
8.415	0.293202
8.425	0.303769
8.435	0.307901
8.445	0.305126
8.455	0.295268
8.465	0.291136
8.475	0.306366
8.485	0.296744
8.495	0.309317
8.505	0.292907
8.515	0.305953
8.525	0.301703
8.535	0.292553
8.545	0.301053
8.555	0.304772
8.565	0.303769
8.575	0.298102
8.585	0.290428
8.595	0.293852
8.605	0.288421
8.615	0.30188
8.625	0.299932
8.635	0.300109
8.645	0.297689
8.655	0.308078
8.665	0.302883
8.675	0.306897
8.685	0.302175
8.695	0.298869
8.705	0.291845
8.715	0.297984
8.725	0.304182
8.735	0.307133
8.745	0.315102
8.755	0.300463
8.765	0.297984
8.775	0.302175
8.785	0.304536
8.795	0.307488
8.805	0.300404
8.815	0.311974
8.825	0.296685
8.835	0.313095
8.845	0.302175
8.855	0.29397
8.865	0.310498
8.875	0.305835
8.885	0.298574
8.895	0.306189
8.905	0.296213
8.915	0.302116
8.925	0.303651
8.935	0.317168
8.945	0.298279
8.955	0.300404
8.965	0.300463
8.975	0.307133
8.985	0.307724
8.995	0.306248
9.005	0.305717
9.015	0.303946
9.025	0.304418
9.035	0.300994
9.045	0.294914
9.055	0.299873
9.065	0.308668
9.075	0.295681
9.085	0.301762
9.095	0.291786
9.105	0.302411
9.115	0.295977
9.125	0.311324
9.135	0.311915
9.145	0.299223
9.155	0.298102
9.165	0.295681
9.175	0.311029
9.185	0.298043
9.195	0.294619
9.205	0.301821
9.215	0.303119
9.225	0.295209
9.235	0.295741
9.245	0.297984
9.255	0.305894
9.265	0.305244
9.275	0.309495
9.285	0.289011
9.295	0.300522
9.305	0.314748
9.315	0.311383
9.325	0.299577
9.335	0.308491
9.345	0.303532
9.355	0.294973
9.365	0.30554
9.375	0.311206
9.385	0.299282
9.395	0.302234
9.405	0.314689
9.415	0.304949
9.425	0.303828
9.435	0.304713
9.445	0.303651
9.455	0.310144
9.465	0.310321
9.475	0.309199
9.485	0.306248
9.495	0.297452
9.505	0.302293
9.515	0.297275
9.525	0.299932
9.535	0.297748
9.545	0.289483
9.555	0.311738
9.565	0.296508
9.575	0.306897
9.585	0.300168
9.595	0.299814
9.605	0.293852
9.615	0.309081
9.625	0.296331
9.635	0.313331
9.645	0.305244
9.655	0.289956
9.665	0.30914
9.675	0.306661
9.685	0.29639
9.695	0.303119
9.705	0.292317
9.715	0.29757
9.725	0.298987
9.735	0.307251
9.745	0.307428
9.755	0.307665
9.765	0.307074
9.775	0.310852
9.785	0.293084
9.795	0.300286
9.805	0.301939
9.815	0.296213
9.825	0.302234
9.835	0.294029
9.845	0.31038
9.855	0.297866
9.865	0.310085
9.875	0.296626
9.885	0.293202
9.895	0.300758
9.905	0.302942
9.915	0.298338
9.925	0.299223
9.935	0.29822
9.945	0.306838
9.955	0.307488
9.965	0.310557
9.975	0.297216
9.985	0.307074
9.995	0.292848
10.005	0.299341
10.015	0.30548
10.025	0.300758
10.035	0.308314
10.045	0.298751
10.055	0.308373
10.065	0.294265
10.075	0.306838
10.085	0.311206
10.095	0.295032
10.105	0.304536
10.115	0.294619
10.125	0.296095
10.135	0.301407
10.145	0.306248
10.155	0.29698
10.165	0.305185
10.175	0.307074
10.185	0.310557
10.195	0.308314
10.205	0.296744
10.215	0.298043
10.225	0.302352
10.235	0.291254
10.245	0.304654
10.255	0.302824
10.265	0.301939
10.275	0.308196
10.285	0.31097
10.295	0.308137
10.305	0.31221
10.315	0.304713
10.325	0.302647
10.335	0.30247
10.345	0.305421
10.355	0.290782
10.365	0.297689
10.375	0.29397
10.385	0.29639
10.395	0.301525
10.405	0.304477
10.415	0.297866
10.425	0.299164
10.435	0.304949
10.445	0.307901
10.455	0.298515
10.465	0.304477
10.475	0.298338
10.485	0.30306
10.495	0.307015
10.505	0.303001
10.515	0.292376
10.525	0.302057
10.535	0.296744
10.545	0.295445
10.555	0.304949
10.565	0.306307
10.575	0.300345
10.585	0.30672
10.595	0.309199
10.605	0.300404
10.615	0.303237
10.625	0.305835
10.635	0.296154
10.645	0.301171
10.655	0.28606
10.665	0.302765
10.675	0.306484
10.685	0.301289
10.695	0.296862
10.705	0.303473
10.715	0.306071
10.725	0.309376
10.735	0.30672
10.745	0.30247
10.755	0.30979
10.765	0.313627
10.775	0.308491
10.785	0.308255
10.795	0.310321
10.805	0.307074
10.815	0.314394
10.825	0.294678
10.835	0.290074
10.845	0.310085
10.855	0.299105
10.865	0.300463
10.875	0.293734
10.885	0.300699
10.895	0.298751
10.905	0.301703
10.915	0.300699
10.925	0.300935
10.935	0.311147
10.945	0.303592
10.955	0.297629
10.965	0.310439
10.975	0.293793
10.985	0.307783
10.995	0.294973
11.005	0.29881
11.015	0.305658
11.025	0.30796
11.035	0.303828
11.045	0.298279
11.055	0.302824
11.065	0.300463
11.075	0.292317
11.085	0.291136
11.095	0.299991
11.105	0.3043
11.115	0.304949
11.125	0.305008
11.135	0.301053
11.145	0.299873
11.155	0.300345
11.165	0.304359
11.175	0.304418
11.185	0.306071
11.195	0.298928
11.205	0.309435
11.215	0.304536
11.225	0.303178
11.235	0.29639
11.245	0.298102
11.255	0.308314
11.265	0.297452
11.275	0.301998
11.285	0.293734
11.295	0.30796
11.305	0.311029
11.315	0.301289
11.325	0.312741
11.335	0.323071
11.345	0.303769
11.355	0.304182
11.365	0.307192
11.375	0.302057
11.385	0.302411
11.395	0.304123
11.405	0.315338
11.415	0.300168
11.425	0.302942
11.435	0.303001
11.445	0.309199
11.455	0.311915
11.465	0.309081
11.475	0.299577
11.485	0.297275
11.495	0.314807
11.505	0.311147
11.515	0.314689
11.525	0.299518
11.535	0.301289
11.545	0.295504
11.555	0.300109
11.565	0.308078
11.575	0.30371
11.585	0.295741
11.595	0.311738
11.605	0.305953
11.615	0.301939
11.625	0.302293
11.635	0.305067
11.645	0.31953
11.655	0.315279
11.665	0.310203
11.675	0.302352
11.685	0.302116
11.695	0.304123
11.705	0.298161
11.715	0.302352
11.725	0.295859
11.735	0.31097
11.745	0.319294
11.755	0.314394
11.765	0.307547
11.775	0.308786
11.785	0.309849
11.795	0.310557
11.805	0.302175
11.815	0.308845
11.825	0.302352
11.835	0.300345
11.845	0.305362
11.855	0.308019
11.865	0.315457
11.875	0.308255
11.885	0.308491
11.895	0.303296
11.905	0.297629
11.915	0.310026
11.925	0.294206
11.935	0.306366
11.945	0.30554
11.955	0.308786
11.965	0.301407
11.975	0.315398
11.985	0.309022
11.995	0.300522
12.005	0.306484
12.015	0.307547
12.025	0.307488
12.035	0.320651
12.045	0.304772
12.055	0.302352
12.065	0.322894
12.075	0.305067
12.085	0.305776
12.095	0.298338
12.105	0.311383
12.115	0.315043
12.125	0.298574
12.135	0.303296
12.145	0.308904
12.155	0.306897
12.165	0.313922
12.175	0.301939
12.185	0.310498
12.195	0.297275
12.205	0.303178
12.215	0.305953
12.225	0.298279
12.235	0.306307
12.245	0.298633
12.255	0.303651
12.265	0.313686
12.275	0.307369
12.285	0.303237
12.295	0.30247
12.305	0.2994
12.315	0.296744
12.325	0.300935
12.335	0.302765
12.345	0.307783
12.355	0.313863
12.365	0.296626
12.375	0.309672
12.385	0.303828
12.395	0.30064
12.405	0.294973
12.415	0.302765
12.425	0.311679
12.435	0.299873
12.445	0.29881
12.455	0.302824
12.465	0.303828
12.475	0.303828
12.485	0.304064
12.495	0.292848
12.505	0.307901
12.515	0.311738
12.525	0.299518
12.535	0.299459
12.545	0.301171
12.555	0.308019
12.565	0.305185
12.575	0.298397
12.585	0.306484
12.595	0.300817
12.605	0.299459
12.615	0.311915
12.625	0.299932
12.635	0.293202
12.645	0.294973
12.655	0.298574
12.665	0.292376
12.675	0.301821
12.685	0.30548
12.695	0.30064
12.705	0.303651
12.715	0.299518
12.725	0.305244
12.735	0.288598
12.745	0.296567
12.755	0.290546
12.765	0.298987
12.775	0.29456
12.785	0.296921
12.795	0.295504
12.805	0.298161
12.815	0.300522
12.825	0.299282
12.835	0.2958
12.845	0.294147
12.855	0.296744
12.865	0.306012
12.875	0.304654
12.885	0.293615
12.895	0.301644
12.905	0.310026
12.915	0.297629
12.925	0.306366
12.935	0.312092
12.945	0.298102
12.955	0.308432
12.965	0.307251
12.975	0.303119
12.985	0.303178
12.995	0.311679
13.005	0.301584
13.015	0.295918
13.025	0.300345
13.035	0.311265
13.045	0.302942
13.055	0.298692
13.065	0.302647
13.075	0.292553
13.085	0.303769
13.095	0.30613
13.105	0.298279
13.115	0.303828
13.125	0.304241
13.135	0.32136
13.145	0.29639
13.155	0.315693
13.165	0.29698
13.175	0.298633
13.185	0.311147
13.195	0.297098
13.205	0.30123
13.215	0.313154
13.225	0.304477
13.235	0.305658
13.245	0.304595
13.255	0.307369
13.265	0.305776
13.275	0.302529
13.285	0.291963
13.295	0.297925
13.305	0.312387
13.315	0.308668
13.325	0.297452
13.335	0.305953
13.345	0.304713
13.355	0.296508
13.365	0.294265
13.375	0.308255
13.385	0.298338
13.395	0.297334
13.405	0.306248
13.415	0.293202
13.425	0.297157
13.435	0.302057
13.445	0.307901
13.455	0.316106
13.465	0.309199
13.475	0.306366
13.485	0.299932
13.495	0.297807
13.505	0.303651
13.515	0.296036
13.525	0.305953
13.535	0.314099
13.545	0.308963
13.555	0.298161
13.565	0.310734
13.575	0.303414
13.585	0.309554
13.595	0.306012
13.605	0.296036
13.615	0.306012
13.625	0.307428
13.635	0.305658
13.645	0.314984
13.655	0.306779
13.665	0.304831
13.675	0.312623
13.685	0.298633
13.695	0.317641
13.705	0.298692
13.715	0.298043
13.725	0.305185
13.735	0.297866
13.745	0.304182
13.755	0.300758
13.765	0.311679
13.775	0.30123
13.785	0.301939
13.795	0.304831
13.805	0.294796
13.815	0.310144
13.825	0.309967
13.835	0.305717
13.845	0.302175
13.855	0.305894
13.865	0.30613
13.875	0.292671
13.885	0.311206
13.895	0.311915
13.905	0.311797
13.915	0.292907
13.925	0.302352
13.935	0.313154
13.945	0.309967
13.955	0.308314
13.965	0.302234
13.975	0.3043
13.985	0.302529
13.995	0.299696
14.005	0.301584
14.015	0.296803
14.025	0.31463
14.035	0.303828
14.045	0.303887
14.055	0.294737
14.065	0.309731
14.075	0.296803
14.085	0.306189
14.095	0.302706
14.105	0.309317
14.115	0.309967
14.125	0.307192
14.135	0.307369
14.145	0.300463
14.155	0.299932
14.165	0.311561
14.175	0.302529
14.185	0.300817
14.195	0.300935
14.205	0.306484
14.215	0.303473
14.225	0.305894
14.235	0.307901
14.245	0.295032
14.255	0.295386
14.265	0.300876
14.275	0.312387
14.285	0.302529
14.295	0.300994
14.305	0.299105
14.315	0.308078
14.325	0.299164
14.335	0.307074
14.345	0.294914
14.355	0.30005
14.365	0.298633
14.375	0.308727
14.385	0.300345
14.395	0.307015
14.405	0.303532
14.415	0.29698
14.425	0.306779
14.435	0.305894
14.445	0.302057
14.455	0.308196
14.465	0.298515
14.475	0.306248
14.485	0.31038
14.495	0.30855
14.505	0.313804
14.515	0.295209
14.525	0.303769
14.535	0.302765
14.545	0.301584
14.555	0.297098
14.565	0.308609
14.575	0.29273
14.585	0.296272
14.595	0.300522
14.605	0.30914
14.615	0.299282
14.625	0.313863
14.635	0.309731
14.645	0.296862
14.655	0.298456
14.665	0.300109
14.675	0.299164
14.685	0.286414
14.695	0.306661
14.705	0.31587
14.715	0.304536
14.725	0.304359
14.735	0.293025
14.745	0.310262
14.755	0.304418
14.765	0.305776
14.775	0.291195
14.785	0.302175
14.795	0.299046
14.805	0.30005
14.815	0.305658
14.825	0.299873
14.835	0.300876
14.845	0.302942
14.855	0.296626
14.865	0.31829
14.875	0.300286
14.885	0.304123
14.895	0.283816
14.905	0.314866
14.915	0.294265
14.925	0.298574
14.935	0.299873
14.945	0.300581
14.955	0.294501
14.965	0.313745
14.975	0.299696
14.985	0.30554
14.995	0.30914
