0.005	0.37204
0.015	0.364828
0.025	0.361181
0.035	0.359367
0.045	0.358661
0.055	0.355239
0.065	0.351582
0.075	0.34814
0.085	0.34939
0.095	0.34438
0.105	0.343427
0.115	0.337517
0.125	0.336195
0.135	0.336543
0.145	0.332671
0.155	0.330438
0.165	0.324127
0.175	0.321863
0.185	0.318032
0.195	0.317469
0.205	0.316393
0.215	0.314262
0.225	0.312613
0.235	0.307788
0.245	0.306548
0.255	0.30412
0.265	0.299644
0.275	0.298384
0.285	0.295648
0.295	0.295228
0.305	0.293282
0.315	0.287771
0.325	0.286183
0.335	0.288395
0.345	0.282638
0.355	0.282106
0.365	0.278141
0.375	0.277537
0.385	0.275764
0.395	0.276779
0.405	0.272097
0.415	0.271441
0.425	0.269864
0.435	0.265756
0.445	0.265182
0.455	0.266135
0.465	0.26174
0.475	0.261771
0.485	0.259025
0.495	0.25503
0.505	0.25504
0.515	0.253288
0.525	0.250902
0.535	0.25001
0.545	0.244458
0.555	0.244437
0.565	0.247531
0.575	0.240155
0.585	0.241129
0.595	0.236037
0.605	0.237881
0.615	0.237953
0.625	0.234921
0.635	0.237092
0.645	0.233558
0.655	0.230884
0.665	0.228385
0.675	0.230157
0.685	0.228139
0.695	0.225527
0.705	0.224512
0.715	0.222525
0.725	0.221634
0.735	0.220568
0.745	0.220476
0.755	0.218499
0.765	0.215877
0.775	0.213879
0.785	0.215989
0.795	0.213613
0.805	0.215221
0.815	0.209259
0.825	0.210171
0.835	0.208562
0.845	0.207312
0.855	0.207333
0.865	0.207558
0.875	0.204546
0.885	0.206145
0.895	0.202405
0.905	0.201309
0.915	0.202887
0.925	0.20177
0.935	0.19883
0.945	0.199875
0.955	0.200869
0.965	0.195798
0.975	0.196566
0.985	0.196669
0.995	0.195265
1.005	0.194272
1.015	0.19461
1.025	0.193524
1.035	0.193124
1.045	0.189344
1.055	0.192817
1.065	0.193462
1.075	0.191618
1.085	0.186865
1.095	0.188176
1.105	0.190891
1.115	0.188555
1.125	0.186168
1.135	0.187275
1.145	0.185912
1.155	0.188012
1.165	0.185113
1.175	0.186158
1.185	0.187183
1.195	0.185308
1.205	0.186353
1.215	0.186291
1.225	0.181815
1.235	0.184273
1.245	0.184253
1.255	0.183331
1.265	0.183003
1.275	0.183761
1.285	0.184611
1.295	0.183238
1.305	0.183413
1.315	0.182091
1.325	0.184939
1.335	0.1833
1.345	0.183116
1.355	0.181302
1.365	0.180893
1.375	0.182993
1.385	0.180759
1.395	0.18289
1.405	0.18161
1.415	0.182583
1.425	0.184242
1.435	0.182583
1.445	0.184253
1.455	0.183884
1.465	0.182788
1.475	0.184683
1.485	0.183177
1.495	0.185656
1.505	0.187459
1.515	0.185431
1.525	0.185216
1.535	0.183956
1.545	0.185267
1.555	0.184386
1.565	0.187213
1.575	0.18707
1.585	0.186445
1.595	0.190491
1.605	0.189836
1.615	0.190399
1.625	0.190327
1.635	0.187848
1.645	0.190266
1.655	0.189108
1.665	0.191751
1.675	0.191669
1.685	0.1938
1.695	0.194435
1.705	0.196177
1.715	0.193227
1.725	0.196546
1.735	0.195859
1.745	0.198041
1.755	0.198236
1.765	0.197662
1.775	0.200223
1.785	0.201145
1.795	0.202344
1.805	0.202385
1.815	0.208111
1.825	0.205653
1.835	0.206688
1.845	0.210304
1.855	0.207825
1.865	0.210908
1.875	0.213377
1.885	0.213316
1.895	0.213531
1.905	0.215549
1.915	0.220671
1.925	0.222505
1.935	0.219708
1.945	0.220343
1.955	0.223068
1.965	0.223488
1.975	0.226274
1.985	0.226121
1.995	0.228969
2.005	0.231704
2.015	0.234808
2.025	0.234757
2.035	0.23489
2.045	0.235003
2.055	0.236887
2.065	0.240832
2.075	0.23907
2.085	0.245544
2.095	0.242798
2.105	0.244069
2.115	0.246159
2.125	0.246579
2.135	0.249006
2.145	0.251199
2.155	0.254528
2.165	0.249959
2.175	0.25376
2.185	0.254344
2.195	0.255993
2.205	0.255245
2.215	0.258749
2.225	0.256884
2.235	0.25966
2.245	0.262314
2.255	0.261607
2.265	0.260716
2.275	0.264793
2.285	0.265325
2.295	0.265469
2.305	0.263031
2.315	0.265643
2.325	0.264434
2.335	0.266801
2.345	0.264608
2.355	0.266647
2.365	0.267907
2.375	0.268972
2.385	0.268071
2.395	0.27056
2.405	0.27308
2.415	0.268839
2.425	0.273695
2.435	0.273623
2.445	0.273162
2.455	0.271042
2.465	0.275119
2.475	0.276205
2.485	0.275191
2.495	0.276031
2.505	0.273787
2.515	0.274392
2.525	0.278161
2.535	0.281368
2.545	0.27643
2.555	0.279913
2.565	0.2806
2.575	0.283017
2.585	0.280323
2.595	0.28271
2.605	0.285107
2.615	0.28145
2.625	0.280446
2.635	0.283601
2.645	0.28441
2.655	0.283427
2.665	0.281511
2.675	0.284267
2.685	0.284277
2.695	0.28315
2.705	0.283673
2.715	0.282198
2.725	0.287074
2.735	0.285732
2.745	0.287842
2.755	0.287187
2.765	0.284667
2.775	0.288805
2.785	0.28732
2.795	0.286879
2.805	0.290096
2.815	0.287433
2.825	0.290618
2.835	0.288723
2.845	0.28731
2.855	0.286285
2.865	0.287781
2.875	0.289246
2.885	0.291448
2.895	0.289358
2.905	0.289195
2.915	0.287514
2.925	0.290823
2.935	0.292708
2.945	0.289481
2.955	0.288436
2.965	0.292206
2.975	0.287934
2.985	0.287207
2.995	0.288887
3.005	0.292903
3.015	0.290537
3.025	0.289686
3.035	0.285814
3.045	0.286818
3.055	0.284533
3.065	0.286797
3.075	0.287269
3.085	0.284708
3.095	0.284031
3.105	0.284021
3.115	0.28271
3.125	0.278438
3.135	0.279923
3.145	0.282433
3.155	0.27769
3.165	0.279585
3.175	0.277076
3.185	0.275918
3.195	0.27767
3.205	0.273634
3.215	0.277557
3.225	0.274289
3.235	0.27348
3.245	0.275457
3.255	0.274392
3.265	0.273316
3.275	0.274351
3.285	0.273603
3.295	0.272865
3.305	0.270335
3.315	0.272701
3.325	0.268368
3.335	0.269536
3.345	0.267159
3.355	0.270314
3.365	0.271134
3.375	0.270847
3.385	0.26763
3.395	0.266719
3.405	0.268481
3.415	0.268583
3.425	0.265438
3.435	0.265407
3.445	0.26466
3.455	0.264434
3.465	0.265909
3.475	0.265356
3.485	0.264168
3.495	0.264424
3.505	0.261842
3.515	0.263635
3.525	0.263738
3.535	0.260675
3.545	0.263738
3.555	0.261494
3.565	0.261054
3.575	0.259046
3.585	0.261535
3.595	0.263441
3.605	0.260275
3.615	0.259845
3.625	0.260623
3.635	0.259415
3.645	0.259906
3.655	0.260941
3.665	0.261351
3.675	0.258913
3.685	0.260132
3.695	0.260511
3.705	0.257407
3.715	0.260828
3.725	0.257048
3.735	0.257663
3.745	0.260121
3.755	0.262324
3.765	0.256864
3.775	0.259353
3.785	0.259353
3.795	0.258206
3.805	0.256577
3.815	0.25798
3.825	0.257212
3.835	0.261269
3.845	0.257622
3.855	0.261125
3.865	0.25669
3.875	0.260388
3.885	0.257284
3.895	0.259322
3.905	0.25922
3.915	0.257099
3.925	0.257079
3.935	0.257355
3.945	0.257714
3.955	0.259261
3.965	0.256567
3.975	0.254436
3.985	0.256208
3.995	0.259025
4.005	0.259517
4.015	0.256976
4.025	0.258042
4.035	0.258452
4.045	0.262088
4.055	0.260408
4.065	0.257827
4.075	0.258411
4.085	0.258513
4.095	0.261187
4.105	0.26176
4.115	0.258831
4.125	0.259384
4.135	0.261187
4.145	0.260039
4.155	0.261412
4.165	0.262877
4.175	0.264588
4.185	0.26214
4.195	0.263625
4.205	0.261607
4.215	0.263164
4.225	0.263922
4.235	0.26091
4.245	0.263789
4.255	0.262365
4.265	0.263174
4.275	0.262119
4.285	0.261187
4.295	0.261894
4.305	0.26468
4.315	0.258226
4.325	0.261771
4.335	0.261709
4.345	0.264209
4.355	0.263584
4.365	0.264731
4.375	0.264772
4.385	0.26592
4.395	0.26385
4.405	0.264875
4.415	0.265817
4.425	0.264106
4.435	0.265213
4.445	0.263574
4.455	0.262047
4.465	0.263502
4.475	0.265745
4.485	0.263492
4.495	0.266821
4.505	0.263932
4.515	0.266422
4.525	0.264557
4.535	0.263871
4.545	0.265735
4.555	0.265387
4.565	0.267313
4.575	0.267518
4.585	0.267507
4.595	0.267774
4.605	0.262898
4.615	0.267374
4.625	0.265582
4.635	0.268532
4.645	0.265797
4.655	0.2672
4.665	0.268901
4.675	0.269044
4.685	0.269003
4.695	0.268727
4.705	0.26552
4.715	0.267026
4.725	0.266534
4.735	0.269239
4.745	0.268132
4.755	0.2676
4.765	0.267364
4.775	0.267907
4.785	0.266145
4.795	0.265582
4.805	0.265582
4.815	0.267897
4.825	0.268809
4.835	0.26804
4.845	0.266258
4.855	0.269526
4.865	0.270704
4.875	0.266719
4.885	0.270888
4.895	0.269935
4.905	0.267948
4.915	0.270089
4.925	0.267354
4.935	0.267385
4.945	0.268009
4.955	0.27179
4.965	0.266975
4.975	0.269792
4.985	0.26802
4.995	0.267446
5.005	0.266944
5.015	0.26719
5.025	0.268788
5.035	0.266667
5.045	0.269761
5.055	0.268839
5.065	0.267436
5.075	0.268911
5.085	0.26969
5.095	0.266883
5.105	0.267887
5.115	0.266278
5.125	0.268583
5.135	0.269628
5.145	0.267292
5.155	0.267794
5.165	0.271554
5.175	0.27264
5.185	0.267866
5.195	0.265735
5.205	0.270437
5.215	0.268942
5.225	0.265407
5.235	0.270325
5.245	0.268962
5.255	0.272005
5.265	0.2697
5.275	0.265551
5.285	0.267774
5.295	0.267487
5.305	0.268337
5.315	0.269792
5.325	0.268645
5.335	0.267979
5.345	0.269044
5.355	0.266852
5.365	0.266084
5.375	0.268901
5.385	0.267467
5.395	0.26677
5.405	0.266206
5.415	0.267497
5.425	0.266493
5.435	0.268481
5.445	0.268583
5.455	0.267006
5.465	0.267528
5.475	0.267958
5.485	0.266422
5.495	0.267579
5.505	0.268307
5.515	0.271492
5.525	0.267968
5.535	0.268604
5.545	0.268778
5.555	0.265305
5.565	0.265346
5.575	0.2714
5.585	0.266647
5.595	0.266278
5.605	0.267938
5.615	0.26761
5.625	0.266534
5.635	0.266073
5.645	0.263707
5.655	0.264168
5.665	0.26677
5.675	0.266053
5.685	0.269116
5.695	0.264864
5.705	0.265203
5.715	0.268163
5.725	0.26802
5.735	0.266237
5.745	0.26678
5.755	0.26509
5.765	0.267006
5.775	0.264813
5.785	0.266903
5.795	0.266545
5.805	0.266565
5.815	0.266196
5.825	0.266217
5.835	0.2651
5.845	0.266258
5.855	0.266708
5.865	0.264342
5.875	0.263236
5.885	0.267866
5.895	0.264393
5.905	0.264619
5.915	0.262099
5.925	0.264946
5.935	0.265018
5.945	0.262959
5.955	0.266667
5.965	0.26719
5.975	0.266616
5.985	0.266452
5.995	0.266678
6.005	0.263779
6.015	0.264742
6.025	0.264291
6.035	0.264209
6.045	0.267446
6.055	0.262232
6.065	0.263809
6.075	0.264322
6.085	0.263799
6.095	0.264086
6.105	0.264352
6.115	0.265827
6.125	0.267774
6.135	0.264752
6.145	0.26928
6.155	0.262734
6.165	0.265315
6.175	0.265653
6.185	0.263973
6.195	0.265264
6.205	0.264783
6.215	0.262621
6.225	0.262949
6.235	0.264393
6.245	0.265489
6.255	0.264035
6.265	0.267108
6.275	0.264772
6.285	0.267405
6.295	0.264895
6.305	0.262467
6.315	0.262652
6.325	0.263656
6.335	0.26594
6.345	0.263246
6.355	0.266186
6.365	0.263072
6.375	0.262662
6.385	0.263891
6.395	0.263287
6.405	0.2651
6.415	0.267292
6.425	0.266483
6.435	0.264045
6.445	0.267989
6.455	0.266381
6.465	0.270417
6.475	0.264373
6.485	0.266268
6.495	0.26425
6.505	0.266739
6.515	0.264526
6.525	0.265418
6.535	0.26637
6.545	0.265346
6.555	0.265745
6.565	0.265561
6.575	0.264014
6.585	0.263748
6.595	0.261883
6.605	0.265735
6.615	0.267241
6.625	0.263615
6.635	0.266053
6.645	0.26594
6.655	0.267241
6.665	0.267979
6.675	0.265223
6.685	0.265008
6.695	0.265633
6.705	0.265069
6.715	0.265756
6.725	0.267866
6.735	0.263338
6.745	0.264096
6.755	0.267006
6.765	0.264434
6.775	0.26382
6.785	0.266258
6.795	0.264998
6.805	0.264403
6.815	0.264188
6.825	0.266575
6.835	0.263522
6.845	0.269597
6.855	0.265571
6.865	0.266575
6.875	0.266073
6.885	0.264885
6.895	0.263195
6.905	0.266104
6.915	0.26593
6.925	0.268563
6.935	0.26343
6.945	0.268911
6.955	0.268173
6.965	0.265223
6.975	0.266586
6.985	0.266985
6.995	0.26424
7.005	0.267487
7.015	0.266883
7.025	0.265346
7.035	0.267169
7.045	0.267968
7.055	0.26258
7.065	0.266708
7.075	0.268317
7.085	0.267118
7.095	0.268091
7.105	0.263666
7.115	0.268388
7.125	0.267057
7.135	0.26887
7.145	0.266729
7.155	0.266924
7.165	0.266821
7.175	0.267805
7.185	0.265592
7.195	0.265571
7.205	0.265131
7.215	0.262744
7.225	0.26636
7.235	0.264885
7.245	0.265151
7.255	0.26973
7.265	0.266678
7.275	0.265991
7.285	0.266381
7.295	0.267415
7.305	0.26426
7.315	0.266883
7.325	0.26676
7.335	0.270847
7.345	0.261545
7.355	0.263307
7.365	0.266555
7.375	0.26886
7.385	0.265827
7.395	0.266196
7.405	0.268737
7.415	0.267098
7.425	0.266985
7.435	0.266237
7.445	0.267118
7.455	0.265039
7.465	0.265172
7.475	0.267835
7.485	0.264547
7.495	0.265571
7.505	0.265602
7.515	0.268214
7.525	0.265571
7.535	0.267774
7.545	0.267538
7.555	0.267907
7.565	0.265551
7.575	0.266401
7.585	0.266831
7.595	0.268532
7.605	0.266934
7.615	0.267784
7.625	0.266493
7.635	0.266811
7.645	0.266299
7.655	0.269485
7.665	0.266831
7.675	0.26676
7.685	0.26298
7.695	0.26634
7.705	0.267405
7.715	0.265469
7.725	0.267559
7.735	0.268132
7.745	0.267559
7.755	0.267712
7.765	0.265817
7.775	0.265448
7.785	0.265807
7.795	0.267426
7.805	0.267374
7.815	0.269536
7.825	0.266667
7.835	0.265674
7.845	0.266821
7.855	0.267303
7.865	0.265817
7.875	0.266872
7.885	0.268399
7.895	0.264998
7.905	0.267579
7.915	0.264936
7.925	0.265961
7.935	0.263666
7.945	0.265735
7.955	0.268655
7.965	0.264567
7.975	0.263676
7.985	0.266452
7.995	0.265274
8.005	0.267026
8.015	0.263061
8.025	0.268491
8.035	0.262867
8.045	0.265284
8.055	0.268809
8.065	0.266965
8.075	0.267907
8.085	0.265858
8.095	0.266022
8.105	0.265664
8.115	0.266667
8.125	0.264065
8.135	0.266586
8.145	0.265244
8.155	0.267712
8.165	0.263656
8.175	0.262867
8.185	0.269495
8.195	0.264219
8.205	0.261894
8.215	0.266084
8.225	0.26594
8.235	0.266924
8.245	0.267272
8.255	0.265336
8.265	0.265448
8.275	0.267067
8.285	0.269249
8.295	0.264762
8.305	0.267262
8.315	0.264496
8.325	0.262478
8.335	0.263041
8.345	0.267333
8.355	0.266329
8.365	0.265745
8.375	0.263174
8.385	0.266114
8.395	0.266729
8.405	0.264783
8.415	0.265858
8.425	0.263953
8.435	0.265162
8.445	0.270181
8.455	0.264823
8.465	0.265776
8.475	0.2609
8.485	0.265028
8.495	0.261986
8.505	0.267221
8.515	0.267323
8.525	0.267569
8.535	0.264444
8.545	0.265387
8.555	0.265653
8.565	0.265336
8.575	0.264537
8.585	0.26636
8.595	0.265387
8.605	0.263656
8.615	0.265612
8.625	0.263369
8.635	0.265162
8.645	0.269792
8.655	0.264557
8.665	0.267016
8.675	0.265131
8.685	0.267589
8.695	0.266104
8.705	0.266586
8.715	0.268255
8.725	0.266084
8.735	0.264854
8.745	0.265274
8.755	0.269567
8.765	0.262519
8.775	0.268102
8.785	0.266719
8.795	0.267723
8.805	0.260931
8.815	0.267559
8.825	0.263492
8.835	0.263236
8.845	0.264004
8.855	0.267989
8.865	0.267231
8.875	0.267046
8.885	0.268583
8.895	0.267794
8.905	0.264742
8.915	0.268522
8.925	0.262949
8.935	0.268901
8.945	0.265213
8.955	0.266206
8.965	0.267682
8.975	0.268931
8.985	0.266381
8.995	0.262775
9.005	0.263113
9.015	0.266596
9.025	0.26971
9.035	0.266442
9.045	0.264967
9.055	0.26762
9.065	0.266801
9.075	0.266842
9.085	0.262611
9.095	0.269382
9.105	0.26593
9.115	0.268071
9.125	0.266913
9.135	0.264987
9.145	0.270202
9.155	0.265018
9.165	0.26805
9.175	0.269126
9.185	0.265653
9.195	0.265848
9.205	0.265305
9.215	0.268491
9.225	0.268235
9.235	0.265039
9.245	0.264608
9.255	0.265899
9.265	0.265715
9.275	0.26511
9.285	0.269782
9.295	0.264772
9.305	0.266012
9.315	0.266801
9.325	0.269372
9.335	0.265909
9.345	0.265582
9.355	0.266872
9.365	0.26679
9.375	0.266657
9.385	0.267426
9.395	0.26761
9.405	0.268194
9.415	0.267282
9.425	0.267805
9.435	0.267313
9.445	0.266883
9.455	0.265172
9.465	0.265315
9.475	0.266442
9.485	0.268511
9.495	0.264291
9.505	0.269782
9.515	0.268583
9.525	0.265377
9.535	0.266319
9.545	0.268358
9.555	0.267958
9.565	0.267323
9.575	0.266135
9.585	0.265848
9.595	0.267446
9.605	0.268829
9.615	0.26552
9.625	0.267897
9.635	0.267641
9.645	0.266852
9.655	0.264711
9.665	0.264905
9.675	0.267866
9.685	0.26847
9.695	0.265827
9.705	0.26469
9.715	0.269526
9.725	0.266647
9.735	0.266708
9.745	0.266125
9.755	0.265418
9.765	0.268593
9.775	0.264803
9.785	0.265489
9.795	0.268983
9.805	0.269167
9.815	0.263184
9.825	0.268112
9.835	0.269894
9.845	0.263973
9.855	0.266883
9.865	0.266104
9.875	0.267661
9.885	0.268819
9.895	0.268214
9.905	0.265879
9.915	0.26508
9.925	0.266575
9.935	0.266135
9.945	0.267979
9.955	0.262969
9.965	0.266401
9.975	0.264895
9.985	0.266524
9.995	0.267241
10.005	0.265141
10.015	0.266084
10.025	0.266586
10.035	0.268184
10.045	0.265909
10.055	0.267026
10.065	0.2672
10.075	0.267098
10.085	0.267569
10.095	0.265039
10.105	0.266903
10.115	0.269495
10.125	0.266565
10.135	0.267979
10.145	0.265766
10.155	0.267046
10.165	0.267876
10.175	0.265756
10.185	0.267303
10.195	0.268081
10.205	0.266698
10.215	0.268511
10.225	0.267856
10.235	0.268552
10.245	0.264649
10.255	0.265766
10.265	0.264926
10.275	0.266688
10.285	0.266924
10.295	0.268245
10.305	0.268665
10.315	0.265028
10.325	0.264455
10.335	0.266432
10.345	0.267651
10.355	0.262723
10.365	0.269812
10.375	0.267108
10.385	0.266852
10.395	0.266432
10.405	0.262682
10.415	0.26805
10.425	0.264291
10.435	0.264137
10.445	0.26217
10.455	0.266473
10.465	0.269741
10.475	0.265705
10.485	0.266299
10.495	0.264158
10.505	0.265059
10.515	0.264936
10.525	0.264875
10.535	0.267641
10.545	0.269167
10.555	0.267815
10.565	0.267241
10.575	0.265879
10.585	0.264598
10.595	0.265223
10.605	0.26595
10.615	0.264506
10.625	0.267661
10.635	0.264363
10.645	0.266524
10.655	0.267231
10.665	0.265694
10.675	0.26678
10.685	0.268983
10.695	0.262355
10.705	0.266278
10.715	0.265254
10.725	0.267917
10.735	0.2634
10.745	0.266739
10.755	0.265776
10.765	0.265346
10.775	0.264926
10.785	0.262006
10.795	0.266862
10.805	0.26636
10.815	0.266811
10.825	0.263973
10.835	0.265295
10.845	0.263994
10.855	0.264629
10.865	0.266319
10.875	0.267876
10.885	0.264403
10.895	0.262303
10.905	0.265448
10.915	0.26256
10.925	0.266329
10.935	0.267385
10.945	0.263594
10.955	0.266196
10.965	0.265653
10.975	0.263307
10.985	0.265039
10.995	0.267272
11.005	0.270366
11.015	0.264332
11.025	0.263574
11.035	0.267559
11.045	0.266114
11.055	0.268429
11.065	0.265807
11.075	0.265899
11.085	0.266965
11.095	0.263666
11.105	0.268327
11.115	0.265172
11.125	0.268706
11.135	0.26508
11.145	0.265039
11.155	0.267866
11.165	0.26382
11.175	0.267446
11.185	0.267805
11.195	0.265377
11.205	0.266985
11.215	0.267036
11.225	0.265469
11.235	0.263533
11.245	0.263502
11.255	0.268102
11.265	0.264465
11.275	0.265182
11.285	0.265807
11.295	0.267436
11.305	0.267128
11.315	0.266688
11.325	0.2693
11.335	0.269423
11.345	0.267323
11.355	0.266442
11.365	0.263809
11.375	0.267251
11.385	0.264998
11.395	0.267282
11.405	0.265162
11.415	0.262488
11.425	0.266217
11.435	0.266063
11.445	0.26721
11.455	0.266575
11.465	0.266483
11.475	0.268091
11.485	0.265909
11.495	0.269003
11.505	0.26928
11.515	0.263164
11.525	0.265694
11.535	0.267651
11.545	0.268501
11.555	0.2651
11.565	0.267128
11.575	0.265848
11.585	0.265879
11.595	0.267794
11.605	0.266626
11.615	0.267999
11.625	0.267026
11.635	0.265489
11.645	0.267682
11.655	0.268184
11.665	0.269024
11.675	0.265059
11.685	0.263594
11.695	0.26511
11.705	0.264311
11.715	0.266227
11.725	0.267887
11.735	0.265592
11.745	0.270857
11.755	0.270181
11.765	0.267446
11.775	0.267907
11.785	0.266483
11.795	0.264578
11.805	0.265889
11.815	0.268778
11.825	0.266616
11.835	0.270468
11.845	0.266893
11.855	0.266432
11.865	0.268634
11.875	0.264619
11.885	0.263061
11.895	0.267671
11.905	0.264455
11.915	0.267159
11.925	0.26888
11.935	0.270304
11.945	0.267333
11.955	0.268143
11.965	0.267692
11.975	0.268491
11.985	0.268225
11.995	0.27098
12.005	0.269587
12.015	0.268429
12.025	0.267364
12.035	0.271144
12.045	0.264567
12.055	0.265336
12.065	0.265244
12.075	0.267364
12.085	0.266514
12.095	0.264322
12.105	0.266227
12.115	0.2672
12.125	0.26721
12.135	0.265489
12.145	0.26634
12.155	0.266965
12.165	0.269833
12.175	0.268675
12.185	0.269147
12.195	0.265151
12.205	0.26802
12.215	0.266596
12.225	0.265428
12.235	0.26637
12.245	0.263195
12.255	0.266309
12.265	0.26761
12.275	0.267313
12.285	0.26719
12.295	0.264701
12.305	0.269218
12.315	0.267835
12.325	0.266729
12.335	0.264332
12.345	0.265643
12.355	0.267651
12.365	0.268686
12.375	0.268542
12.385	0.267446
12.395	0.266698
12.405	0.26424
12.415	0.269239
12.425	0.266063
12.435	0.267999
12.445	0.264588
12.455	0.267518
12.465	0.267241
12.475	0.268061
12.485	0.266268
12.495	0.269003
12.505	0.269874
12.515	0.268624
12.525	0.264783
12.535	0.263379
12.545	0.267221
12.555	0.264875
12.565	0.26636
12.575	0.264875
12.585	0.267374
12.595	0.265151
12.605	0.266022
12.615	0.267241
12.625	0.264936
12.635	0.264998
12.645	0.264916
12.655	0.266258
12.665	0.264147
12.675	0.267272
12.685	0.264322
12.695	0.264526
12.705	0.266268
12.715	0.266698
12.725	0.266299
12.735	0.266381
12.745	0.264393
12.755	0.266217
12.765	0.265141
12.775	0.266514
12.785	0.266135
12.795	0.270775
12.805	0.264373
12.815	0.266145
12.825	0.26719
12.835	0.26636
12.845	0.266647
12.855	0.265274
12.865	0.264946
12.875	0.264864
12.885	0.265397
12.895	0.263061
12.905	0.26635
12.915	0.268009
12.925	0.266545
12.935	0.265366
12.945	0.267487
12.955	0.265264
12.965	0.263
12.975	0.267262
12.985	0.26508
12.995	0.265786
13.005	0.264291
13.015	0.265807
13.025	0.269167
13.035	0.265612
13.045	0.264957
13.055	0.264065
13.065	0.265592
13.075	0.266831
13.085	0.265991
13.095	0.26553
13.105	0.267968
13.115	0.267221
13.125	0.267026
13.135	0.266831
13.145	0.265244
13.155	0.265582
13.165	0.265438
13.175	0.263307
13.185	0.267077
13.195	0.265141
13.205	0.265039
13.215	0.269198
13.225	0.265448
13.235	0.267907
13.245	0.267046
13.255	0.268358
13.265	0.265745
13.275	0.267251
13.285	0.267046
13.295	0.268204
13.305	0.26466
13.315	0.267733
13.325	0.265028
13.335	0.269218
13.345	0.264844
13.355	0.266442
13.365	0.267999
13.375	0.268931
13.385	0.265745
13.395	0.26552
13.405	0.266749
13.415	0.26678
13.425	0.264281
13.435	0.266268
13.445	0.265069
13.455	0.264424
13.465	0.266831
13.475	0.265561
13.485	0.266934
13.495	0.265981
13.505	0.265244
13.515	0.264649
13.525	0.267805
13.535	0.266801
13.545	0.26888
13.555	0.269034
13.565	0.267405
13.575	0.268778
13.585	0.268419
13.595	0.266749
13.605	0.266924
13.615	0.267487
13.625	0.265899
13.635	0.266883
13.645	0.266432
13.655	0.263574
13.665	0.268542
13.675	0.267589
13.685	0.268112
13.695	0.266094
13.705	0.268225
13.715	0.269433
13.725	0.266411
13.735	0.264199
13.745	0.269413
13.755	0.269003
13.765	0.267589
13.775	0.264096
13.785	0.265418
13.795	0.267815
13.805	0.266002
13.815	0.26637
13.825	0.267221
13.835	0.268081
13.845	0.26552
13.855	0.264731
13.865	0.266903
13.875	0.265182
13.885	0.266504
13.895	0.26762
13.905	0.264383
13.915	0.268921
13.925	0.26508
13.935	0.265745
13.945	0.262416
13.955	0.268337
13.965	0.267057
13.975	0.269546
13.985	0.266022
13.995	0.265868
14.005	0.267477
14.015	0.27137
14.025	0.267159
14.035	0.266135
14.045	0.267723
14.055	0.266104
14.065	0.265868
14.075	0.266258
14.085	0.271667
14.095	0.271216
14.105	0.267262
14.115	0.268532
14.125	0.265653
14.135	0.269546
14.145	0.268081
14.155	0.267446
14.165	0.269956
14.175	0.269044
14.185	0.264352
14.195	0.263983
14.205	0.267784
14.215	0.26466
14.225	0.269208
14.235	0.267866
14.245	0.266637
14.255	0.267753
14.265	0.266842
14.275	0.265961
14.285	0.269372
14.295	0.266678
14.305	0.267128
14.315	0.266729
14.325	0.266463
14.335	0.270048
14.345	0.265909
14.355	0.26637
14.365	0.26803
14.375	0.265264
14.385	0.26803
14.395	0.265397
14.405	0.268245
14.415	0.267067
14.425	0.266258
14.435	0.266309
14.445	0.266278
14.455	0.267774
14.465	0.264055
14.475	0.268901
14.485	0.269505
14.495	0.265356
14.505	0.269106
14.515	0.265674
14.525	0.268747
14.535	0.268317
14.545	0.267794
14.555	0.26508
14.565	0.268112
14.575	0.266186
14.585	0.268091
14.595	0.263635
14.605	0.265807
14.615	0.267897
14.625	0.267641
14.635	0.268583
14.645	0.270089
14.655	0.268194
14.665	0.267282
14.675	0.269249
14.685	0.269167
14.695	0.269065
14.705	0.265745
14.715	0.268409
14.725	0.270273
14.735	0.264967
14.745	0.269628
14.755	0.268624
14.765	0.267938
14.775	0.267006
14.785	0.267764
14.795	0.268307
14.805	0.267907
14.815	0.264649
14.825	0.265971
14.835	0.266534
14.845	0.26384
14.855	0.264742
14.865	0.270171
14.875	0.266688
14.885	0.269044
14.895	0.264352
14.905	0.267251
14.915	0.269956
14.925	0.26425
14.935	0.268511
14.945	0.267282
14.955	0.269095
14.965	0.264424
14.975	0.267118
14.985	0.268972
14.995	0.26678
