0.005	0.289543
0.015	0.280774
0.025	0.282526
0.035	0.281255
0.045	0.2777
0.055	0.278418
0.065	0.273664
0.075	0.274351
0.085	0.270458
0.095	0.27013
0.105	0.274146
0.115	0.265653
0.125	0.268122
0.135	0.26047
0.145	0.262344
0.155	0.263656
0.165	0.255491
0.175	0.257622
0.185	0.258462
0.195	0.256413
0.205	0.254856
0.215	0.251383
0.225	0.247931
0.235	0.250779
0.245	0.245861
0.255	0.248935
0.265	0.242255
0.275	0.244417
0.285	0.23991
0.295	0.238332
0.305	0.2391
0.315	0.238844
0.325	0.236939
0.335	0.232759
0.345	0.232902
0.355	0.2332
0.365	0.229153
0.375	0.231581
0.385	0.228036
0.395	0.227801
0.405	0.227832
0.415	0.227207
0.425	0.2219
0.435	0.221081
0.445	0.216512
0.455	0.221398
0.465	0.217106
0.475	0.218223
0.485	0.2152
0.495	0.216471
0.505	0.208603
0.515	0.210959
0.525	0.215528
0.535	0.210406
0.545	0.207978
0.555	0.208132
0.565	0.205571
0.575	0.207794
0.585	0.20597
0.595	0.205069
0.605	0.207876
0.615	0.20133
0.625	0.201094
0.635	0.200469
0.645	0.201401
0.655	0.197386
0.665	0.195296
0.675	0.198123
0.685	0.197365
0.695	0.194292
0.705	0.194722
0.715	0.194087
0.725	0.195757
0.735	0.190123
0.745	0.191352
0.755	0.191014
0.765	0.192612
0.775	0.187777
0.785	0.18707
0.795	0.188012
0.805	0.187316
0.815	0.18791
0.825	0.185359
0.835	0.183085
0.845	0.1854
0.855	0.182777
0.865	0.184755
0.875	0.181538
0.885	0.184908
0.895	0.179172
0.905	0.179848
0.915	0.176908
0.925	0.178741
0.935	0.177215
0.945	0.178096
0.955	0.178362
0.965	0.176231
0.975	0.177993
0.985	0.179899
0.995	0.176313
1.005	0.171929
1.015	0.176518
1.025	0.17912
1.035	0.176488
1.045	0.171929
1.055	0.175996
1.065	0.173947
1.075	0.174193
1.085	0.174726
1.095	0.169757
1.105	0.16945
1.115	0.169091
1.125	0.172164
1.135	0.170116
1.145	0.169276
1.155	0.17071
1.165	0.171785
1.175	0.167626
1.185	0.166786
1.195	0.173967
1.205	0.170044
1.215	0.170566
1.225	0.169726
1.235	0.169265
1.245	0.169644
1.255	0.168149
1.265	0.167934
1.275	0.166305
1.285	0.169296
1.295	0.168128
1.305	0.168036
1.315	0.172636
1.325	0.17072
1.335	0.168702
1.345	0.168856
1.355	0.16736
1.365	0.173271
1.375	0.170464
1.385	0.172216
1.395	0.169839
1.405	0.168067
1.415	0.167288
1.425	0.169532
1.435	0.174654
1.445	0.170925
1.455	0.171273
1.465	0.17576
1.475	0.170679
1.485	0.172564
1.495	0.170792
1.505	0.174828
1.515	0.171939
1.525	0.175781
1.535	0.172093
1.545	0.177512
1.555	0.178844
1.565	0.17617
1.575	0.175607
1.585	0.178106
1.595	0.178209
1.605	0.182737
1.615	0.178372
1.625	0.176549
1.635	0.176928
1.645	0.180319
1.655	0.180718
1.665	0.180595
1.675	0.180626
1.685	0.184048
1.695	0.182777
1.705	0.179807
1.715	0.184499
1.725	0.190829
1.735	0.189979
1.745	0.186302
1.755	0.18623
1.765	0.190307
1.775	0.186988
1.785	0.19252
1.795	0.191977
1.805	0.196792
1.815	0.195982
1.825	0.193462
1.835	0.202139
1.845	0.199281
1.855	0.194999
1.865	0.201258
1.875	0.201043
1.885	0.201043
1.895	0.200838
1.905	0.203799
1.915	0.208337
1.925	0.205673
1.935	0.20427
1.945	0.206903
1.955	0.208798
1.965	0.208798
1.975	0.213428
1.985	0.21223
1.995	0.215866
2.005	0.212547
2.015	0.213725
2.025	0.214832
2.035	0.218059
2.045	0.2181
2.055	0.219288
2.065	0.220866
2.075	0.215016
2.085	0.217413
2.095	0.218868
2.105	0.215426
2.115	0.218919
2.125	0.215078
2.135	0.216245
2.145	0.215979
2.155	0.216594
2.165	0.217342
2.175	0.21937
2.185	0.217075
2.195	0.212711
2.205	0.215457
2.215	0.214074
2.225	0.213285
2.235	0.217762
2.245	0.216973
2.255	0.217659
2.265	0.213879
2.275	0.21476
2.285	0.214647
2.295	0.214463
2.305	0.212783
2.315	0.219339
2.325	0.213777
2.335	0.213961
2.345	0.212015
2.355	0.20973
2.365	0.208829
2.375	0.214002
2.385	0.215088
2.395	0.212004
2.405	0.210017
2.415	0.21687
2.425	0.212137
2.435	0.21184
2.445	0.211154
2.455	0.211123
2.465	0.213469
2.475	0.21561
2.485	0.213264
2.495	0.209054
2.505	0.211134
2.515	0.207548
2.525	0.212025
2.535	0.20931
2.545	0.211318
2.555	0.209484
2.565	0.20763
2.575	0.20511
2.585	0.207978
2.595	0.209074
2.605	0.208757
2.615	0.206421
2.625	0.209843
2.635	0.207036
2.645	0.207405
2.655	0.209023
2.665	0.205468
2.675	0.206657
2.685	0.210795
2.695	0.204229
2.705	0.207036
2.715	0.208101
2.725	0.205243
2.735	0.20636
2.745	0.203727
2.755	0.203194
2.765	0.204465
2.775	0.204475
2.785	0.20764
2.795	0.206954
2.805	0.202098
2.815	0.205591
2.825	0.205294
2.835	0.205632
2.845	0.202692
2.855	0.203082
2.865	0.202446
2.875	0.204147
2.885	0.199496
2.895	0.202856
2.905	0.201658
2.915	0.203123
2.925	0.202252
2.935	0.20303
2.945	0.202405
2.955	0.202057
2.965	0.202139
2.975	0.202928
2.985	0.199926
2.995	0.201494
3.005	0.202733
3.015	0.203
3.025	0.202672
3.035	0.199097
3.045	0.202795
3.055	0.199978
3.065	0.200859
3.075	0.202621
3.085	0.202784
3.095	0.200654
3.105	0.198902
3.115	0.201555
3.125	0.201791
3.135	0.19799
3.145	0.19716
3.155	0.197181
3.165	0.196177
3.175	0.201033
3.185	0.199947
3.195	0.194917
3.205	0.199629
3.215	0.201975
3.225	0.197437
3.235	0.195521
3.245	0.198574
3.255	0.196495
3.265	0.198636
3.275	0.201504
3.285	0.200674
3.295	0.2001
3.305	0.201217
3.315	0.199363
3.325	0.199558
3.335	0.199978
3.345	0.199281
3.355	0.200828
3.365	0.194538
3.375	0.199629
3.385	0.195675
3.395	0.197908
3.405	0.197662
3.415	0.195501
3.425	0.192981
3.435	0.197283
3.445	0.198892
3.455	0.199639
3.465	0.200367
3.475	0.198082
3.485	0.196812
3.495	0.19714
3.505	0.196771
3.515	0.197263
3.525	0.200336
3.535	0.197837
3.545	0.198533
3.555	0.19715
3.565	0.198451
3.575	0.199066
3.585	0.197181
3.595	0.200264
3.605	0.197755
3.615	0.196822
3.625	0.196146
3.635	0.197058
3.645	0.201094
3.655	0.197058
3.665	0.20007
3.675	0.196034
3.685	0.194538
3.695	0.199322
3.705	0.197785
3.715	0.198154
3.725	0.19589
3.735	0.196689
3.745	0.195511
3.755	0.198513
3.765	0.196115
3.775	0.19548
3.785	0.200223
3.795	0.201074
3.805	0.199937
3.815	0.195265
3.825	0.200643
3.835	0.201985
3.845	0.201381
3.855	0.201586
3.865	0.199896
3.875	0.196587
3.885	0.200695
3.895	0.199178
3.905	0.201176
3.915	0.198369
3.925	0.200377
3.935	0.202692
3.945	0.199988
3.955	0.199107
3.965	0.201401
3.975	0.202282
3.985	0.20176
3.995	0.20176
4.005	0.204188
4.015	0.197611
4.025	0.198246
4.035	0.201422
4.045	0.198216
4.055	0.205223
4.065	0.202692
4.075	0.199025
4.085	0.203737
4.095	0.201022
4.105	0.201381
4.115	0.203409
4.125	0.199547
4.135	0.202211
4.145	0.201401
4.155	0.200602
4.165	0.201822
4.175	0.202098
4.185	0.199998
4.195	0.200879
4.205	0.203215
4.215	0.19755
4.225	0.203932
4.235	0.202672
4.245	0.20092
4.255	0.203461
4.265	0.204014
4.275	0.202088
4.285	0.202866
4.295	0.200807
4.305	0.205612
4.315	0.201975
4.325	0.201524
4.335	0.201381
4.345	0.201268
4.355	0.199455
4.365	0.202928
4.375	0.203891
4.385	0.197427
4.395	0.202641
4.405	0.199568
4.415	0.206124
4.425	0.201555
4.435	0.200992
4.445	0.198851
4.455	0.203737
4.465	0.202856
4.475	0.205151
4.485	0.202928
4.495	0.205386
4.505	0.201699
4.515	0.200572
4.525	0.204649
4.535	0.203543
4.545	0.205264
4.555	0.205735
4.565	0.203379
4.575	0.203133
4.585	0.203041
4.595	0.201688
4.605	0.199291
4.615	0.2005
4.625	0.204587
4.635	0.206247
4.645	0.202272
4.655	0.201145
4.665	0.203481
4.675	0.205376
4.685	0.204085
4.695	0.199517
4.705	0.205007
4.715	0.205305
4.725	0.204598
4.735	0.200285
4.745	0.209279
4.755	0.206206
4.765	0.204669
4.775	0.202047
4.785	0.201832
4.795	0.202416
4.805	0.206892
4.815	0.204956
4.825	0.200572
4.835	0.203809
4.845	0.201944
4.855	0.20848
4.865	0.202303
4.875	0.199281
4.885	0.201238
4.895	0.203502
4.905	0.203532
4.915	0.206247
4.925	0.202723
4.935	0.204997
4.945	0.202641
4.955	0.200941
4.965	0.20174
4.975	0.201996
4.985	0.202897
4.995	0.202805
5.005	0.202487
5.015	0.202815
5.025	0.203553
5.035	0.200684
5.045	0.199711
5.055	0.204516
5.065	0.202201
5.075	0.200182
5.085	0.201227
5.095	0.201381
5.105	0.204803
5.115	0.204219
5.125	0.20385
5.135	0.203481
5.145	0.204444
5.155	0.201371
5.165	0.200039
5.175	0.201238
5.185	0.19882
5.195	0.201617
5.205	0.201074
5.215	0.202621
5.225	0.20384
5.235	0.201422
5.245	0.200223
5.255	0.202272
5.265	0.20174
5.275	0.203082
5.285	0.198779
5.295	0.20217
5.305	0.20848
5.315	0.204854
5.325	0.201555
5.335	0.200203
5.345	0.202477
5.355	0.206964
5.365	0.204505
5.375	0.20134
5.385	0.199496
5.395	0.202313
5.405	0.200654
5.415	0.202662
5.425	0.201453
5.435	0.201524
5.445	0.200787
5.455	0.197714
5.465	0.200971
5.475	0.203184
5.485	0.205038
5.495	0.197632
5.505	0.200019
5.515	0.203461
5.525	0.201371
5.535	0.200725
5.545	0.202364
5.555	0.203327
5.565	0.202866
5.575	0.205612
5.585	0.199476
5.595	0.201094
5.605	0.201412
5.615	0.197099
5.625	0.20387
5.635	0.198881
5.645	0.202815
5.655	0.203123
5.665	0.204854
5.675	0.205653
5.685	0.207487
5.695	0.199353
5.705	0.200059
5.715	0.20302
5.725	0.202897
5.735	0.200367
5.745	0.203522
5.755	0.201053
5.765	0.198974
5.775	0.203942
5.785	0.200367
5.795	0.199107
5.805	0.205089
5.815	0.202641
5.825	0.200992
5.835	0.202897
5.845	0.2005
5.855	0.202877
5.865	0.198871
5.875	0.200059
5.885	0.198646
5.895	0.203389
5.905	0.204383
5.915	0.197294
5.925	0.198318
5.935	0.20763
5.945	0.2026
5.955	0.198338
5.965	0.199844
5.975	0.203532
5.985	0.200992
5.995	0.200715
6.005	0.203819
6.015	0.197027
6.025	0.203645
6.035	0.202918
6.045	0.202528
6.055	0.204249
6.065	0.198246
6.075	0.198277
6.085	0.198236
6.095	0.199947
6.105	0.201965
6.115	0.199537
6.125	0.204106
6.135	0.201709
6.145	0.204239
6.155	0.196423
6.165	0.201279
6.175	0.199752
6.185	0.198318
6.195	0.203276
6.205	0.200725
6.215	0.201207
6.225	0.200787
6.235	0.199178
6.245	0.200941
6.255	0.200008
6.265	0.201822
6.275	0.202088
6.285	0.202692
6.295	0.202221
6.305	0.201699
6.315	0.201483
6.325	0.200828
6.335	0.20511
6.345	0.203778
6.355	0.201053
6.365	0.203655
6.375	0.201668
6.385	0.202641
6.395	0.200193
6.405	0.202067
6.415	0.203758
6.425	0.203204
6.435	0.203584
6.445	0.201576
6.455	0.202211
6.465	0.204997
6.475	0.204198
6.485	0.204167
6.495	0.201586
6.505	0.201647
6.515	0.20471
6.525	0.19965
6.535	0.204239
6.545	0.200387
6.555	0.205458
6.565	0.199148
6.575	0.201463
6.585	0.201729
6.595	0.201238
6.605	0.200408
6.615	0.205028
6.625	0.20342
6.635	0.201596
6.645	0.2051
6.655	0.201432
6.665	0.205048
6.675	0.204178
6.685	0.205468
6.695	0.201576
6.705	0.201391
6.715	0.203112
6.725	0.203317
6.735	0.20177
6.745	0.20219
6.755	0.202518
6.765	0.201258
6.775	0.203471
6.785	0.202672
6.795	0.203368
6.805	0.200633
6.815	0.204987
6.825	0.203747
6.835	0.199363
6.845	0.20385
6.855	0.201033
6.865	0.2026
6.875	0.202334
6.885	0.203911
6.895	0.201576
6.905	0.204393
6.915	0.203881
6.925	0.201688
6.935	0.205786
6.945	0.202815
6.955	0.20762
6.965	0.201842
6.975	0.201207
6.985	0.202672
6.995	0.201699
7.005	0.199906
7.015	0.204608
7.025	0.204751
7.035	0.198738
7.045	0.204383
7.055	0.202795
7.065	0.203338
7.075	0.201279
7.085	0.204885
7.095	0.203829
7.105	0.19967
7.115	0.201371
7.125	0.203112
7.135	0.201781
7.145	0.198666
7.155	0.201668
7.165	0.200572
7.175	0.203573
7.185	0.202805
7.195	0.199322
7.205	0.199301
7.215	0.200131
7.225	0.203215
7.235	0.202508
7.245	0.201637
7.255	0.202928
7.265	0.199117
7.275	0.200643
7.285	0.202723
7.295	0.202262
7.305	0.201299
7.315	0.200602
7.325	0.201801
7.335	0.200807
7.345	0.203584
7.355	0.201002
7.365	0.200951
7.375	0.202682
7.385	0.201842
7.395	0.201944
7.405	0.20384
7.415	0.204895
7.425	0.204075
7.435	0.198728
7.445	0.200059
7.455	0.204885
7.465	0.204147
7.475	0.200223
7.485	0.202733
7.495	0.20135
7.505	0.199178
7.515	0.20175
7.525	0.202682
7.535	0.202344
7.545	0.207927
7.555	0.203112
7.565	0.198974
7.575	0.199793
7.585	0.201412
7.595	0.202313
7.605	0.201115
7.615	0.199865
7.625	0.202129
7.635	0.199189
7.645	0.200019
7.655	0.203123
7.665	0.203481
7.675	0.204936
7.685	0.200879
7.695	0.202344
7.705	0.199978
7.715	0.207241
7.725	0.202774
7.735	0.203368
7.745	0.202856
7.755	0.19713
7.765	0.199926
7.775	0.198912
7.785	0.202621
7.795	0.20302
7.805	0.203604
7.815	0.204034
7.825	0.205796
7.835	0.198851
7.845	0.202774
7.855	0.200398
7.865	0.201975
7.875	0.203041
7.885	0.199691
7.895	0.204383
7.905	0.20261
7.915	0.204915
7.925	0.204495
7.935	0.204167
7.945	0.197765
7.955	0.200654
7.965	0.19716
7.975	0.202457
7.985	0.199363
7.995	0.200121
8.005	0.204229
8.015	0.201289
8.025	0.202764
8.035	0.200971
8.045	0.200592
8.055	0.205571
8.065	0.205294
8.075	0.206616
8.085	0.20049
8.095	0.202323
8.105	0.199783
8.115	0.201586
8.125	0.202508
8.135	0.200203
8.145	0.202641
8.155	0.201268
8.165	0.203563
8.175	0.204096
8.185	0.201115
8.195	0.201678
8.205	0.19965
8.215	0.19842
8.225	0.202221
8.235	0.198103
8.245	0.199568
8.255	0.20174
8.265	0.19798
8.275	0.200398
8.285	0.201483
8.295	0.199885
8.305	0.206134
8.315	0.201524
8.325	0.202621
8.335	0.201873
8.345	0.202364
8.355	0.200664
8.365	0.204762
8.375	0.200777
8.385	0.200869
8.395	0.197826
8.405	0.201217
8.415	0.20344
8.425	0.201309
8.435	0.204956
8.445	0.203635
8.455	0.199209
8.465	0.200408
8.475	0.200254
8.485	0.199619
8.495	0.203604
8.505	0.201074
8.515	0.202354
8.525	0.204915
8.535	0.199619
8.545	0.202354
8.555	0.200674
8.565	0.199937
8.575	0.199916
8.585	0.201965
8.595	0.200059
8.605	0.200981
8.615	0.203143
8.625	0.202149
8.635	0.201463
8.645	0.200961
8.655	0.200848
8.665	0.199097
8.675	0.202129
8.685	0.200152
8.695	0.201361
8.705	0.20261
8.715	0.201524
8.725	0.204403
8.735	0.205325
8.745	0.204465
8.755	0.200869
8.765	0.197785
8.775	0.198277
8.785	0.199178
8.795	0.203819
8.805	0.202446
8.815	0.199619
8.825	0.200234
8.835	0.203204
8.845	0.20091
8.855	0.200254
8.865	0.200869
8.875	0.202877
8.885	0.202252
8.895	0.200029
8.905	0.196351
8.915	0.202467
8.925	0.204465
8.935	0.203778
8.945	0.199875
8.955	0.199086
8.965	0.202795
8.975	0.204434
8.985	0.202569
8.995	0.200643
9.005	0.200367
9.015	0.19966
9.025	0.201166
9.035	0.200059
9.045	0.199609
9.055	0.201217
9.065	0.202723
9.075	0.203829
9.085	0.201033
9.095	0.201524
9.105	0.202928
9.115	0.200869
9.125	0.20052
9.135	0.200725
9.145	0.203143
9.155	0.203594
9.165	0.199158
9.175	0.203543
9.185	0.201924
9.195	0.202498
9.205	0.203522
9.215	0.202938
9.225	0.199599
9.235	0.201647
9.245	0.204536
9.255	0.201903
9.265	0.200141
9.275	0.203389
9.285	0.201361
9.295	0.202405
9.305	0.201145
9.315	0.203543
9.325	0.207599
9.335	0.201422
9.345	0.202682
9.355	0.20219
9.365	0.198943
9.375	0.204014
9.385	0.201361
9.395	0.202907
9.405	0.201381
9.415	0.199855
9.425	0.204157
9.435	0.203461
9.445	0.204403
9.455	0.202897
9.465	0.203655
9.475	0.202293
9.485	0.203153
9.495	0.199035
9.505	0.201145
9.515	0.20009
9.525	0.203717
9.535	0.201668
9.545	0.199476
9.555	0.204577
9.565	0.200981
9.575	0.204587
9.585	0.198328
9.595	0.200705
9.605	0.199824
9.615	0.205643
9.625	0.199947
9.635	0.204721
9.645	0.200705
9.655	0.200059
9.665	0.202948
9.675	0.198011
9.685	0.203092
9.695	0.201996
9.705	0.199496
9.715	0.201494
9.725	0.202282
9.735	0.202221
9.745	0.204106
9.755	0.202477
9.765	0.20052
9.775	0.204895
9.785	0.199916
9.795	0.203276
9.805	0.202703
9.815	0.200797
9.825	0.199138
9.835	0.199424
9.845	0.199609
9.855	0.198041
9.865	0.20216
9.875	0.199691
9.885	0.201483
9.895	0.201238
9.905	0.202323
9.915	0.199322
9.925	0.202262
9.935	0.202293
9.945	0.205335
9.955	0.203338
9.965	0.203409
9.975	0.203092
9.985	0.199814
9.995	0.200039
10.005	0.197837
10.015	0.203696
10.025	0.202282
10.035	0.205274
10.045	0.203379
10.055	0.200377
10.065	0.199926
10.075	0.202569
10.085	0.203563
10.095	0.197396
10.105	0.20512
10.115	0.200961
10.125	0.201084
10.135	0.200623
10.145	0.199844
10.155	0.201647
10.165	0.201647
10.175	0.202313
10.185	0.204751
10.195	0.202313
10.205	0.200981
10.215	0.199834
10.225	0.19841
10.235	0.197652
10.245	0.198472
10.255	0.198308
10.265	0.202354
10.275	0.19884
10.285	0.201207
10.295	0.204096
10.305	0.203788
10.315	0.198185
10.325	0.204495
10.335	0.199312
10.345	0.202754
10.355	0.199476
10.365	0.199158
10.375	0.199394
10.385	0.198656
10.395	0.205448
10.405	0.202405
10.415	0.202293
10.425	0.199875
10.435	0.205673
10.445	0.200684
10.455	0.201985
10.465	0.200059
10.475	0.202313
10.485	0.203153
10.495	0.202703
10.505	0.201186
10.515	0.201791
10.525	0.203256
10.535	0.201883
10.545	0.202211
10.555	0.203368
10.565	0.20258
10.575	0.2001
10.585	0.201238
10.595	0.202631
10.605	0.203399
10.615	0.205264
10.625	0.201699
10.635	0.203
10.645	0.200572
10.655	0.198441
10.665	0.205274
10.675	0.204413
10.685	0.20343
10.695	0.201022
10.705	0.203256
10.715	0.202037
10.725	0.207333
10.735	0.203481
10.745	0.203163
10.755	0.204157
10.765	0.200019
10.775	0.200992
10.785	0.204567
10.795	0.204065
10.805	0.203973
10.815	0.202006
10.825	0.197191
10.835	0.196546
10.845	0.199711
10.855	0.203594
10.865	0.200582
10.875	0.199004
10.885	0.200182
10.895	0.200766
10.905	0.201033
10.915	0.201442
10.925	0.204096
10.935	0.205151
10.945	0.200869
10.955	0.203747
10.965	0.202344
10.975	0.200111
10.985	0.202866
10.995	0.197468
11.005	0.201934
11.015	0.202784
11.025	0.203194
11.035	0.202692
11.045	0.200981
11.055	0.20048
11.065	0.197058
11.075	0.202549
11.085	0.201965
11.095	0.20344
11.105	0.203143
11.115	0.19883
11.125	0.20176
11.135	0.199117
11.145	0.200623
11.155	0.202651
11.165	0.203645
11.175	0.203481
11.185	0.204004
11.195	0.20093
11.205	0.205366
11.215	0.199844
11.225	0.199117
11.235	0.201084
11.245	0.200654
11.255	0.19965
11.265	0.200848
11.275	0.202395
11.285	0.202948
11.295	0.203225
11.305	0.200008
11.315	0.197775
11.325	0.208531
11.335	0.203983
11.345	0.200172
11.355	0.203809
11.365	0.201361
11.375	0.200551
11.385	0.201535
11.395	0.2009
11.405	0.206032
11.415	0.199937
11.425	0.202026
11.435	0.200838
11.445	0.203758
11.455	0.205386
11.465	0.200408
11.475	0.197662
11.485	0.201903
11.495	0.202508
11.505	0.20596
11.515	0.203133
11.525	0.206216
11.535	0.199844
11.545	0.203553
11.555	0.201627
11.565	0.20468
11.575	0.201125
11.585	0.203543
11.595	0.203932
11.605	0.201043
11.615	0.200295
11.625	0.201688
11.635	0.198164
11.645	0.202743
11.655	0.203461
11.665	0.200439
11.675	0.201463
11.685	0.201719
11.695	0.199558
11.705	0.198748
11.715	0.203563
11.725	0.200111
11.735	0.201637
11.745	0.205397
11.755	0.203276
11.765	0.204731
11.775	0.203245
11.785	0.208009
11.795	0.204977
11.805	0.200531
11.815	0.201596
11.825	0.204229
11.835	0.201463
11.845	0.20554
11.855	0.201473
11.865	0.203225
11.875	0.201914
11.885	0.201883
11.895	0.199424
11.905	0.201985
11.915	0.202877
11.925	0.200828
11.935	0.204536
11.945	0.202252
11.955	0.202743
11.965	0.199803
11.975	0.202518
11.985	0.20302
11.995	0.203717
12.005	0.202528
12.015	0.201893
12.025	0.20471
12.035	0.202088
12.045	0.204628
12.055	0.202692
12.065	0.204198
12.075	0.201104
12.085	0.203
12.095	0.20175
12.105	0.204004
12.115	0.200715
12.125	0.201524
12.135	0.200961
12.145	0.203594
12.155	0.198912
12.165	0.207497
12.175	0.203276
12.185	0.201955
12.195	0.199496
12.205	0.201617
12.215	0.199773
12.225	0.197191
12.235	0.200572
12.245	0.202651
12.255	0.199127
12.265	0.202866
12.275	0.197396
12.285	0.202825
12.295	0.199465
12.305	0.205089
12.315	0.202323
12.325	0.200336
12.335	0.203706
12.345	0.200182
12.355	0.201934
12.365	0.201996
12.375	0.206175
12.385	0.203133
12.395	0.202242
12.405	0.199865
12.415	0.200141
12.425	0.201883
12.435	0.204126
12.445	0.202703
12.455	0.202354
12.465	0.204352
12.475	0.202211
12.485	0.204219
12.495	0.203676
12.505	0.200121
12.515	0.20762
12.525	0.204936
12.535	0.204362
12.545	0.20261
12.555	0.205315
12.565	0.202846
12.575	0.199281
12.585	0.205397
12.595	0.199588
12.605	0.201176
12.615	0.204055
12.625	0.200039
12.635	0.201944
12.645	0.203256
12.655	0.201791
12.665	0.200787
12.675	0.20049
12.685	0.19965
12.695	0.19881
12.705	0.202272
12.715	0.200387
12.725	0.200459
12.735	0.198482
12.745	0.197468
12.755	0.199086
12.765	0.199414
12.775	0.202641
12.785	0.203645
12.795	0.201094
12.805	0.200469
12.815	0.201955
12.825	0.201207
12.835	0.198953
12.845	0.201606
12.855	0.198502
12.865	0.200797
12.875	0.199865
12.885	0.199066
12.895	0.19884
12.905	0.200715
12.915	0.197171
12.925	0.200633
12.935	0.205028
12.945	0.202037
12.955	0.204126
12.965	0.200633
12.975	0.203368
12.985	0.203573
12.995	0.202856
13.005	0.203788
13.015	0.203993
13.025	0.20385
13.035	0.200951
13.045	0.202887
13.055	0.19797
13.065	0.201074
13.075	0.203358
13.085	0.201924
13.095	0.202559
13.105	0.198154
13.115	0.198554
13.125	0.200674
13.135	0.203204
13.145	0.203225
13.155	0.20342
13.165	0.199056
13.175	0.201955
13.185	0.206042
13.195	0.200398
13.205	0.202303
13.215	0.20258
13.225	0.203163
13.235	0.200766
13.245	0.198564
13.255	0.207364
13.265	0.200705
13.275	0.203809
13.285	0.200725
13.295	0.200981
13.305	0.204669
13.315	0.203952
13.325	0.20092
13.335	0.204147
13.345	0.204249
13.355	0.201627
13.365	0.199885
13.375	0.203338
13.385	0.206964
13.395	0.201678
13.405	0.206278
13.415	0.200019
13.425	0.201914
13.435	0.204424
13.445	0.204096
13.455	0.202067
13.465	0.203256
13.475	0.203358
13.485	0.202436
13.495	0.201494
13.505	0.203799
13.515	0.202559
13.525	0.204956
13.535	0.203266
13.545	0.207712
13.555	0.20175
13.565	0.205571
13.575	0.203932
13.585	0.206524
13.595	0.202795
13.605	0.205274
13.615	0.203932
13.625	0.204004
13.635	0.201084
13.645	0.205417
13.655	0.203819
13.665	0.203276
13.675	0.206442
13.685	0.201903
13.695	0.20929
13.705	0.201893
13.715	0.202508
13.725	0.202805
13.735	0.203276
13.745	0.201371
13.755	0.203522
13.765	0.207456
13.775	0.20511
13.785	0.199342
13.795	0.201514
13.805	0.199629
13.815	0.203983
13.825	0.201115
13.835	0.202129
13.845	0.206022
13.855	0.203041
13.865	0.202938
13.875	0.201555
13.885	0.204721
13.895	0.201647
13.905	0.20553
13.915	0.203051
13.925	0.20469
13.935	0.202692
13.945	0.203543
13.955	0.200582
13.965	0.200152
13.975	0.203532
13.985	0.201002
13.995	0.204608
14.005	0.201555
14.015	0.202375
14.025	0.201524
14.035	0.203123
14.045	0.207189
14.055	0.198379
14.065	0.202815
14.075	0.201965
14.085	0.203348
14.095	0.203368
14.105	0.198656
14.115	0.203245
14.125	0.202651
14.135	0.202262
14.145	0.199342
14.155	0.201217
14.165	0.205643
14.175	0.20596
14.185	0.204485
14.195	0.199896
14.205	0.204321
14.215	0.201186
14.225	0.201873
14.235	0.200039
14.245	0.200848
14.255	0.20093
14.265	0.200848
14.275	0.20596
14.285	0.204096
14.295	0.199025
14.305	0.203358
14.315	0.201084
14.325	0.201524
14.335	0.20219
14.345	0.20175
14.355	0.204311
14.365	0.201555
14.375	0.200131
14.385	0.204536
14.395	0.202866
14.405	0.200725
14.415	0.202416
14.425	0.203358
14.435	0.203409
14.445	0.202395
14.455	0.205499
14.465	0.20555
14.475	0.205376
14.485	0.205059
14.495	0.201381
14.505	0.202989
14.515	0.202088
14.525	0.201442
14.535	0.201166
14.545	0.20553
14.555	0.20303
14.565	0.202252
14.575	0.201361
14.585	0.201022
14.595	0.200695
14.605	0.199486
14.615	0.199926
14.625	0.205264
14.635	0.206472
14.645	0.197621
14.655	0.204516
14.665	0.20174
14.675	0.201852
14.685	0.202569
14.695	0.198595
14.705	0.201699
14.715	0.20175
14.725	0.202969
14.735	0.201934
14.745	0.202436
14.755	0.200777
14.765	0.202323
14.775	0.20174
14.785	0.203235
14.795	0.201412
14.805	0.203266
14.815	0.204065
14.825	0.197109
14.835	0.200029
14.845	0.199547
14.855	0.202047
14.865	0.206206
14.875	0.202805
14.885	0.203624
14.895	0.203102
14.905	0.202856
14.915	0.204342
14.925	0.20344
14.935	0.202098
14.945	0.204926
14.955	0.204413
14.965	0.202375
14.975	0.203123
14.985	0.20134
14.995	0.206954
