0.005	0.372421
0.015	0.362444
0.025	0.363743
0.035	0.362031
0.045	0.360201
0.055	0.35052
0.065	0.354003
0.075	0.35176
0.085	0.345739
0.095	0.346034
0.105	0.341784
0.115	0.344027
0.125	0.344322
0.135	0.328443
0.145	0.324724
0.155	0.328089
0.165	0.323603
0.175	0.324252
0.185	0.317346
0.195	0.324724
0.205	0.309731
0.215	0.309672
0.225	0.311206
0.235	0.30554
0.245	0.300817
0.255	0.297807
0.265	0.293202
0.275	0.299696
0.285	0.293497
0.295	0.294265
0.305	0.288775
0.315	0.272601
0.325	0.283226
0.335	0.279566
0.345	0.291018
0.355	0.282872
0.365	0.279035
0.375	0.279802
0.385	0.272247
0.395	0.276202
0.405	0.276202
0.415	0.27632
0.425	0.257371
0.435	0.264927
0.445	0.258434
0.455	0.258552
0.465	0.255659
0.475	0.258493
0.485	0.257725
0.495	0.257194
0.505	0.254597
0.515	0.249107
0.525	0.248871
0.535	0.249284
0.545	0.247985
0.555	0.240547
0.565	0.240547
0.575	0.237655
0.585	0.237714
0.595	0.241669
0.605	0.235058
0.615	0.245093
0.625	0.232814
0.635	0.235825
0.645	0.230158
0.655	0.232578
0.665	0.227797
0.675	0.22213
0.685	0.229922
0.695	0.22821
0.705	0.229391
0.715	0.221186
0.725	0.219887
0.735	0.222012
0.745	0.209084
0.755	0.217703
0.765	0.221304
0.775	0.213689
0.785	0.212154
0.795	0.218116
0.805	0.212567
0.815	0.222956
0.825	0.206428
0.835	0.214102
0.845	0.207432
0.855	0.204598
0.865	0.213039
0.875	0.206841
0.885	0.20755
0.895	0.206664
0.905	0.197928
0.915	0.202827
0.925	0.200525
0.935	0.200584
0.945	0.195685
0.955	0.195389
0.965	0.193382
0.975	0.196865
0.985	0.197396
0.995	0.18925
1.005	0.192084
1.015	0.193205
1.025	0.193382
1.035	0.187834
1.045	0.19781
1.055	0.187657
1.065	0.196334
1.075	0.18742
1.085	0.186653
1.095	0.191612
1.105	0.189014
1.115	0.185886
1.125	0.184646
1.135	0.193205
1.145	0.179865
1.155	0.18559
1.165	0.183111
1.175	0.188011
1.185	0.183465
1.195	0.178389
1.205	0.188129
1.215	0.190136
1.225	0.182226
1.235	0.182049
1.245	0.191907
1.255	0.18683
1.265	0.180396
1.275	0.178271
1.285	0.180514
1.295	0.189723
1.305	0.180278
1.315	0.181517
1.325	0.182993
1.335	0.183052
1.345	0.183111
1.355	0.182698
1.365	0.182344
1.375	0.185413
1.385	0.177326
1.395	0.184764
1.405	0.17833
1.415	0.184351
1.425	0.181458
1.435	0.183997
1.445	0.185059
1.455	0.186299
1.465	0.187716
1.475	0.182403
1.485	0.181399
1.495	0.184056
1.505	0.189841
1.515	0.185472
1.525	0.178802
1.535	0.186476
1.545	0.181458
1.555	0.178153
1.565	0.188306
1.575	0.18624
1.585	0.188306
1.595	0.193678
1.605	0.18807
1.615	0.179924
1.625	0.195035
1.635	0.186535
1.645	0.192084
1.655	0.188188
1.665	0.190313
1.675	0.193973
1.685	0.190372
1.695	0.197101
1.705	0.189959
1.715	0.190136
1.725	0.187952
1.735	0.198577
1.745	0.199108
1.755	0.197337
1.765	0.194445
1.775	0.199581
1.785	0.195685
1.795	0.201115
1.805	0.205543
1.815	0.205956
1.825	0.210324
1.835	0.206192
1.845	0.2069
1.855	0.206723
1.865	0.205425
1.875	0.21298
1.885	0.213512
1.895	0.207491
1.905	0.214928
1.915	0.225318
1.925	0.21847
1.935	0.21422
1.945	0.223429
1.955	0.218824
1.965	0.218588
1.975	0.227325
1.985	0.223842
1.995	0.234585
2.005	0.235117
2.015	0.231634
2.025	0.239603
2.035	0.233818
2.045	0.233818
2.055	0.242023
2.065	0.249166
2.075	0.233228
2.085	0.251527
2.095	0.243027
2.105	0.239544
2.115	0.239544
2.125	0.24468
2.135	0.246037
2.145	0.25318
2.155	0.250287
2.165	0.24527
2.175	0.253298
2.185	0.257135
2.195	0.257961
2.205	0.258315
2.215	0.254833
2.225	0.259673
2.235	0.257253
2.245	0.258315
2.255	0.260382
2.265	0.257489
2.275	0.256249
2.285	0.269
2.295	0.264632
2.305	0.263687
2.315	0.267524
2.325	0.265458
2.335	0.263333
2.345	0.265517
2.355	0.274195
2.365	0.265281
2.375	0.268705
2.385	0.27384
2.395	0.27266
2.405	0.271538
2.415	0.269354
2.425	0.276674
2.435	0.27691
2.445	0.271774
2.455	0.271951
2.465	0.275729
2.475	0.27567
2.485	0.277972
2.495	0.277087
2.505	0.280452
2.515	0.277677
2.525	0.281514
2.535	0.271302
2.545	0.286945
2.555	0.279861
2.565	0.274136
2.575	0.274785
2.585	0.279389
2.595	0.27449
2.605	0.280629
2.615	0.283167
2.625	0.281987
2.635	0.282813
2.645	0.277146
2.655	0.284879
2.665	0.280629
2.675	0.28299
2.685	0.291195
2.695	0.29031
2.705	0.281337
2.715	0.28358
2.725	0.285233
2.735	0.283757
2.745	0.282695
2.755	0.285705
2.765	0.282518
2.775	0.282931
2.785	0.290959
2.795	0.290074
2.805	0.289424
2.815	0.288126
2.825	0.287358
2.835	0.282754
2.845	0.28541
2.855	0.280157
2.865	0.295504
2.875	0.288362
2.885	0.282813
2.895	0.291431
2.905	0.29214
2.915	0.298692
2.925	0.27874
2.935	0.296331
2.945	0.280983
2.955	0.294973
2.965	0.293911
2.975	0.28789
2.985	0.291904
2.995	0.287122
3.005	0.294737
3.015	0.2909
3.025	0.293615
3.035	0.282518
3.045	0.284525
3.055	0.295741
3.065	0.280747
3.075	0.283935
3.085	0.282105
3.095	0.278858
3.105	0.280216
3.115	0.281337
3.125	0.279389
3.135	0.275611
3.145	0.283816
3.155	0.277972
3.165	0.274667
3.175	0.274431
3.185	0.273899
3.195	0.271597
3.205	0.271007
3.215	0.273309
3.225	0.273486
3.235	0.275139
3.245	0.270889
3.255	0.274017
3.265	0.267465
3.275	0.275139
3.285	0.268351
3.295	0.270712
3.305	0.268705
3.315	0.267583
3.325	0.270712
3.335	0.268055
3.345	0.267052
3.355	0.270476
3.365	0.263333
3.375	0.264278
3.385	0.267406
3.395	0.263451
3.405	0.263746
3.415	0.266934
3.425	0.269118
3.435	0.258256
3.445	0.262389
3.455	0.26233
3.465	0.260263
3.475	0.265753
3.485	0.265635
3.495	0.261385
3.505	0.263569
3.515	0.261562
3.525	0.269354
3.535	0.257902
3.545	0.263864
3.555	0.261798
3.565	0.251881
3.575	0.252471
3.585	0.26168
3.595	0.257784
3.605	0.263156
3.615	0.25802
3.625	0.256899
3.635	0.259083
3.645	0.256131
3.655	0.258493
3.665	0.267878
3.675	0.258138
3.685	0.258434
3.695	0.260677
3.705	0.252412
3.715	0.251881
3.725	0.252117
3.735	0.260027
3.745	0.257902
3.755	0.257548
3.765	0.257253
3.775	0.267524
3.785	0.259437
3.795	0.259968
3.805	0.25436
3.815	0.261916
3.825	0.254124
3.835	0.258256
3.845	0.259378
3.855	0.258493
3.865	0.261503
3.875	0.258552
3.885	0.258729
3.895	0.260972
3.905	0.261149
3.915	0.255187
3.925	0.259437
3.935	0.259378
3.945	0.261857
3.955	0.263451
3.965	0.255541
3.975	0.256427
3.985	0.25802
3.995	0.262093
4.005	0.261975
4.015	0.251586
4.025	0.264041
4.035	0.259437
4.045	0.266344
4.055	0.263274
4.065	0.254597
4.075	0.261503
4.085	0.25684
4.095	0.257489
4.105	0.268173
4.115	0.249048
4.125	0.259319
4.135	0.270003
4.145	0.258493
4.155	0.261385
4.165	0.260559
4.175	0.263274
4.185	0.258197
4.195	0.268114
4.205	0.264337
4.215	0.265399
4.225	0.269649
4.235	0.261562
4.245	0.275493
4.255	0.267701
4.265	0.267052
4.275	0.268882
4.285	0.263097
4.295	0.255069
4.305	0.257725
4.315	0.257076
4.325	0.265812
4.335	0.256899
4.345	0.265694
4.355	0.266875
4.365	0.270121
4.375	0.264218
4.385	0.264632
4.395	0.266107
4.405	0.264809
4.415	0.269708
4.425	0.267288
4.435	0.265281
4.445	0.268469
4.455	0.262034
4.465	0.270003
4.475	0.258552
4.485	0.267701
4.495	0.260677
4.505	0.261798
4.515	0.258315
4.525	0.267406
4.535	0.265045
4.545	0.266226
4.555	0.264278
4.565	0.268823
4.575	0.260854
4.585	0.263451
4.595	0.266757
4.605	0.273545
4.615	0.272837
4.625	0.263038
4.635	0.264927
4.645	0.273132
4.655	0.269472
4.665	0.270653
4.675	0.271774
4.685	0.271361
4.695	0.269236
4.705	0.263274
4.715	0.265399
4.725	0.26717
4.735	0.270358
4.745	0.264632
4.755	0.267583
4.765	0.263687
4.775	0.267937
4.785	0.26292
4.795	0.268646
4.805	0.271125
4.815	0.270771
4.825	0.276615
4.835	0.271951
4.845	0.271597
4.855	0.263864
4.865	0.263333
4.875	0.268646
4.885	0.282046
4.895	0.270653
4.905	0.270121
4.915	0.266993
4.925	0.267347
4.935	0.269472
4.945	0.263923
4.955	0.267996
4.965	0.267465
4.975	0.263628
4.985	0.262625
4.995	0.269354
5.005	0.260559
5.015	0.265635
5.025	0.272778
5.035	0.274017
5.045	0.266816
5.055	0.269472
5.065	0.266521
5.075	0.266875
5.085	0.269118
5.095	0.267347
5.105	0.269708
5.115	0.261798
5.125	0.264986
5.135	0.26534
5.145	0.269354
5.155	0.267288
5.165	0.276379
5.175	0.27449
5.185	0.26475
5.195	0.266993
5.205	0.266048
5.215	0.261149
5.225	0.270358
5.235	0.271302
5.245	0.260559
5.255	0.273427
5.265	0.276202
5.275	0.271538
5.285	0.269472
5.295	0.258729
5.305	0.264691
5.315	0.280039
5.325	0.272601
5.335	0.274785
5.345	0.263746
5.355	0.270358
5.365	0.264041
5.375	0.265163
5.385	0.259378
5.395	0.265635
5.405	0.266462
5.415	0.261621
5.425	0.257725
5.435	0.26717
5.445	0.271715
5.455	0.262802
5.465	0.262389
5.475	0.264986
5.485	0.258493
5.495	0.26593
5.505	0.267229
5.515	0.270712
5.525	0.270003
5.535	0.276202
5.545	0.271243
5.555	0.268646
5.565	0.267052
5.575	0.266403
5.585	0.266639
5.595	0.265871
5.605	0.268292
5.615	0.263864
5.625	0.269177
5.635	0.263687
5.645	0.25926
5.655	0.262861
5.665	0.261621
5.675	0.262566
5.685	0.26475
5.695	0.259555
5.705	0.268351
5.715	0.2605
5.725	0.263982
5.735	0.260913
5.745	0.269295
5.755	0.266993
5.765	0.265045
5.775	0.273604
5.785	0.267052
5.795	0.261562
5.805	0.260677
5.815	0.264159
5.825	0.261562
5.835	0.264691
5.845	0.270889
5.855	0.258906
5.865	0.26534
5.875	0.258315
5.885	0.265694
5.895	0.265812
5.905	0.266462
5.915	0.264986
5.925	0.261385
5.935	0.26534
5.945	0.254656
5.955	0.25985
5.965	0.261444
5.975	0.262684
5.985	0.265399
5.995	0.262389
6.005	0.266639
6.015	0.255128
6.025	0.261503
6.035	0.270121
6.045	0.260972
6.055	0.253888
6.065	0.265222
6.075	0.258965
6.085	0.259496
6.095	0.262979
6.105	0.260441
6.115	0.265458
6.125	0.269354
6.135	0.269
6.145	0.264986
6.155	0.260736
6.165	0.260972
6.175	0.268882
6.185	0.269177
6.195	0.263274
6.205	0.259555
6.215	0.265104
6.225	0.268764
6.235	0.257961
6.245	0.26959
6.255	0.261798
6.265	0.265222
6.275	0.263451
6.285	0.2605
6.295	0.266757
6.305	0.260204
6.315	0.260618
6.325	0.270003
6.335	0.256545
6.345	0.263392
6.355	0.263746
6.365	0.270476
6.375	0.26233
6.385	0.265163
6.395	0.267465
6.405	0.261444
6.415	0.263274
6.425	0.272188
6.435	0.266934
6.445	0.257548
6.455	0.266934
6.465	0.2556
6.475	0.269944
6.485	0.260854
6.495	0.269118
6.505	0.265458
6.515	0.267288
6.525	0.271538
6.535	0.264632
6.545	0.268646
6.555	0.264691
6.565	0.263628
6.575	0.273545
6.585	0.256486
6.595	0.260441
6.605	0.264218
6.615	0.272188
6.625	0.269767
6.635	0.269649
6.645	0.269708
6.655	0.268528
6.665	0.263392
6.675	0.265753
6.685	0.25867
6.695	0.262625
6.705	0.261562
6.715	0.265163
6.725	0.265635
6.735	0.259614
6.745	0.262389
6.755	0.27083
6.765	0.269472
6.775	0.264632
6.785	0.270181
6.795	0.271656
6.805	0.265989
6.815	0.268351
6.825	0.263923
6.835	0.264868
6.845	0.272129
6.855	0.261385
6.865	0.265753
6.875	0.266403
6.885	0.258847
6.895	0.262448
6.905	0.260559
6.915	0.263923
6.925	0.255954
6.935	0.257961
6.945	0.268351
6.955	0.269767
6.965	0.26776
6.975	0.2605
6.985	0.266698
6.995	0.262743
7.005	0.262684
7.015	0.266226
7.025	0.264868
7.035	0.264337
7.045	0.263215
7.055	0.265576
7.065	0.263333
7.075	0.266993
7.085	0.257548
7.095	0.265281
7.105	0.263923
7.115	0.269118
7.125	0.264218
7.135	0.268114
7.145	0.258729
7.155	0.268882
7.165	0.271597
7.175	0.265812
7.185	0.259201
7.195	0.263746
7.205	0.267996
7.215	0.265222
7.225	0.266875
7.235	0.265694
7.245	0.267465
7.255	0.269295
7.265	0.267524
7.275	0.269236
7.285	0.265753
7.295	0.270299
7.305	0.266698
7.315	0.269
7.325	0.263687
7.335	0.26351
7.345	0.261208
7.355	0.260441
7.365	0.265399
7.375	0.267996
7.385	0.267642
7.395	0.269944
7.405	0.262448
7.415	0.265458
7.425	0.262743
7.435	0.272069
7.445	0.264809
7.455	0.265281
7.465	0.265989
7.475	0.269295
7.485	0.262979
7.495	0.264691
7.505	0.261149
7.515	0.265222
7.525	0.263982
7.535	0.263628
7.545	0.274254
7.555	0.267937
7.565	0.269354
7.575	0.263333
7.585	0.270712
7.595	0.27266
7.605	0.270181
7.615	0.270417
7.625	0.264396
7.635	0.264455
7.645	0.263451
7.655	0.27632
7.665	0.263687
7.675	0.270003
7.685	0.26168
7.695	0.263628
7.705	0.273073
7.715	0.269944
7.725	0.27142
7.735	0.264573
7.745	0.264159
7.755	0.264809
7.765	0.264337
7.775	0.271243
7.785	0.267701
7.795	0.263628
7.805	0.264868
7.815	0.259673
7.825	0.269354
7.835	0.262211
7.845	0.267111
7.855	0.259319
7.865	0.262093
7.875	0.264396
7.885	0.27449
7.895	0.265458
7.905	0.262802
7.915	0.262684
7.925	0.268114
7.935	0.26534
7.945	0.272129
7.955	0.271184
7.965	0.268173
7.975	0.266698
7.985	0.266048
7.995	0.263097
8.005	0.265989
8.015	0.264041
8.025	0.273663
8.035	0.267229
8.045	0.266403
8.055	0.270948
8.065	0.255954
8.075	0.256958
8.085	0.268528
8.095	0.263805
8.105	0.267878
8.115	0.274313
8.125	0.274667
8.135	0.267819
8.145	0.270121
8.155	0.262861
8.165	0.259673
8.175	0.272247
8.185	0.263451
8.195	0.26292
8.205	0.270535
8.215	0.265576
8.225	0.265458
8.235	0.266521
8.245	0.271892
8.255	0.267111
8.265	0.269118
8.275	0.264278
8.285	0.268705
8.295	0.259083
8.305	0.263156
8.315	0.266757
8.325	0.259968
8.335	0.261562
8.345	0.268941
8.355	0.266757
8.365	0.261208
8.375	0.262979
8.385	0.266934
8.395	0.262625
8.405	0.263569
8.415	0.272778
8.425	0.267288
8.435	0.266226
8.445	0.269472
8.455	0.262152
8.465	0.260204
8.475	0.2605
8.485	0.25802
8.495	0.265635
8.505	0.268705
8.515	0.267347
8.525	0.268233
8.535	0.262507
8.545	0.26593
8.555	0.261857
8.565	0.257902
8.575	0.261562
8.585	0.2641
8.595	0.265222
8.605	0.264337
8.615	0.268764
8.625	0.261503
8.635	0.269531
8.645	0.26351
8.655	0.270535
8.665	0.269708
8.675	0.261621
8.685	0.263569
8.695	0.269354
8.705	0.26292
8.715	0.263038
8.725	0.261208
8.735	0.262743
8.745	0.261562
8.755	0.261916
8.765	0.256663
8.775	0.263333
8.785	0.26959
8.795	0.264809
8.805	0.263215
8.815	0.268233
8.825	0.271007
8.835	0.261208
8.845	0.255777
8.855	0.273604
8.865	0.263038
8.875	0.270948
8.885	0.260263
8.895	0.272188
8.905	0.264986
8.915	0.271066
8.925	0.267819
8.935	0.271066
8.945	0.2605
8.955	0.26959
8.965	0.260618
8.975	0.270062
8.985	0.268233
8.995	0.264927
9.005	0.261031
9.015	0.271125
9.025	0.260795
9.035	0.267583
9.045	0.26534
9.055	0.272129
9.065	0.268646
9.075	0.263097
9.085	0.262152
9.095	0.26658
9.105	0.269354
9.115	0.26658
9.125	0.267288
9.135	0.269118
9.145	0.270358
9.155	0.268941
9.165	0.268233
9.175	0.267996
9.185	0.264396
9.195	0.2641
9.205	0.268587
9.215	0.265694
9.225	0.264986
9.235	0.270062
9.245	0.261326
9.255	0.275493
9.265	0.26534
9.275	0.270417
9.285	0.267052
9.295	0.262625
9.305	0.265104
9.315	0.264455
9.325	0.267052
9.335	0.25926
9.345	0.259614
9.355	0.267406
9.365	0.270594
9.375	0.266521
9.385	0.262093
9.395	0.271066
9.405	0.262093
9.415	0.266048
9.425	0.262507
9.435	0.266226
9.445	0.275788
9.455	0.262034
9.465	0.261975
9.475	0.261975
9.485	0.266344
9.495	0.26475
9.505	0.264868
9.515	0.274726
9.525	0.270889
9.535	0.270712
9.545	0.260204
9.555	0.270181
9.565	0.265399
9.575	0.266521
9.585	0.267937
9.595	0.266166
9.605	0.264455
9.615	0.265399
9.625	0.266757
9.635	0.268587
9.645	0.26227
9.655	0.26227
9.665	0.274372
9.675	0.270062
9.685	0.272247
9.695	0.271951
9.705	0.258552
9.715	0.265694
9.725	0.256781
9.735	0.268173
9.745	0.267937
9.755	0.261798
9.765	0.263097
9.775	0.265694
9.785	0.264159
9.795	0.262448
9.805	0.263923
9.815	0.264809
9.825	0.269295
9.835	0.260382
9.845	0.266285
9.855	0.263569
9.865	0.268114
9.875	0.270299
9.885	0.26227
9.895	0.272306
9.905	0.270771
9.915	0.259673
9.925	0.26593
9.935	0.268114
9.945	0.263451
9.955	0.260145
9.965	0.269413
9.975	0.263038
9.985	0.26717
9.995	0.268292
10.005	0.265222
10.015	0.268705
10.025	0.262507
10.035	0.267052
10.045	0.26776
10.055	0.267996
10.065	0.260972
10.075	0.262093
10.085	0.268469
10.095	0.25985
10.105	0.264278
10.115	0.268055
10.125	0.260086
10.135	0.263038
10.145	0.270771
10.155	0.270003
10.165	0.267406
10.175	0.274431
10.185	0.261385
10.195	0.270594
10.205	0.265576
10.215	0.268941
10.225	0.267996
10.235	0.273073
10.245	0.263864
10.255	0.260618
10.265	0.269118
10.275	0.271656
10.285	0.263687
10.295	0.27142
10.305	0.264927
10.315	0.275021
10.325	0.256545
10.335	0.267111
10.345	0.271892
10.355	0.264159
10.365	0.268528
10.375	0.261562
10.385	0.266166
10.395	0.264927
10.405	0.269413
10.415	0.259732
10.425	0.270062
10.435	0.271951
10.445	0.262093
10.455	0.266521
10.465	0.265458
10.475	0.26109
10.485	0.263864
10.495	0.263923
10.505	0.272188
10.515	0.255423
10.525	0.264573
10.535	0.266107
10.545	0.260736
10.555	0.264632
10.565	0.265812
10.575	0.262979
10.585	0.268114
10.595	0.260677
10.605	0.263569
10.615	0.259378
10.625	0.272069
10.635	0.268055
10.645	0.262625
10.655	0.264573
10.665	0.271833
10.675	0.260027
10.685	0.267347
10.695	0.263746
10.705	0.271007
10.715	0.261326
10.725	0.262861
10.735	0.262389
10.745	0.266993
10.755	0.267229
10.765	0.263392
10.775	0.264455
10.785	0.258906
10.795	0.266521
10.805	0.262034
10.815	0.26841
10.825	0.265694
10.835	0.267052
10.845	0.262507
10.855	0.264278
10.865	0.271774
10.875	0.26109
10.885	0.261385
10.895	0.267878
10.905	0.270653
10.915	0.259319
10.925	0.264041
10.935	0.264396
10.945	0.260913
10.955	0.258965
10.965	0.264691
10.975	0.269295
10.985	0.256249
10.995	0.259555
11.005	0.263156
11.015	0.265222
11.025	0.259083
11.035	0.265222
11.045	0.272188
11.055	0.262152
11.065	0.27508
11.075	0.263392
11.085	0.265989
11.095	0.264278
11.105	0.266875
11.115	0.260854
11.125	0.265222
11.135	0.261857
11.145	0.259791
11.155	0.264455
11.165	0.265399
11.175	0.266698
11.185	0.265694
11.195	0.26168
11.205	0.268646
11.215	0.266875
11.225	0.263746
11.235	0.266934
11.245	0.264455
11.255	0.265458
11.265	0.269059
11.275	0.277382
11.285	0.26292
11.295	0.272306
11.305	0.269
11.315	0.273191
11.325	0.26227
11.335	0.269708
11.345	0.269
11.355	0.271892
11.365	0.263805
11.375	0.268351
11.385	0.266107
11.395	0.265576
11.405	0.272601
11.415	0.273722
11.425	0.263215
11.435	0.269472
11.445	0.264514
11.455	0.275139
11.465	0.272778
11.475	0.265989
11.485	0.263923
11.495	0.268646
11.505	0.267937
11.515	0.265635
11.525	0.267052
11.535	0.269059
11.545	0.271361
11.555	0.264927
11.565	0.262566
11.575	0.26534
11.585	0.269472
11.595	0.270712
11.605	0.269708
11.615	0.270003
11.625	0.268823
11.635	0.272542
11.645	0.265163
11.655	0.269944
11.665	0.268941
11.675	0.264278
11.685	0.273604
11.695	0.268941
11.705	0.26776
11.715	0.272542
11.725	0.268173
11.735	0.268882
11.745	0.26776
11.755	0.275316
11.765	0.265694
11.775	0.267111
11.785	0.271479
11.795	0.273368
11.805	0.263451
11.815	0.272837
11.825	0.266521
11.835	0.271715
11.845	0.265104
11.855	0.267583
11.865	0.266934
11.875	0.272601
11.885	0.265576
11.895	0.269413
11.905	0.264514
11.915	0.270535
11.925	0.270121
11.935	0.265222
11.945	0.265222
11.955	0.268764
11.965	0.274726
11.975	0.264159
11.985	0.275257
11.995	0.258138
12.005	0.270476
12.015	0.273899
12.025	0.27024
12.035	0.274017
12.045	0.256427
12.055	0.270417
12.065	0.273486
12.075	0.26534
12.085	0.268055
12.095	0.266521
12.105	0.260736
12.115	0.261739
12.125	0.272306
12.135	0.270712
12.145	0.268646
12.155	0.264278
12.165	0.264632
12.175	0.270358
12.185	0.26534
12.195	0.264986
12.205	0.267347
12.215	0.26593
12.225	0.263982
12.235	0.272247
12.245	0.257076
12.255	0.266226
12.265	0.266048
12.275	0.266934
12.285	0.263569
12.295	0.262448
12.305	0.263156
12.315	0.271774
12.325	0.262389
12.335	0.265753
12.345	0.264632
12.355	0.275729
12.365	0.268173
12.375	0.266462
12.385	0.268764
12.395	0.266934
12.405	0.263451
12.415	0.266521
12.425	0.269472
12.435	0.260795
12.445	0.261916
12.455	0.263746
12.465	0.262448
12.475	0.268233
12.485	0.26658
12.495	0.259083
12.505	0.276615
12.515	0.26534
12.525	0.267052
12.535	0.257961
12.545	0.26658
12.555	0.268764
12.565	0.266403
12.575	0.269767
12.585	0.268292
12.595	0.269767
12.605	0.270358
12.615	0.264278
12.625	0.262684
12.635	0.264218
12.645	0.265989
12.655	0.261916
12.665	0.262861
12.675	0.270594
12.685	0.265281
12.695	0.265281
12.705	0.260322
12.715	0.268469
12.725	0.261208
12.735	0.267524
12.745	0.25743
12.755	0.270712
12.765	0.272542
12.775	0.265045
12.785	0.262802
12.795	0.266639
12.805	0.264041
12.815	0.272306
12.825	0.269
12.835	0.265635
12.845	0.261444
12.855	0.268882
12.865	0.266226
12.875	0.258611
12.885	0.26658
12.895	0.259614
12.905	0.26717
12.915	0.268114
12.925	0.264159
12.935	0.267465
12.945	0.263746
12.955	0.272129
12.965	0.261621
12.975	0.266757
12.985	0.268114
12.995	0.269826
13.005	0.261562
13.015	0.269413
13.025	0.260854
13.035	0.266285
13.045	0.265576
13.055	0.265104
13.065	0.270889
13.075	0.265694
13.085	0.275257
13.095	0.272247
13.105	0.266285
13.115	0.267052
13.125	0.264337
13.135	0.26351
13.145	0.270417
13.155	0.268114
13.165	0.263156
13.175	0.267347
13.185	0.265163
13.195	0.270476
13.205	0.260382
13.215	0.271833
13.225	0.272719
13.235	0.265104
13.245	0.266757
13.255	0.272247
13.265	0.268351
13.275	0.266993
13.285	0.264868
13.295	0.271597
13.305	0.262507
13.315	0.273427
13.325	0.265104
13.335	0.264159
13.345	0.261739
13.355	0.269354
13.365	0.269354
13.375	0.264809
13.385	0.262507
13.395	0.268469
13.405	0.270948
13.415	0.260263
13.425	0.265281
13.435	0.258434
13.445	0.270417
13.455	0.268646
13.465	0.271951
13.475	0.273604
13.485	0.267288
13.495	0.265753
13.505	0.258256
13.515	0.266107
13.525	0.268055
13.535	0.25867
13.545	0.27201
13.555	0.265694
13.565	0.261267
13.575	0.264632
13.585	0.26776
13.595	0.265989
13.605	0.264868
13.615	0.26841
13.625	0.267229
13.635	0.266639
13.645	0.261444
13.655	0.266226
13.665	0.269354
13.675	0.263215
13.685	0.266462
13.695	0.27325
13.705	0.262684
13.715	0.266993
13.725	0.261857
13.735	0.263038
13.745	0.261208
13.755	0.264337
13.765	0.265576
13.775	0.261916
13.785	0.26475
13.795	0.265104
13.805	0.262093
13.815	0.269236
13.825	0.268941
13.835	0.261562
13.845	0.255777
13.855	0.263451
13.865	0.26776
13.875	0.265045
13.885	0.261267
13.895	0.267524
13.905	0.257666
13.915	0.27201
13.925	0.272424
13.935	0.269118
13.945	0.261385
13.955	0.263156
13.965	0.262625
13.975	0.268469
13.985	0.269
13.995	0.264691
14.005	0.261444
14.015	0.270653
14.025	0.261621
14.035	0.264396
14.045	0.26233
14.055	0.275906
14.065	0.264691
14.075	0.265222
14.085	0.268764
14.095	0.269295
14.105	0.271302
14.115	0.267465
14.125	0.262979
14.135	0.276261
14.145	0.264455
14.155	0.274254
14.165	0.26776
14.175	0.268823
14.185	0.259968
14.195	0.262979
14.205	0.262211
14.215	0.263215
14.225	0.264573
14.235	0.26658
14.245	0.267701
14.255	0.269649
14.265	0.268882
14.275	0.267642
14.285	0.261031
14.295	0.261031
14.305	0.273073
14.315	0.271656
14.325	0.269649
14.335	0.269236
14.345	0.267052
14.355	0.264632
14.365	0.25926
14.375	0.277087
14.385	0.269118
14.395	0.271361
14.405	0.268764
14.415	0.266639
14.425	0.262034
14.435	0.26841
14.445	0.266816
14.455	0.269354
14.465	0.260441
14.475	0.268764
14.485	0.270358
14.495	0.264986
14.505	0.272365
14.515	0.266698
14.525	0.265576
14.535	0.268882
14.545	0.263215
14.555	0.268941
14.565	0.275552
14.575	0.261444
14.585	0.259555
14.595	0.264632
14.605	0.264632
14.615	0.265281
14.625	0.266757
14.635	0.269118
14.645	0.26534
14.655	0.266698
14.665	0.264159
14.675	0.265989
14.685	0.264514
14.695	0.27201
14.705	0.260854
14.715	0.272188
14.725	0.264396
14.735	0.260854
14.745	0.274372
14.755	0.264159
14.765	0.270181
14.775	0.268292
14.785	0.271951
14.795	0.263805
14.805	0.260027
14.815	0.259909
14.825	0.26959
14.835	0.26292
14.845	0.265812
14.855	0.27142
14.865	0.277795
14.875	0.266107
14.885	0.274549
14.895	0.259142
14.905	0.272247
14.915	0.268882
14.925	0.261444
14.935	0.263215
14.945	0.265163
14.955	0.271243
14.965	0.261739
14.975	0.263982
14.985	0.26841
14.995	0.261739
