# iterations	 errorinentropy	 maxerror	(generated with python figs/yaml-multi-comparison.py /home/jordan/weniger-cp-data/ /home/jordan/deft/papers/histogram/data/samc-1e5-256-reference-lndos.dat s000/periodic-ww1.50-ff0.17-N256 256 915 509 true 8 sad-256 wl-256 wl-inv-t-256 samc-1e3-256 samc-1e4-256 samc-1e5-256 samc-1e6-256
0.003906	74.19	274.6
0.007812	74.19	274.6
0.01172	74.19	274.6
0.01562	74.19	274.6
0.02344	74.19	274.6
0.02734	74.19	274.6
0.03906	74.19	274.6
0.05078	74.19	274.6
0.07031	74.19	274.6
0.09375	74.19	274.6
0.125	74.19	274.6
0.1641	74.19	274.6
0.2188	74.19	274.6
0.293	74.19	274.6
0.3906	74.19	274.6
0.5195	74.19	274.6
0.6953	74.19	274.6
0.9258	74.19	274.6
1.234	74.19	274.6
1.648	74.19	274.6
2.195	74.19	274.6
2.93	73.94	274.5
3.906	73.45	273.9
5.211	72.8	273.1
6.945	72.17	271.2
9.262	71.53	271.2
12.35	70.9	271.2
16.47	70.27	270.2
21.96	69.65	270.2
29.29	69.47	270.2
39.06	69.47	270.2
52.09	69.47	270.2
69.46	69.47	270.2
92.63	69.47	270.2
123.5	69.47	270.2
164.7	69.47	270.2
219.7	69.47	270.2
292.9	69.47	270.2
390.6	69.46	270.2
520.9	69.33	270.2
694.6	69.33	270.2
926.3	69.33	270.2
1235	69.33	270.2
1647	68.83	260.3
2197	68.21	253.9
2929	67.6	249.7
3906	66.99	246.3
5209	66.38	242.5
6946	65.77	237.4
9263	65.17	234.9
1.235e+04	64.57	231.1
1.647e+04	63.97	229.4
2.197e+04	63.37	225.7
2.929e+04	62.78	222.9
3.906e+04	62.19	221.2
5.209e+04	61.61	217.9
6.946e+04	61.03	215.7
9.263e+04	60.45	213.3
1.235e+05	60.36	213.2
1.647e+05	60.35	213.2
2.197e+05	60.34	213.2
2.929e+05	60.17	212.3
3.906e+05	59.9	211.4
5.209e+05	59.6	210.8
6.946e+05	59.19	209
9.263e+05	58.87	207.9
1.235e+06	58.57	206.9
1.647e+06	58.24	206
2.197e+06	57.96	205.1
2.929e+06	57.63	204.1
3.906e+06	57.34	203.2
5.209e+06	57.02	202.2
6.946e+06	56.72	201.3
9.263e+06	56.39	200.4
1.235e+07	56.08	199.5
1.647e+07	55.78	198.6
2.197e+07	55.47	197.8
2.929e+07	55.17	196.9
3.906e+07	54.86	196
5.209e+07	54.55	195.1
6.946e+07	54.25	194.2
9.263e+07	53.95	193.4
1.235e+08	53.65	192.5
1.647e+08	53.34	191.7
2.197e+08	53.04	190.8
2.929e+08	52.74	190
3.906e+08	52.43	189.1
5.209e+08	52.14	188.3
6.946e+08	51.84	187.5
9.263e+08	51.54	186.7
1.235e+09	51.24	185.8
