# round trips	 doserror
0	57.89
0	49.62
0	44.28
0	39.53
0	35.29
0	33.26
0	27.2
0	23.49
0	21.09
0	16.91
0	13.51
0	8.163
0	3.285
0	-2.714
0	-11.35
3	-14.78
16	-12.15
30	-10.96
41	-10.03
47	-9.969
52	-9.27
57	-8.784
67	-8.562
82	-7.387
95	-6.807
113	-6.416
129	-6.016
136	-6.008
146	-6.049
162	-5.438
174	-4.558
197	-4.372
212	-4.269
218	-4.026
227	-3.845
242	-3.699
267	-3.788
281	-3.463
290	-3.434
313	-3.174
330	-3.044
351	-2.722
366	-2.659
382	-2.654
403	-2.371
427	-2.483
440	-2.462
468	-2.418
494	-1.987
513	-1.968
528	-1.968
551	-1.867
575	-1.785
589	-1.611
611	-1.593
638	-1.535
653	-1.518
683	-1.224
707	-1.245
722	-1.237
747	-1.275
773	-1.12
786	-1.159
815	-1.148
834	-1.117
860	-1.109
888	-0.8438
905	-0.8611
940	-0.9514
967	-0.9288
985	-0.931
1013	-0.8072
1031	-0.8107
1063	-0.7927
1085	-0.7737
1113	-0.7943
1138	-0.5045
1156	-0.4957
1193	-0.4835
1215	-0.5694
1253	-0.5563
1277	-0.5523
1312	-0.5731
1338	-0.5588
1369	-0.5705
1397	-0.413
1433	-0.4121
1459	-0.4118
1494	-0.3354
1519	-0.3287
1555	-0.3049
1584	-0.3008
1612	-0.3137
1639	-0.3022
1671	-0.3075
1701	-0.3062
1727	-0.2991
1755	-0.1977
1788	-0.1924
1815	-0.1894
1847	-0.2061
1872	-0.2029
1909	-0.206
1934	-0.2064
1972	-0.1999
1999	-0.1982
2049	-0.1951
2079	-0.1917
2123	-0.185
2156	-0.1786
2181	-0.2063
2219	-0.2059
2254	-0.2064
2289	-0.2028
2332	-0.1997
2362	-0.1961
2419	-0.1927
2450	-0.1968
2477	-0.1935
2521	-0.1885
2548	-0.08234
2577	-0.07804
2638	-0.07913
2684	-0.09048
2729	-0.09817
2780	-0.09898
2810	-0.09638
2858	-0.09268
2892	-0.09168
2924	-0.111
2968	-0.1056
3009	-0.1014
3051	-0.04098
3090	-0.05817
3136	-0.05726
3178	-0.05488
3216	-0.05468
3281	-0.05621
3324	-0.05128
3374	-0.05858
3423	-0.05612
3458	-0.05753
3510	-0.05236
3573	-0.05321
3632	-0.04944
3674	-0.04752
3722	-0.04677
3766	-0.04757
3816	-0.05501
3868	-0.05481
3914	-0.05596
3963	-0.05663
4002	-0.06075
4084	-0.05798
4141	-0.05458
4194	-0.05608
4257	-0.05558
4301	-0.0183
4367	-0.01708
4425	-0.01286
4476	-0.01228
4533	-0.01368
4590	-0.01103
4643	-0.01078
4695	-0.007498
4752	-0.005831
4822	-0.02463
4881	-0.0217
4934	-0.02192
4982	-0.02228
5033	-0.02114
5090	-0.01827
5138	-0.01959
5191	-0.02524
5250	-0.02516
5308	-0.02325
5355	-0.0213
5420	-0.02003
5477	-0.01659
5556	-0.01479
5601	-0.01237
5652	-0.01052
5732	-0.01011
5807	-0.01046
5874	-0.007347
5933	-0.00669
5996	-0.004959
6056	-0.002847
6106	-0.002125
6161	0.02298
6210	0.0275
6271	0.02838
6330	0.0257
6392	0.03008
6469	0.02542
6529	0.02512
6593	0.02611
6662	0.02862
6721	-0.007759
6786	-0.01298
6860	-0.011
6922	-0.0128
7011	-0.01262
7084	-0.0128
7143	-0.01293
7205	-0.01162
7276	-0.01189
7364	-0.01192
7431	-0.01188
7502	-0.01147
7595	-0.009099
7659	-0.007626
7725	-0.00608
7804	-0.007153
7869	-0.006065
7935	-0.005265
8005	-0.005664
8070	-0.005217
8143	-0.004519
8210	-0.006024
8285	-0.006347
8351	-0.004868
8418	-0.004132
8478	-0.0042
8547	-0.001148
8622	8.398e-05
8690	-0.003299
8749	-0.003173
8822	-0.002534
8882	-0.003052
8970	-0.002283
9043	-0.0003884
9107	0.0002158
9173	-0.0008198
9259	0.001838
9334	0.001223
9407	0.001343
9480	0.002097
9554	0.002095
9627	0.003247
9685	0.0015
9748	0.00181
9810	-0.01177
9893	-0.0112
9971	-0.009785
1.004e+04	-0.009883
1.01e+04	-0.009572
1.019e+04	-0.008609
1.026e+04	-0.00813
1.033e+04	-0.006653
1.041e+04	-0.007525
1.049e+04	-0.00715
1.056e+04	-0.005702
1.063e+04	-0.005734
1.071e+04	-0.005487
1.077e+04	-0.003108
1.085e+04	-0.002099
1.094e+04	-0.001415
1.102e+04	-0.0005043
1.108e+04	-0.0006236
1.116e+04	-0.002041
1.122e+04	-0.0007029
1.131e+04	0.0002683
1.14e+04	0.0006982
1.147e+04	0.002853
1.156e+04	0.003031
1.165e+04	0.005463
1.175e+04	0.004837
1.183e+04	0.005753
1.191e+04	0.007016
1.2e+04	0.007544
1.21e+04	0.008288
1.218e+04	0.008051
1.227e+04	0.00817
1.237e+04	0.00795
1.245e+04	0.008898
1.256e+04	0.007832
1.265e+04	0.008362
1.272e+04	0.007365
1.281e+04	0.006728
1.29e+04	0.007505
1.299e+04	0.007447
1.308e+04	0.007975
1.319e+04	0.005697
1.328e+04	0.007216
1.337e+04	0.005629
1.345e+04	0.003685
1.355e+04	0.005454
1.364e+04	0.006715
1.372e+04	0.00729
1.38e+04	0.005837
1.392e+04	0.005452
1.4e+04	0.005812
1.409e+04	0.004779
1.42e+04	0.005014
1.432e+04	0.004856
1.441e+04	0.004431
1.451e+04	0.004895
1.461e+04	0.006109
1.471e+04	0.005003
1.482e+04	0.006204
1.494e+04	0.004548
1.503e+04	0.004135
1.512e+04	0.004522
1.524e+04	0.004586
1.535e+04	0.005213
1.548e+04	0.004989
1.559e+04	0.005364
1.568e+04	0.005447
1.578e+04	0.005751
1.588e+04	0.006459
1.597e+04	0.006018
1.606e+04	0.00625
1.615e+04	0.006741
1.627e+04	0.006484
1.636e+04	0.007958
1.645e+04	0.00841
1.655e+04	0.008807
1.664e+04	0.01001
1.676e+04	0.009574
1.686e+04	0.01046
1.696e+04	0.01026
1.707e+04	0.009229
1.717e+04	0.007273
1.726e+04	0.007887
1.734e+04	0.007954
1.741e+04	0.00718
1.749e+04	0.006278
1.757e+04	0.006613
1.765e+04	0.006176
1.771e+04	0.005772
1.778e+04	0.001508
1.785e+04	0.001564
1.792e+04	0.002184
1.801e+04	0.001073
1.809e+04	0.00143
1.818e+04	0.0007893
1.824e+04	-0.0003971
1.833e+04	-0.000659
1.839e+04	-0.0009673
1.848e+04	0.0001127
1.854e+04	0.001198
1.863e+04	0.0006664
1.871e+04	0.001241
1.88e+04	0.0006782
1.891e+04	0.0008191
1.899e+04	0.002529
1.906e+04	0.002508
1.913e+04	0.002247
1.924e+04	0.003302
1.932e+04	0.004105
1.94e+04	0.004264
1.949e+04	0.003974
1.958e+04	0.00487
1.966e+04	0.005
1.974e+04	0.004986
1.981e+04	0.005082
1.99e+04	0.004967
1.998e+04	0.003413
2.008e+04	0.003684
2.016e+04	0.002972
2.023e+04	0.002948
2.034e+04	0.002793
2.042e+04	0.00289
2.051e+04	0.003169
2.061e+04	0.003646
2.07e+04	0.004504
2.08e+04	0.004867
2.09e+04	0.003987
2.097e+04	0.00317
2.107e+04	0.004275
2.119e+04	0.004335
2.129e+04	0.002787
2.14e+04	0.00366
2.15e+04	0.002972
2.16e+04	0.003869
2.172e+04	0.003084
2.184e+04	0.003795
2.195e+04	0.003345
2.202e+04	0.00451
2.21e+04	0.003615
2.220e+04	0.004464
2.231e+04	0.004388
2.242e+04	0.004062
2.25e+04	0.003943
2.262e+04	0.003898
2.274e+04	0.003933
2.284e+04	0.005186
2.294e+04	0.004978
2.305e+04	0.005204
2.316e+04	0.005568
2.326e+04	0.004786
2.335e+04	0.004671
2.348e+04	0.005242
2.358e+04	0.006409
2.37e+04	0.006194
2.379e+04	0.006447
2.392e+04	0.006943
2.401e+04	0.007261
2.414e+04	0.007507
2.425e+04	0.007297
2.434e+04	0.007217
2.444e+04	0.007959
2.456e+04	0.007955
2.468e+04	0.007238
2.478e+04	0.00711
2.49e+04	0.007233
2.501e+04	0.006585
2.511e+04	0.008306
2.521e+04	0.007522
2.532e+04	0.007693
2.54e+04	0.008491
2.553e+04	0.008895
2.564e+04	0.01012
2.574e+04	0.009258
2.586e+04	0.01058
2.596e+04	0.01017
2.606e+04	0.01016
2.618e+04	0.01056
2.63e+04	0.01094
2.641e+04	0.01074
2.652e+04	0.01078
2.662e+04	0.009831
2.674e+04	0.01045
2.685e+04	0.01041
2.696e+04	0.01081
2.708e+04	0.009704
2.72e+04	0.01059
2.731e+04	0.01044
2.74e+04	0.008456
2.752e+04	0.008756
2.763e+04	0.00949
2.775e+04	0.009486
2.786e+04	0.01
2.797e+04	0.007628
2.808e+04	0.00756
2.821e+04	0.007743
2.834e+04	0.008744
2.844e+04	0.009715
2.858e+04	0.009271
2.868e+04	0.009443
2.881e+04	0.009544
2.891e+04	0.009276
2.902e+04	0.01017
2.915e+04	0.009914
2.926e+04	0.009454
2.939e+04	0.009102
2.95e+04	0.009862
2.963e+04	0.0113
2.975e+04	0.0111
2.985e+04	0.01047
2.994e+04	0.01028
3.009e+04	0.01035
3.022e+04	0.01083
3.035e+04	0.0117
3.046e+04	0.01185
3.06e+04	0.01147
3.071e+04	0.01148
3.081e+04	0.01072
3.091e+04	0.00846
3.101e+04	0.00935
3.112e+04	0.009868
3.123e+04	0.00907
3.135e+04	0.01009
3.146e+04	0.009356
3.157e+04	0.009374
3.167e+04	0.008985
3.175e+04	0.007885
3.186e+04	0.007095
3.198e+04	0.006845
3.21e+04	0.006229
3.221e+04	0.006211
3.231e+04	0.006799
3.242e+04	0.005923
3.255e+04	0.006214
3.266e+04	0.006081
3.275e+04	0.005487
3.287e+04	0.006185
3.298e+04	0.005938
3.311e+04	0.006431
3.321e+04	0.006516
3.334e+04	0.006551
3.346e+04	0.006445
3.359e+04	0.006842
3.372e+04	0.006222
3.38e+04	0.00424
3.393e+04	0.004134
3.405e+04	0.004986
3.42e+04	0.004415
3.431e+04	0.00366
3.444e+04	0.003839
3.458e+04	0.003431
3.470e+04	0.00405
3.483e+04	0.003694
3.496e+04	0.003997
3.508e+04	0.004123
3.521e+04	0.005167
3.534e+04	0.004744
3.547e+04	0.004985
3.561e+04	0.00477
3.574e+04	0.005127
3.586e+04	0.005258
3.598e+04	0.005097
3.611e+04	0.005952
3.625e+04	0.005424
3.637e+04	0.005369
3.648e+04	0.005359
3.66e+04	0.005095
3.673e+04	0.00605
3.684e+04	0.005322
3.7e+04	0.00576
3.713e+04	0.005817
3.724e+04	0.005575
3.736e+04	0.00571
3.75e+04	0.005794
3.766e+04	0.006015
3.783e+04	0.006439
3.796e+04	0.006329
3.81e+04	0.005381
3.824e+04	0.005784
3.835e+04	0.005166
3.85e+04	0.005232
3.864e+04	0.005239
3.878e+04	0.004179
3.892e+04	0.004149
3.906e+04	0.004999
3.919e+04	0.004731
3.933e+04	0.005887
3.945e+04	0.005882
3.958e+04	0.005562
3.969e+04	0.005557
3.981e+04	0.005663
3.991e+04	0.004948
4.005e+04	0.005357
4.017e+04	0.005066
4.028e+04	0.005944
4.04e+04	0.00538
4.053e+04	0.005704
4.065e+04	0.006054
4.076e+04	0.005736
4.086e+04	0.006555
4.100e+04	0.00671
4.114e+04	0.005976
4.127e+04	0.007072
4.14e+04	0.006997
4.156e+04	0.007126
4.17e+04	0.006278
4.189e+04	0.006575
4.202e+04	0.006983
4.217e+04	0.006037
4.232e+04	0.006403
4.246e+04	0.005631
4.26e+04	0.005065
4.272e+04	0.004314
4.286e+04	0.004156
4.302e+04	0.004511
4.315e+04	0.00377
4.33e+04	0.004735
4.345e+04	0.00461
4.358e+04	0.005328
4.373e+04	0.005052
4.39e+04	0.005217
4.406e+04	0.005408
4.421e+04	0.004784
4.435e+04	0.005002
4.452e+04	0.00452
4.467e+04	0.00466
4.481e+04	0.004725
4.496e+04	0.004952
4.51e+04	0.004557
4.524e+04	0.005578
4.539e+04	0.005561
4.554e+04	0.005619
4.57e+04	0.005757
4.585e+04	0.004613
4.602e+04	0.004046
4.616e+04	0.003762
4.631e+04	0.004569
4.646e+04	0.004401
4.662e+04	0.003659
4.677e+04	0.004501
4.689e+04	0.004541
4.704e+04	0.004063
4.719e+04	0.004034
4.734e+04	0.004085
4.748e+04	0.005633
4.763e+04	0.005707
4.779e+04	0.005193
4.794e+04	0.005485
4.81e+04	0.005345
4.825e+04	0.005257
4.842e+04	0.005343
4.858e+04	0.005521
4.876e+04	0.005496
4.895e+04	0.005695
4.907e+04	0.006301
4.922e+04	0.005605
4.936e+04	0.005125
4.951e+04	0.005851
4.964e+04	0.004686
4.979e+04	0.004834
4.995e+04	0.00499
5.013e+04	0.004512
5.029e+04	0.004628
5.044e+04	0.004725
5.062e+04	0.004032
5.077e+04	0.004613
5.090e+04	0.004578
5.104e+04	0.003769
5.117e+04	0.003709
5.132e+04	0.003746
5.145e+04	0.003836
5.158e+04	0.003875
5.173e+04	0.002961
5.186e+04	0.003061
5.198e+04	0.002464
5.213e+04	0.002808
5.225e+04	0.001693
5.239e+04	0.001693
5.253e+04	0.00163
5.265e+04	0.001386
5.28e+04	0.002131
5.295e+04	0.001486
5.309e+04	0.002893
5.326e+04	0.002854
5.342e+04	0.003001
5.357e+04	0.00383
5.373e+04	0.003006
5.388e+04	0.003228
5.404e+04	0.003485
5.419e+04	0.003069
5.432e+04	0.002926
5.447e+04	0.003616
5.462e+04	0.004006
5.477e+04	0.003967
5.492e+04	0.004104
5.507e+04	0.003943
5.519e+04	0.003696
5.536e+04	0.003737
5.552e+04	0.004572
5.568e+04	0.004616
5.584e+04	0.004033
5.598e+04	0.004594
5.612e+04	0.004997
5.627e+04	0.005203
5.642e+04	0.004364
5.656e+04	0.004513
5.669e+04	0.004518
5.682e+04	0.004687
5.698e+04	0.00488
5.714e+04	0.005007
5.73e+04	0.004794
5.744e+04	0.004636
5.76e+04	0.005076
5.774e+04	0.004926
5.787e+04	0.00501
5.801e+04	0.005024
5.815e+04	0.005268
5.829e+04	0.005022
5.845e+04	0.005155
5.859e+04	0.004759
5.874e+04	0.00465
5.889e+04	0.004832
5.904e+04	0.005204
5.918e+04	0.005107
5.932e+04	0.005037
5.946e+04	0.004992
5.96e+04	0.004586
5.974e+04	0.004893
5.989e+04	0.005142
6.004e+04	0.005503
6.018e+04	0.005234
6.031e+04	0.004508
6.046e+04	0.005336
6.059e+04	0.005294
6.074e+04	0.004624
6.088e+04	0.004668
6.103e+04	0.005636
6.118e+04	0.004631
6.132e+04	0.005463
6.146e+04	0.005278
6.159e+04	0.005464
6.173e+04	0.00522
6.186e+04	0.005392
6.201e+04	0.00428
6.214e+04	0.004284
6.227e+04	0.004446
6.241e+04	0.004321
6.255e+04	0.004321
6.271e+04	0.004295
6.284e+04	0.004234
6.299e+04	0.003436
6.315e+04	0.003812
6.331e+04	0.003966
6.343e+04	0.004683
6.357e+04	0.003588
6.373e+04	0.004465
6.387e+04	0.00439
6.401e+04	0.004308
6.416e+04	0.004597
6.432e+04	0.004586
6.447e+04	0.003875
6.462e+04	0.004025
6.478e+04	0.003806
6.493e+04	0.003865
6.508e+04	0.003969
6.523e+04	0.003758
6.538e+04	0.003784
6.553e+04	0.003748
6.567e+04	0.00386
6.581e+04	0.003624
6.596e+04	0.003701
6.61e+04	0.003831
6.621e+04	0.00311
6.634e+04	0.00245
6.646e+04	0.002266
6.659e+04	0.002943
6.669e+04	0.001778
6.683e+04	0.001854
6.696e+04	0.00155
6.71e+04	0.0006506
6.723e+04	0.001291
6.738e+04	0.001266
6.755e+04	0.002452
6.77e+04	0.001816
6.785e+04	0.001955
6.799e+04	0.001944
6.813e+04	0.001826
6.828e+04	0.001651
6.843e+04	0.002496
6.858e+04	0.002565
6.871e+04	0.002439
6.886e+04	0.002439
6.898e+04	0.001352
6.913e+04	0.002166
6.925e+04	0.001523
6.942e+04	0.001555
6.956e+04	0.001417
6.97e+04	0.001339
6.985e+04	0.002207
6.998e+04	0.00129
7.014e+04	0.001414
7.030e+04	0.001752
7.046e+04	0.0009428
7.06e+04	0.001031
7.076e+04	0.000906
7.092e+04	0.0006863
7.108e+04	0.0007012
7.123e+04	0.0007687
7.142e+04	0.0002064
7.158e+04	0.001012
7.172e+04	0.001044
7.189e+04	0.00114
7.202e+04	0.0007431
7.216e+04	0.0007331
7.233e+04	0.0008499
7.246e+04	0.001425
7.261e+04	0.001596
7.276e+04	0.001616
7.291e+04	0.00166
7.304e+04	0.001583
7.319e+04	0.001661
7.334e+04	0.001912
7.351e+04	0.001935
7.366e+04	0.001829
7.383e+04	0.002093
7.399e+04	0.002278
7.413e+04	0.002468
7.428e+04	0.001559
7.442e+04	0.002429
7.457e+04	0.002376
7.47e+04	0.003061
7.482e+04	0.002791
7.499e+04	0.002737
7.515e+04	0.003753
7.531e+04	0.003571
7.549e+04	0.003022
7.564e+04	0.003131
7.579e+04	0.003492
7.596e+04	0.002569
7.610e+04	0.003372
7.625e+04	0.003217
7.642e+04	0.003126
7.657e+04	0.003304
7.671e+04	0.003138
7.685e+04	0.00229
7.702e+04	0.003299
7.716e+04	0.002434
7.732e+04	0.002496
7.744e+04	0.001937
7.76e+04	0.002118
7.775e+04	0.002813
7.792e+04	0.002644
7.808e+04	0.00241
7.82e+04	0.002302
7.835e+04	0.002304
7.851e+04	0.002141
7.868e+04	0.002305
7.882e+04	0.002193
7.899e+04	0.00226
7.913e+04	0.002467
7.928e+04	0.002413
7.944e+04	0.002398
7.959e+04	0.002332
7.975e+04	0.002232
7.989e+04	0.002304
8.004e+04	0.002364
8.019e+04	0.002226
8.036e+04	0.002058
8.051e+04	0.002959
8.067e+04	0.002826
8.083e+04	0.002062
8.097e+04	0.001644
8.112e+04	0.001666
8.129e+04	0.002658
8.142e+04	0.002504
8.159e+04	0.002329
8.176e+04	0.002375
8.191e+04	0.002445
8.206e+04	0.002405
8.223e+04	0.00173
8.238e+04	0.001807
8.254e+04	0.002654
8.27e+04	0.002862
8.285e+04	0.002055
8.3e+04	0.002332
8.315e+04	0.002247
8.328e+04	0.002178
8.344e+04	0.002391
8.36e+04	0.002188
8.374e+04	0.002161
8.39e+04	0.002962
8.405e+04	0.002884
8.417e+04	0.002424
8.434e+04	0.002346
8.452e+04	0.002499
8.467e+04	0.002369
8.482e+04	0.002271
8.499e+04	0.002699
8.517e+04	0.002847
8.535e+04	0.00281
8.551e+04	0.002786
8.566e+04	0.002914
8.583e+04	0.002755
8.597e+04	0.003513
8.613e+04	0.002694
8.63e+04	0.003679
8.646e+04	0.003662
8.663e+04	0.003509
8.678e+04	0.003487
8.694e+04	0.003463
8.71e+04	0.003432
8.724e+04	0.0035
8.74e+04	0.002922
8.753e+04	0.002872
8.768e+04	0.003827
8.782e+04	0.003694
8.798e+04	0.003811
8.813e+04	0.002946
8.829e+04	0.003127
8.846e+04	0.003251
8.86e+04	0.003162
8.874e+04	0.003139
8.886e+04	0.002863
8.903e+04	0.002762
8.917e+04	0.002403
8.932e+04	0.002609
8.949e+04	0.002796
8.964e+04	0.002978
8.98e+04	0.002549
8.994e+04	0.002607
9.009e+04	0.002471
9.025e+04	0.002496
9.042e+04	0.00149
9.064e+04	0.00151
9.081e+04	0.001552
9.098e+04	0.001363
9.114e+04	0.001194
9.132e+04	0.001289
9.149e+04	0.001374
9.166e+04	0.001357
9.184e+04	0.001589
9.201e+04	0.001674
9.219e+04	0.001726
9.237e+04	0.001892
9.252e+04	0.0009651
9.269e+04	0.00187
9.289e+04	0.002205
9.309e+04	0.001449
9.327e+04	0.001324
9.344e+04	0.001631
9.364e+04	0.00184
9.381e+04	0.001858
9.402e+04	0.001163
9.421e+04	0.00123
9.438e+04	0.001419
9.454e+04	0.001579
9.471e+04	0.001615
9.487e+04	0.001547
9.504e+04	0.001483
9.518e+04	0.00141
9.536e+04	0.001528
9.551e+04	0.00159
9.568e+04	0.001611
9.582e+04	0.001443
9.595e+04	0.00142
9.608e+04	0.001111
9.623e+04	0.001258
9.639e+04	0.001102
9.657e+04	0.0009959
9.673e+04	0.001934
9.691e+04	0.001226
9.708e+04	0.001257
9.723e+04	0.001267
9.741e+04	0.001255
9.76e+04	0.00137
9.775e+04	0.001467
9.79e+04	0.001452
9.806e+04	0.001466
9.824e+04	0.001408
9.841e+04	0.001482
9.857e+04	0.001478
9.873e+04	0.001295
9.89e+04	0.001326
9.906e+04	0.001147
9.922e+04	0.002055
9.937e+04	0.001849
9.953e+04	0.001738
9.968e+04	0.001752
9.985e+04	0.00185
1e+05	0.001825
1.002e+05	0.001815
1.004e+05	0.001882
1.005e+05	0.001877
1.007e+05	0.001744
1.008e+05	0.001926
1.01e+05	0.001056
1.012e+05	0.001973
1.014e+05	0.002003
1.015e+05	0.002077
1.017e+05	0.002282
1.019e+05	0.002197
1.02e+05	0.002248
1.022e+05	0.002051
1.023e+05	0.002047
1.025e+05	0.001932
1.026e+05	0.001876
1.028e+05	0.002032
1.029e+05	0.002195
1.031e+05	0.002122
1.032e+05	0.002108
1.034e+05	0.001351
1.035e+05	0.00151
1.037e+05	0.001563
1.039e+05	0.001521
1.04e+05	0.001475
1.042e+05	0.001586
1.043e+05	0.001492
1.045e+05	0.001722
1.047e+05	0.001624
1.048e+05	0.001535
1.049e+05	0.001405
1.051e+05	0.001474
1.053e+05	0.0006415
1.055e+05	0.0006774
1.056e+05	0.0007499
1.058e+05	0.0005917
1.059e+05	0.001178
1.061e+05	0.001153
1.062e+05	0.0012
1.064e+05	0.001127
1.066e+05	0.0009765
1.067e+05	0.0009775
1.069e+05	0.001186
1.07e+05	0.001116
1.072e+05	0.001125
1.074e+05	0.0004305
1.076e+05	0.0005769
1.077e+05	0.0006428
1.079e+05	0.0006249
1.081e+05	-0.0003461
1.082e+05	0.0005721
1.083e+05	0.0005915
1.085e+05	0.0006633
1.087e+05	0.0005249
1.088e+05	-0.0002848
1.09e+05	0.0006643
1.092e+05	0.0006495
1.093e+05	0.0006296
1.095e+05	0.0006593
1.096e+05	0.0005406
1.098e+05	0.001141
1.1e+05	0.0003386
1.101e+05	0.0004812
1.103e+05	0.0004135
1.105e+05	0.0004135
1.106e+05	0.0003502
1.107e+05	0.0001888
1.109e+05	0.0003946
1.11e+05	0.0004515
1.112e+05	0.0005304
1.113e+05	0.0005939
1.114e+05	0.0006641
1.116e+05	-0.0002857
1.118e+05	-0.000226
1.119e+05	-0.0002506
1.120e+05	-0.0001895
1.122e+05	-0.0004209
1.123e+05	-0.0004213
1.125e+05	-0.0001745
1.126e+05	-0.0002358
1.127e+05	-0.0002054
1.129e+05	-0.0001579
1.13e+05	-0.0001282
1.132e+05	-5.96e-05
1.133e+05	8.882e-05
1.135e+05	2.313e-05
1.136e+05	-0.0001135
1.137e+05	-0.0001352
1.139e+05	-0.0001313
1.14e+05	-0.0002342
1.142e+05	-9.77e-05
1.143e+05	-1.686e-05
1.144e+05	-6.459e-05
1.146e+05	-2.631e-06
1.147e+05	-3.337e-06
1.149e+05	6.418e-05
1.15e+05	-1.572e-05
1.152e+05	1.564e-05
1.153e+05	5.722e-05
1.154e+05	2.952e-05
1.156e+05	-0.0002
1.157e+05	3.556e-06
1.159e+05	-1.483e-05
1.16e+05	-0.000115
1.162e+05	-7.998e-05
1.163e+05	9.246e-06
1.165e+05	5.492e-05
1.166e+05	0.0001302
1.167e+05	0.0001283
1.169e+05	0.0001218
1.17e+05	0.000228
1.173e+05	0.0003296
1.175e+05	0.0002878
1.177e+05	0.0004583
1.18e+05	0.0003962
1.182e+05	0.0005243
1.185e+05	0.0005581
1.187e+05	0.0005163
1.19e+05	0.0006647
1.193e+05	0.0008146
1.195e+05	0.0007785
1.197e+05	0.001032
1.2e+05	0.001086
1.202e+05	0.001142
1.205e+05	0.001166
1.207e+05	0.001129
1.21e+05	0.00106
1.212e+05	0.000821
1.214e+05	0.0007867
1.217e+05	0.0008034
1.219e+05	0.0004789
1.221e+05	0.0004186
1.224e+05	0.000501
1.226e+05	0.0004398
1.229e+05	0.0005096
1.231e+05	0.0002687
1.234e+05	0.0003244
1.236e+05	0.0004417
1.239e+05	0.0004285
1.241e+05	0.00148
1.244e+05	0.001317
1.246e+05	0.001478
1.249e+05	0.0005983
1.251e+05	0.0003755
1.254e+05	0.001253
1.256e+05	0.001242
1.258e+05	0.001154
1.261e+05	0.001232
1.264e+05	0.001276
1.266e+05	0.001222
1.269e+05	0.00105
1.271e+05	0.001003
1.274e+05	0.0007989
1.276e+05	0.0008792
1.279e+05	0.001123
1.282e+05	0.001137
1.284e+05	0.0009345
1.287e+05	0.0002885
1.289e+05	0.0002457
1.292e+05	0.0004025
1.294e+05	0.0004421
1.297e+05	0.0004125
1.3e+05	0.0003477
1.302e+05	0.0003797
1.305e+05	0.001216
1.308e+05	0.00129
1.31e+05	0.001031
1.312e+05	0.0009133
1.315e+05	0.0009962
1.318e+05	0.00108
1.32e+05	0.0009404
1.322e+05	0.000728
1.325e+05	0.0007293
1.328e+05	0.0007079
1.33e+05	0.0004758
1.332e+05	0.0004714
1.335e+05	0.0004858
1.337e+05	0.0005537
1.34e+05	0.0003938
1.342e+05	0.0004209
1.345e+05	0.0004749
1.348e+05	0.0007108
1.35e+05	0.0006383
1.353e+05	0.0006453
1.355e+05	-0.0002775
1.358e+05	-0.0001949
1.36e+05	-0.0002449
1.363e+05	-0.0001467
1.365e+05	-0.000362
1.368e+05	-0.0003781
1.37e+05	-0.0005448
1.372e+05	-0.0001234
1.375e+05	-0.0001649
1.377e+05	-0.0003262
1.38e+05	-0.0003055
1.382e+05	-0.0005383
1.385e+05	-0.0004601
1.387e+05	-0.0005572
1.39e+05	0.0002415
1.392e+05	0.0002864
1.395e+05	-0.0005654
1.398e+05	0.0002854
1.4e+05	0.0003242
1.403e+05	0.0002423
1.406e+05	0.0003711
1.409e+05	0.0004311
1.411e+05	0.0004757
1.414e+05	0.0003796
1.416e+05	0.0003088
1.419e+05	0.0004105
1.422e+05	0.0002866
1.424e+05	1.231e-05
1.426e+05	-5.664e-05
1.429e+05	2.016e-05
1.432e+05	0.0001116
1.435e+05	0.001013
1.437e+05	3.796e-05
1.44e+05	0.001003
1.442e+05	0.001009
1.445e+05	0.0009743
1.448e+05	0.000955
1.450e+05	0.0009211
1.453e+05	0.0008577
1.456e+05	0.001121
1.459e+05	0.001204
1.461e+05	0.001227
1.464e+05	0.001092
1.466e+05	0.001081
1.469e+05	0.001138
1.471e+05	0.001164
1.474e+05	0.001066
1.476e+05	0.0009551
1.479e+05	0.000998
1.482e+05	0.001148
1.484e+05	0.001004
1.487e+05	0.001185
1.49e+05	0.0009004
1.492e+05	0.0009911
1.495e+05	0.0009743
1.498e+05	0.001028
1.5e+05	0.0007785
1.503e+05	0.0007761
1.506e+05	0.0008187
1.508e+05	0.0009117
1.511e+05	0.00104
1.514e+05	0.001261
1.517e+05	0.001183
1.519e+05	0.00129
1.522e+05	0.0004243
1.524e+05	0.0004308
1.527e+05	0.001383
1.53e+05	0.0004617
1.532e+05	0.001128
1.535e+05	0.0008757
1.537e+05	0.0009951
1.54e+05	0.0009434
1.543e+05	0.0008793
1.545e+05	0.0006749
1.548e+05	0.0007808
1.551e+05	0.0006737
1.554e+05	0.000852
1.557e+05	0.00115
1.56e+05	0.001234
1.562e+05	0.001192
1.565e+05	0.00128
1.568e+05	0.0003012
1.57e+05	0.0002798
1.573e+05	0.001342
1.576e+05	0.001209
1.578e+05	0.001229
1.581e+05	0.001335
1.584e+05	0.001367
1.587e+05	0.0004379
1.589e+05	0.001477
1.592e+05	0.0006719
1.595e+05	0.0007089
1.597e+05	0.0006736
1.6e+05	0.0007828
1.603e+05	0.0008756
1.606e+05	0.000974
1.608e+05	0.0006619
1.611e+05	0.0005706
1.614e+05	0.0006739
1.616e+05	-0.0003855
1.619e+05	-0.000292
1.621e+05	-0.0001646
1.624e+05	-0.0003988
1.627e+05	-0.0003796
1.629e+05	-0.0003235
1.632e+05	-0.0004158
1.635e+05	-0.0003476
1.638e+05	-0.0003941
1.64e+05	-0.0004077
1.643e+05	0.000496
1.646e+05	0.000597
1.648e+05	0.0006023
1.651e+05	0.0006258
1.654e+05	0.0006777
1.656e+05	0.0006187
1.659e+05	-0.0001414
1.662e+05	-0.0001222
1.664e+05	1.835e-05
1.667e+05	-0.0002603
1.67e+05	-0.000228
1.672e+05	-0.0002169
1.675e+05	-0.0001677
1.678e+05	-0.0002239
1.681e+05	-5.884e-05
1.684e+05	-3.061e-05
1.687e+05	8.916e-05
1.689e+05	9.749e-05
1.692e+05	0.0001318
1.695e+05	0.0002478
1.698e+05	7.11e-05
1.7e+05	0.0001427
1.703e+05	0.0002546
1.706e+05	0.0001591
1.708e+05	4.965e-05
1.711e+05	3.282e-06
1.714e+05	-2.962e-05
1.716e+05	-3.703e-05
1.719e+05	-6.686e-05
1.722e+05	-0.000168
1.724e+05	-0.0001278
1.727e+05	-0.0001138
1.73e+05	-2.838e-06
1.733e+05	-0.0001187
1.736e+05	-2.712e-05
1.738e+05	8.353e-06
1.741e+05	8.724e-05
1.744e+05	-8.506e-05
1.746e+05	-0.0001244
1.749e+05	-3.454e-05
1.752e+05	-7.483e-05
1.755e+05	-8.295e-05
1.758e+05	-9.689e-06
1.76e+05	-0.0001279
1.763e+05	-0.0001891
1.765e+05	-3.188e-05
1.768e+05	-6.046e-05
1.77e+05	-0.000314
1.773e+05	-0.0001818
1.776e+05	-0.0004142
1.778e+05	-0.0004246
1.781e+05	-0.0002918
1.784e+05	-0.0002779
1.786e+05	-0.0003624
1.789e+05	-0.0005297
1.792e+05	-0.0006983
1.794e+05	-0.0005793
1.797e+05	-0.0004849
1.8e+05	-0.0003834
1.803e+05	-0.000265
1.806e+05	-0.0002774
1.809e+05	-0.00032
1.811e+05	-0.0002638
1.814e+05	-0.0001902
1.817e+05	-0.0002616
1.82e+05	-0.000164
1.823e+05	-8.051e-05
1.825e+05	1.859e-05
1.828e+05	-0.0001213
1.831e+05	-6.188e-05
1.832e+05	-0.0006143
1.835e+05	-0.0005899
1.838e+05	-0.001559
1.841e+05	-0.0006122
1.843e+05	-0.001658
1.846e+05	-0.0007025
1.849e+05	-0.001575
1.852e+05	-0.001543
1.854e+05	-0.001685
1.857e+05	-0.001628
1.86e+05	-0.001531
1.863e+05	-0.0006182
1.866e+05	-0.0005733
1.868e+05	-0.0006066
1.871e+05	-0.0006245
1.873e+05	-0.0007196
1.876e+05	-0.001537
1.879e+05	-0.0004957
1.881e+05	-0.0007206
1.884e+05	-0.0007193
1.887e+05	-0.0006373
1.89e+05	-0.0006512
1.893e+05	-0.000585
1.895e+05	-0.000713
1.898e+05	-0.0007393
1.901e+05	-0.0006837
1.904e+05	-0.0007287
1.907e+05	-0.0005755
1.91e+05	-0.0005062
1.912e+05	-0.0006118
1.915e+05	-0.0006404
1.917e+05	-0.0007396
1.92e+05	-0.000848
1.923e+05	-0.000862
1.926e+05	-0.0008079
1.928e+05	-0.0008599
