# iterations	 errorinentropy	 maxerror	(generated with python figs/comparison.py 0 s000/periodic-ww1.30-ff0.30-N50-tmmc-golden-movie/001550 s000/periodic-ww1.30-ff0.30-N50
2.48e+04	65.59	289.3
1.066e+06	65.24	271.5
1.446e+06	65.24	271.4
1.736e+06	65.24	271.4
1.995e+06	65.24	271.3
2.364e+06	65.24	271.3
2.814e+06	65.24	271.4
3.195e+06	65.24	271.3
3.45e+06	65.24	271.3
3.696e+06	65.24	271.4
3.97e+06	65.24	271.4
4.275e+06	65.24	271.3
4.612e+06	65.24	271.3
4.984e+06	65.24	271.3
5.441e+06	65.24	271.3
6.188e+06	65.24	271.3
7.439e+06	65.24	271.3
8.658e+06	65.24	271.3
9.844e+06	65.24	271.3
1.104e+07	65.24	271.3
1.237e+07	65.24	271.3
1.305e+07	65.24	271.3
1.382e+07	65.24	271.3
1.457e+07	65.24	271.3
1.586e+07	65.18	270.1
1.758e+07	65.13	269.1
1.929e+07	65.12	268.7
2.118e+07	65.12	268.6
2.244e+07	65.11	268.5
2.321e+07	65.11	268.5
2.463e+07	65.11	268.4
2.696e+07	65.11	268.4
2.919e+07	65.11	268.4
3.133e+07	60.88	242.2
3.252e+07	60.28	237.7
3.379e+07	59.84	234.2
3.651e+07	59.3	232.9
3.922e+07	58.34	229.4
4.183e+07	57.85	227.2
4.32e+07	57.58	225.8
4.526e+07	57.23	225.2
4.834e+07	56.41	221.1
5.13e+07	55.51	218.2
5.303e+07	55.21	218.2
5.495e+07	55.22	218.2
5.826e+07	54.98	216.8
6.15e+07	54.32	214.3
6.332e+07	54.25	214.1
6.573e+07	53.34	212.4
6.926e+07	53.05	210.9
7.238e+07	52.11	209.4
7.418e+07	52	209.4
7.801e+07	52.4	207.9
8.177e+07	52.17	207.9
8.386e+07	52.26	207.5
8.728e+07	50.75	202.4
9.125e+07	50.44	201.6
9.356e+07	50.55	201.7
9.678e+07	50.39	201.6
1.01e+08	50.62	201.9
1.036e+08	49.83	200
1.069e+08	49.99	200.1
1.112e+08	49.73	200
1.139e+08	48.49	198.4
1.178e+08	48.4	198.4
1.223e+08	48.97	197.6
1.249e+08	48.1	195.2
1.297e+08	47.94	195.2
1.332e+08	47.86	193.7
1.364e+08	47.75	193.4
1.413e+08	47.5	192.9
1.443e+08	47.34	192.7
1.494e+08	47.09	192
1.532e+08	47.16	191.9
1.566e+08	47.1	191.8
1.617e+08	47.39	192.3
1.649e+08	46.86	190.7
1.704e+08	46.79	190.5
1.739e+08	46.89	190.8
1.787e+08	46.69	190.2
1.83e+08	46.6	190.2
1.868e+08	46.46	190.2
1.924e+08	44.76	188.5
1.961e+08	45.62	188.5
2.019e+08	45.9	188.5
2.056e+08	45.94	188.5
2.116e+08	45.86	188.5
2.154e+08	44.8	186.8
2.215e+08	44.78	185
2.254e+08	44.93	185.2
2.316e+08	44.8	185
2.355e+08	43.52	183.3
2.419e+08	43.56	181.6
2.461e+08	43.42	181.6
2.524e+08	43.26	181.6
2.567e+08	43.16	181.6
2.627e+08	43.04	181.6
2.671e+08	42.96	181.6
2.725e+08	43.1	181.6
2.771e+08	43.11	181.6
2.827e+08	42.56	179.8
2.876e+08	43.28	180.6
2.927e+08	43.17	180.3
2.98e+08	42.54	178.5
3.028e+08	42.48	178.4
3.09e+08	42.36	178.1
3.136e+08	42.23	178
3.21e+08	42.12	178
3.261e+08	41.99	178
3.324e+08	42.35	178
3.377e+08	42.3	178
3.427e+08	41.2	176.2
3.494e+08	41.12	176.2
3.545e+08	41.68	176.2
3.622e+08	41.52	176.2
3.678e+08	41.7	176.2
3.73e+08	41.65	176.2
3.805e+08	41.54	176.2
3.862e+08	41.47	176.2
3.923e+08	41.45	176.2
3.987e+08	41.34	176.2
4.041e+08	41.37	176.2
4.124e+08	40.14	174.4
4.183e+08	40.34	174.4
4.236e+08	40.24	174.4
4.323e+08	40.52	173.5
4.386e+08	40.46	173.4
4.443e+08	40.35	173.1
4.521e+08	40.35	172.8
4.585e+08	40.26	172.4
4.643e+08	40.22	172.3
4.719e+08	40.05	171.7
4.788e+08	40	171.5
4.85e+08	39.91	171.3
4.916e+08	39.84	171.2
4.992e+08	39.79	171.1
5.057e+08	39.71	170.8
5.118e+08	39.66	170.6
5.211e+08	39.56	170.3
5.28e+08	39.48	170.1
5.344e+08	39.4	169.9
5.411e+08	39.32	169.6
5.498e+08	39.18	169.3
5.568e+08	37.67	167.1
5.635e+08	37.61	167.1
5.706e+08	37.55	167.1
5.792e+08	37.5	167.1
5.865e+08	37.43	167.1
5.933e+08	37.38	167.1
6.006e+08	38.63	167.8
6.097e+08	38.51	167.4
6.171e+08	38.47	167.3
6.244e+08	38.42	167.2
6.314e+08	38.35	167.1
6.405e+08	38.29	167.1
6.488e+08	38.21	167.1
6.565e+08	38.14	167.1
6.64e+08	38.26	167.1
6.712e+08	38.22	167.1
6.803e+08	38.24	167.1
6.887e+08	38.35	167.1
6.971e+08	37.65	165.3
7.05e+08	37.61	165.3
7.128e+08	37.55	165.2
7.205e+08	37.47	165.2
7.299e+08	37.46	165.2
7.386e+08	37.43	165.2
7.476e+08	37.44	165.2
7.558e+08	37.4	165.2
7.641e+08	37	163.7
7.724e+08	36.95	163.7
7.808e+08	36.88	163.6
7.895e+08	36.82	163.5
7.991e+08	36.4	161.9
8.078e+08	36.34	161.5
8.172e+08	36.29	161.4
8.264e+08	36.23	161.4
8.354e+08	36.15	161.4
8.44e+08	36.1	161.4
8.528e+08	36.04	161.4
8.616e+08	35.98	161.4
8.704e+08	35.92	161.4
8.793e+08	35.88	161.4
8.885e+08	35.83	161.4
8.981e+08	35.76	161.4
9.074e+08	35.74	161.4
9.173e+08	36.21	161.4
9.264e+08	35.48	159.4
9.365e+08	35.41	159.4
9.46e+08	35.32	159.4
9.559e+08	35.69	159.8
9.658e+08	35.62	159.7
9.755e+08	35.78	160
9.852e+08	35.89	160.3
9.949e+08	35.83	160.1
1.005e+09	35.76	159.9
1.015e+09	35.73	159.9
1.024e+09	35.69	159.7
1.034e+09	35.62	159.6
1.044e+09	35.56	159.4
1.054e+09	35.52	159.4
1.064e+09	35.59	159.5
1.074e+09	35.11	158.2
1.084e+09	35.08	158.1
1.094e+09	35.02	157.9
1.104e+09	34.99	157.8
1.115e+09	34.95	157.8
1.125e+09	34.9	157.8
1.136e+09	34.88	157.8
1.146e+09	35.05	158
1.157e+09	35.1	158.2
1.168e+09	35.05	158
1.179e+09	35.01	157.9
1.19e+09	34.97	157.8
1.201e+09	34.93	157.7
1.212e+09	34.87	157.6
1.222e+09	34.84	157.6
1.233e+09	34.78	157.5
1.243e+09	32.89	155.5
1.254e+09	32.86	155.5
1.265e+09	32.81	155.5
1.277e+09	34.06	155.5
1.288e+09	34.03	155.5
1.3e+09	34.2	155.7
1.31e+09	34.17	155.6
1.321e+09	34.14	155.6
1.332e+09	34.07	155.6
1.344e+09	34.06	155.5
1.356e+09	34.01	155.5
1.368e+09	33.96	155.5
1.379e+09	33.48	154.1
1.39e+09	33.42	154.1
1.402e+09	33.39	154
1.414e+09	33.33	154
1.426e+09	33.31	154
1.438e+09	33.93	155
1.449e+09	33.91	155
1.461e+09	33.87	154.9
1.474e+09	33.83	154.9
1.486e+09	33.79	154.7
1.498e+09	33.77	154.6
1.509e+09	33.77	154.6
1.522e+09	33.75	154.6
1.534e+09	33.84	154.7
1.547e+09	33.82	154.6
1.558e+09	33.79	154.5
1.571e+09	33.74	154.4
1.584e+09	33.7	154.3
1.597e+09	33.67	154.2
1.608e+09	33.61	154
1.621e+09	33.56	153.9
1.634e+09	33.56	153.9
1.646e+09	33.53	153.8
1.659e+09	33.48	153.7
1.673e+09	31.85	151.5
1.685e+09	32.5	151.5
1.698e+09	32.48	151.5
1.711e+09	32.44	151.5
1.724e+09	32.41	151.5
1.737e+09	32.4	151.5
1.751e+09	32.36	151.5
1.764e+09	32.36	151.5
1.777e+09	32.33	151.5
1.791e+09	32.3	151.5
1.803e+09	32.27	151.5
1.817e+09	32.23	151.5
1.831e+09	32.28	151.5
1.843e+09	32.25	151.5
1.857e+09	32.21	151.5
1.872e+09	32.18	151.5
1.884e+09	32.16	151.5
1.899e+09	31.92	150.5
1.912e+09	31.9	150.5
1.926e+09	31.98	150.6
1.941e+09	31.94	150.3
1.953e+09	31.89	150.2
1.968e+09	31.86	150.1
1.981e+09	31.81	150
1.996e+09	31.78	149.9
2.01e+09	31.72	149.8
2.023e+09	31.69	149.8
2.039e+09	31.65	149.6
2.052e+09	31.18	148.1
2.067e+09	31.15	148.1
2.08e+09	31.12	148.1
2.096e+09	31.07	147.7
2.109e+09	31.02	147.7
2.124e+09	31.22	147.9
2.137e+09	31.21	147.9
2.153e+09	30.72	146.2
2.167e+09	30.69	146.1
2.183e+09	30.65	146
2.196e+09	30.63	146
2.212e+09	30.6	145.9
2.226e+09	30.57	145.9
2.242e+09	30.53	145.7
2.256e+09	30.5	145.7
2.272e+09	30.47	145.6
2.286e+09	30.44	145.5
2.302e+09	30.38	145.4
2.317e+09	30.35	145.4
2.333e+09	30.31	145.2
2.348e+09	30.26	145
2.363e+09	30.62	146
2.378e+09	30.59	145.9
2.393e+09	30.58	145.9
2.409e+09	30.55	145.8
2.424e+09	30.51	145.7
2.441e+09	30.47	145.6
2.455e+09	30.44	145.5
2.471e+09	30.4	145.4
2.486e+09	30.37	145.3
2.501e+09	30.35	145.3
2.518e+09	30.31	145.1
2.533e+09	30.29	145
2.549e+09	30.23	144.8
2.565e+09	30.2	144.8
2.58e+09	30.17	144.7
2.597e+09	30.16	144.7
2.612e+09	30.13	144.6
2.628e+09	30.1	144.5
2.645e+09	30.07	144.4
2.66e+09	30.04	144.3
2.677e+09	30.01	144.2
2.693e+09	30.1	144.5
2.709e+09	30.07	144.4
2.727e+09	30.04	144.3
2.743e+09	30.02	144.2
2.759e+09	29.98	144.1
2.776e+09	29.96	144.1
2.793e+09	29.93	144
2.809e+09	29.9	144
2.825e+09	29.88	143.9
2.843e+09	29.85	143.8
2.859e+09	29.82	143.7
2.875e+09	29.98	144.1
2.894e+09	29.95	144.1
2.91e+09	29.93	144
2.927e+09	29.91	143.9
2.943e+09	29.88	143.8
2.962e+09	30.14	144.6
2.979e+09	30.11	144.5
2.995e+09	30.08	144.4
3.012e+09	30.05	144.3
3.031e+09	30.01	144.2
3.048e+09	29.97	144.1
3.064e+09	29.95	144
3.081e+09	29.92	143.9
3.101e+09	29.9	143.8
3.118e+09	29.87	143.8
3.135e+09	29.86	143.7
3.151e+09	29.83	143.7
3.168e+09	29.8	143.6
3.187e+09	29.79	143.5
3.204e+09	29.76	143.5
3.221e+09	29.8	143.6
3.238e+09	29.87	143.8
3.257e+09	29.85	143.7
3.276e+09	29.82	143.6
3.294e+09	29.79	143.5
3.312e+09	29.76	143.5
3.33e+09	29.74	143.4
3.347e+09	29.76	143.5
3.365e+09	29.79	143.5
3.384e+09	29.76	143.5
3.403e+09	29.74	143.4
3.421e+09	29.72	143.4
3.439e+09	29.79	143.6
3.457e+09	28.87	141.3
3.475e+09	28.84	141.3
3.494e+09	28.81	141.3
3.513e+09	28.79	141.3
3.532e+09	28.77	141.3
3.551e+09	28.75	141.3
3.57e+09	28.73	141.3
3.588e+09	28.69	141.3
3.608e+09	28.67	141.3
3.626e+09	28.71	141.3
3.645e+09	28.69	141.3
3.664e+09	28.68	141.3
3.682e+09	28.66	141.3
3.701e+09	28.64	141.3
3.72e+09	28.62	141.3
3.739e+09	28.65	141.3
3.758e+09	28.61	141.3
3.777e+09	28.59	141.3
3.797e+09	28.61	141.3
3.816e+09	28.59	141.3
3.836e+09	28.59	141.3
3.855e+09	27.91	139.2
3.874e+09	27.9	139.2
3.894e+09	27.88	139.2
3.913e+09	27.85	139.2
3.933e+09	28.04	139.4
3.953e+09	28.01	139.3
3.972e+09	27.99	139.3
3.992e+09	27.97	139.3
4.012e+09	27.95	139.2
4.032e+09	27.93	139.2
4.052e+09	27.91	139.2
4.073e+09	28.34	140.3
4.093e+09	28.32	140.3
4.114e+09	28.3	140
4.134e+09	28.28	139.9
4.155e+09	28.26	139.9
4.175e+09	28.26	139.9
4.195e+09	28.27	139.8
4.216e+09	28.25	139.8
4.236e+09	28.24	139.8
4.256e+09	28.22	139.7
4.276e+09	28.19	139.7
4.296e+09	28.16	139.6
4.317e+09	28.13	139.4
4.339e+09	28.1	139.2
4.36e+09	28.08	139.2
4.381e+09	28.06	139.2
4.402e+09	28.2	139.2
4.422e+09	28.27	139.4
4.443e+09	28.26	139.3
4.464e+09	28.28	139.3
4.485e+09	28.25	139.2
4.507e+09	28.23	139.2
4.528e+09	28.21	139.2
4.549e+09	28.19	139.2
4.569e+09	28.17	139.2
4.59e+09	28.15	139.2
4.611e+09	28.14	139.2
4.633e+09	28.18	139.2
4.655e+09	28.22	139.2
4.677e+09	28.23	139.2
4.697e+09	28.21	139.2
4.719e+09	28.19	139.2
4.741e+09	28.18	139.2
4.763e+09	28.16	139.2
4.785e+09	28.16	139.2
4.806e+09	28.14	139.2
4.827e+09	25.96	137
4.849e+09	25.93	137
4.872e+09	25.92	137
4.893e+09	25.9	137
4.914e+09	27.06	137
4.937e+09	27.04	137
4.959e+09	27.02	137
4.982e+09	27.01	137
5.002e+09	26.99	137
5.025e+09	27.09	137
5.048e+09	27.08	137
5.071e+09	27.06	137
5.092e+09	27.05	137
5.115e+09	27.01	137
5.138e+09	27	137
5.159e+09	27.03	137
5.181e+09	27.02	137
5.205e+09	26.99	137
5.225e+09	26.97	137
5.246e+09	26.98	137
