# version: 0.0.0-2192-gf1e731df-dirty
# seed: 5904706408274517152
# well_width: 1.3
# ff: 0.3
# N: 50
# walls: 0
# cell dimensions: (8.87113, 8.87113, 8.87113)
# translation_scale: 0.1
# energy_levels: 451
# min_T: 0.2
# max_entropy_state: 120
# min_important_energy: 267
# too_high_energy: -1
# too_low_energy: -1

# WL Factor: 1.39434e-08
# iterations: 143436694800
# working moves: 1730757189391
# total moves: 7171834740000
# acceptance rate: 0.241327

# converged state: 274
# converged temperature: 0.109236

# energy	lndos	ps	lndos_tm
0	-8137.575649	0	-377.174
1	-8137.575649	0	-377.174
2	-8137.575649	0	-377.174
3	-8137.575649	0	-377.174
4	-8137.575649	0	-377.174
5	-8137.575649	0	-377.174
6	-8137.575649	0	-377.174
7	-8137.575649	0	-377.174
8	-707.913243	0	-377.174
9	-364.3341542	0	-361.103
10	-345.6220638	0	-346.573
11	-336.4583044	0	-336.669
12	-327.8465555	0	-327.84
13	-319.9731645	0	-319.911
14	-312.5280195	0	-312.47
15	-305.4032146	0	-305.375
16	-298.6080319	0	-298.583
17	-292.0728992	0	-292.048
18	-285.7588529	0	-285.715
19	-279.5910743	0	-279.529
20	-273.5061472	0	-273.445
21	-267.4951358	0	-267.428
22	-261.5321358	0	-261.463
23	-255.6225519	0	-255.554
24	-249.7802818	0	-249.715
25	-244.0237692	0	-243.964
26	-238.3641009	0	-238.309
27	-232.8099299	0	-232.754
28	-227.3413584	0	-227.298
29	-221.9731449	0	-221.94
30	-216.7001502	0	-216.673
31	-211.5200615	0	-211.494
32	-206.4175907	0	-206.392
33	-201.3820774	0	-201.361
34	-196.3971866	0	-196.388
35	-191.4778658	0	-191.463
36	-186.5822915	0	-186.575
37	-181.7173845	0	-181.716
38	-176.8823529	0	-176.884
39	-172.0833416	0	-172.083
40	-167.3227593	0	-167.319
41	-162.61084	0	-162.604
42	-157.9503821	0	-157.946
43	-153.3600342	0	-153.354
44	-148.8416615	0	-148.832
45	-144.3951729	0	-144.384
46	-140.0230536	0	-140.013
47	-135.7353716	0	-135.723
48	-131.5207866	0	-131.511
49	-127.3883825	0	-127.381
50	-123.3369675	0	-123.331
51	-119.3687073	0	-119.361
52	-115.4801693	0	-115.471
53	-111.6685502	0	-111.661
54	-107.939	0	-107.931
55	-104.2875865	0	-104.278
56	-100.7124974	0	-100.704
57	-97.21586637	0	-97.2059
58	-93.79458565	0	-93.7845
59	-90.44669232	0	-90.4385
60	-87.17314665	0	-87.1671
61	-83.97486724	0	-83.9691
62	-80.84982952	0	-80.844
63	-77.79627258	0	-77.7909
64	-74.81537876	1	-74.8088
65	-71.90502434	1	-71.8967
66	-69.06275988	1	-69.0541
67	-66.28898363	1	-66.2801
68	-63.58250241	1	-63.5736
69	-60.94108911	1	-60.9338
70	-58.36721106	1	-58.3603
71	-55.85886949	1	-55.8521
72	-53.41576734	1	-53.4083
73	-51.03686934	1	-51.0283
74	-48.72092054	1	-48.7112
75	-46.46699602	1	-46.4563
76	-44.27323554	1	-44.2631
77	-42.14002416	1	-42.1307
78	-40.06750841	1	-40.0584
79	-38.05481446	1	-38.0456
80	-36.10012099	1	-36.0917
81	-34.20440218	1	-34.1961
82	-32.36610771	1	-32.358
83	-30.58386036	1	-30.5768
84	-28.85849776	1	-28.852
85	-27.18959163	1	-27.183
86	-25.57481634	1	-25.5692
87	-24.01541803	1	-24.01
88	-22.51014387	1	-22.5049
89	-21.058093	1	-21.0533
90	-19.65927964	1	-19.6546
91	-18.31218092	1	-18.3085
92	-17.01777476	1	-17.0142
93	-15.77434365	1	-15.7714
94	-14.58301368	1	-14.5795
95	-13.44108253	1	-13.4381
96	-12.34959325	1	-12.3466
97	-11.30746939	1	-11.3047
98	-10.31413625	1	-10.3117
99	-9.369363644	1	-9.36736
100	-8.473504055	1	-8.47109
101	-7.62477275	1	-7.62253
102	-6.822738959	1	-6.8212
103	-6.068207966	1	-6.06667
104	-5.360105765	1	-5.35846
105	-4.697697246	1	-4.69623
106	-4.080486307	1	-4.07953
107	-3.508949586	1	-3.50793
108	-2.981835114	1	-2.98107
109	-2.499091521	1	-2.49847
110	-2.060876859	1	-2.05979
111	-1.665228537	1	-1.66461
112	-1.313155553	1	-1.31254
113	-1.003454193	1	-1.00321
114	-0.7360218462	1	-0.736097
115	-0.5106156267	1	-0.510938
116	-0.3275587774	1	-0.327344
117	-0.1849551383	1	-0.184806
118	-0.08342366678	1	-0.0830433
119	-0.02161794726	1	-0.0215505
120	0	1	0
121	-0.01831005526	2502520713	-0.0180325
122	-0.07567460109	1388932536	-0.0752132
123	-0.1716741329	944121895	-0.171082
124	-0.3063393409	703683230	-0.305384
125	-0.4789992455	549190162	-0.477605
126	-0.6884994687	439591462	-0.687413
127	-0.9355062612	357700741	-0.934328
128	-1.218645739	294783359	-1.21797
129	-1.538719351	245549586	-1.5379
130	-1.894840212	206511980	-1.89369
131	-2.286626981	175183707	-2.28496
132	-2.713814783	149778513	-2.71123
133	-3.175309722	129000257	-3.17198
134	-3.670134811	111836430	-3.66701
135	-4.199163038	97547889	-4.19564
136	-4.760753033	85559515	-4.75752
137	-5.356342217	75435961	-5.35212
138	-5.983836682	66827470	-5.97901
139	-6.642515271	59469244	-6.6377
140	-7.332589449	53142113	-7.32769
141	-8.054540011	47667075	-8.0485
142	-8.80554801	42910412	-8.79966
143	-9.58584017	38756942	-9.58064
144	-10.39604284	35118743	-10.3909
145	-11.23557278	31916171	-11.2299
146	-12.10318037	29088995	-12.0972
147	-12.99828035	26580442	-12.9922
148	-13.92051676	24346456	-13.9143
149	-14.86997498	22350612	-14.8632
150	-15.84516358	20563227	-15.8381
151	-16.8460637	18955419	-16.8386
152	-17.87187452	17505787	-17.8642
153	-18.9218589	16195735	-18.9143
154	-19.99594285	15008972	-19.9884
155	-21.09369778	13931142	-21.0859
156	-22.21410907	12950138	-22.2063
157	-23.35648517	12056297	-23.3492
158	-24.52014305	11237715	-24.5139
159	-25.70568872	10486413	-25.6999
160	-26.91214124	9799349	-26.9067
161	-28.13860941	9166067	-28.1339
162	-29.38520795	8582630	-29.381
163	-30.65034822	8044182	-30.6476
164	-31.93523888	7546074	-31.9331
165	-33.23813292	7085301	-33.2371
166	-34.55979657	6658762	-34.5591
167	-35.89842589	6262543	-35.8987
168	-37.2552997	5896223	-37.2556
169	-38.62939455	5555990	-38.6293
170	-40.01968152	5238579	-40.0196
171	-41.42652737	4942947	-41.4261
172	-42.84890507	4667560	-42.8484
173	-44.28675954	4410056	-44.2862
174	-45.73944541	4170915	-45.7393
175	-47.20772409	3947819	-47.2074
176	-48.69088281	3739213	-48.6902
177	-50.18837324	3543462	-50.1875
178	-51.69942687	3360406	-51.6994
179	-53.22584817	3188773	-53.2253
180	-54.76570622	3028566	-54.7653
181	-56.31942402	2878224	-56.3191
182	-57.88713517	2737022	-57.8868
183	-59.46827952	2604593	-59.4683
184	-61.0624896	2480232	-61.0635
185	-62.67147875	2363903	-62.6721
186	-64.29483499	2255466	-64.2946
187	-65.93104992	2152974	-65.9305
188	-67.58007345	2056950	-67.5801
189	-69.2433937	1967208	-69.2435
190	-70.91989576	1881938	-70.9204
191	-72.61045865	1802049	-72.6111
192	-74.31524756	1727145	-74.3158
193	-76.03503663	1656237	-76.0343
194	-77.76690704	1589343	-77.7672
195	-79.51424467	1526218	-79.5139
196	-81.27659805	1467053	-81.2752
197	-83.05224086	1410867	-83.0507
198	-84.84196808	1357690	-84.8411
199	-86.64482914	1307056	-86.6461
200	-88.46399734	1259170	-88.4665
201	-90.29863652	1213820	-90.3019
202	-92.14897478	1170845	-92.1528
203	-94.01529524	1129668	-94.0193
204	-95.897481	1090382	-95.9017
205	-97.79497412	1052556	-97.8
206	-99.70863287	1016488	-99.7146
207	-101.6393707	982052	-101.646
208	-103.5883599	948864	-103.594
209	-105.5527727	916904	-105.559
210	-107.5337336	886306	-107.541
211	-109.5334242	856486	-109.541
212	-111.5514386	827791	-111.559
213	-113.58653	799681	-113.594
214	-115.6412116	772359	-115.648
215	-117.7135842	746141	-117.721
216	-119.8063575	720228	-119.812
217	-121.9175017	695037	-121.921
218	-124.047585	670229	-124.051
219	-126.1989116	645863	-126.199
220	-128.3674039	621876	-128.366
221	-130.5552256	598299	-130.554
222	-132.7635356	575426	-132.761
223	-134.9915334	552253	-134.987
224	-137.2379652	529680	-137.234
225	-139.5050218	507528	-139.501
226	-141.7929436	485135	-141.787
227	-144.0990906	462980	-144.095
228	-146.4255317	440756	-146.423
229	-148.7737436	418681	-148.772
230	-151.1417821	396834	-151.141
231	-153.5284631	375080	-153.531
232	-155.9355681	353365	-155.942
233	-158.3618149	331838	-158.372
234	-160.8067361	310513	-160.824
235	-163.2703366	289514	-163.295
236	-165.7506856	268797	-165.785
237	-168.2485149	248603	-168.296
238	-170.7669369	228787	-170.829
239	-173.3058303	210007	-173.385
240	-175.8717053	191829	-175.967
241	-178.468867	174363	-178.577
242	-181.0983584	157671	-181.22
243	-183.7675471	142033	-183.903
244	-186.4843627	127387	-186.63
245	-189.2501952	113922	-189.404
246	-192.0733417	101533	-192.23
247	-194.9574262	89952	-195.118
248	-197.9025045	79502	-198.067
249	-200.9200957	70255	-201.086
250	-204.0092257	61818	-204.177
251	-207.1785303	54235	-207.343
252	-210.4280638	47620	-210.595
253	-213.7626077	41828	-213.929
254	-217.1843244	36773	-217.359
255	-220.6924528	32396	-220.891
256	-224.2780753	28565	-224.519
257	-227.9155636	25293	-228.255
258	-231.5328997	22508	-232.076
259	-235.0449899	20042	-235.947
260	-238.4410731	17971	-239.831
261	-241.7777585	15973	-243.723
262	-245.1379444	13830	-247.67
263	-248.5788586	11244	-251.758
264	-252.1463655	7858	-256.053
265	-255.8894284	5211	-260.643
266	-259.8824127	3477	-265.595
267	-264.2454793	2283	-270.916
268	-269.2693167	1713	-276.669
269	-284.2082455	1364	-283.297
270	-294.7436689	1040	-291.341
271	-303.7491398	934	-300.245
272	-318.4190889	18	-309.774
273	-326.5150381	17	-318.355
274	-335.4320479	13	-327.509
275	-350.3288147	9	-343.12
276	-366.9158916	6	-361.086
277	-8137.575649	0	-361.086
278	-8137.575649	0	-361.086
279	-8137.575649	0	-361.086
280	-8137.575649	0	-361.086
281	-8137.575649	0	-361.086
282	-8137.575649	0	-361.086
283	-8137.575649	0	-361.086
284	-8137.575649	0	-361.086
285	-8137.575649	0	-361.086
286	-8137.575649	0	-361.086
287	-8137.575649	0	-361.086
288	-8137.575649	0	-361.086
289	-8137.575649	0	-361.086
290	-8137.575649	0	-361.086
291	-8137.575649	0	-361.086
292	-8137.575649	0	-361.086
293	-8137.575649	0	-361.086
294	-8137.575649	0	-361.086
295	-8137.575649	0	-361.086
296	-8137.575649	0	-361.086
297	-8137.575649	0	-361.086
298	-8137.575649	0	-361.086
299	-8137.575649	0	-361.086
300	-8137.575649	0	-361.086
301	-8137.575649	0	-361.086
302	-8137.575649	0	-361.086
303	-8137.575649	0	-361.086
304	-8137.575649	0	-361.086
305	-8137.575649	0	-361.086
306	-8137.575649	0	-361.086
307	-8137.575649	0	-361.086
308	-8137.575649	0	-361.086
309	-8137.575649	0	-361.086
310	-8137.575649	0	-361.086
311	-8137.575649	0	-361.086
312	-8137.575649	0	-361.086
313	-8137.575649	0	-361.086
314	-8137.575649	0	-361.086
315	-8137.575649	0	-361.086
316	-8137.575649	0	-361.086
317	-8137.575649	0	-361.086
318	-8137.575649	0	-361.086
319	-8137.575649	0	-361.086
320	-8137.575649	0	-361.086
321	-8137.575649	0	-361.086
322	-8137.575649	0	-361.086
323	-8137.575649	0	-361.086
324	-8137.575649	0	-361.086
325	-8137.575649	0	-361.086
326	-8137.575649	0	-361.086
327	-8137.575649	0	-361.086
328	-8137.575649	0	-361.086
329	-8137.575649	0	-361.086
330	-8137.575649	0	-361.086
331	-8137.575649	0	-361.086
332	-8137.575649	0	-361.086
333	-8137.575649	0	-361.086
334	-8137.575649	0	-361.086
335	-8137.575649	0	-361.086
336	-8137.575649	0	-361.086
337	-8137.575649	0	-361.086
338	-8137.575649	0	-361.086
339	-8137.575649	0	-361.086
340	-8137.575649	0	-361.086
341	-8137.575649	0	-361.086
342	-8137.575649	0	-361.086
343	-8137.575649	0	-361.086
344	-8137.575649	0	-361.086
345	-8137.575649	0	-361.086
346	-8137.575649	0	-361.086
347	-8137.575649	0	-361.086
348	-8137.575649	0	-361.086
349	-8137.575649	0	-361.086
350	-8137.575649	0	-361.086
351	-8137.575649	0	-361.086
352	-8137.575649	0	-361.086
353	-8137.575649	0	-361.086
354	-8137.575649	0	-361.086
355	-8137.575649	0	-361.086
356	-8137.575649	0	-361.086
357	-8137.575649	0	-361.086
358	-8137.575649	0	-361.086
359	-8137.575649	0	-361.086
360	-8137.575649	0	-361.086
361	-8137.575649	0	-361.086
362	-8137.575649	0	-361.086
363	-8137.575649	0	-361.086
364	-8137.575649	0	-361.086
365	-8137.575649	0	-361.086
366	-8137.575649	0	-361.086
367	-8137.575649	0	-361.086
368	-8137.575649	0	-361.086
369	-8137.575649	0	-361.086
370	-8137.575649	0	-361.086
371	-8137.575649	0	-361.086
372	-8137.575649	0	-361.086
373	-8137.575649	0	-361.086
374	-8137.575649	0	-361.086
375	-8137.575649	0	-361.086
376	-8137.575649	0	-361.086
377	-8137.575649	0	-361.086
378	-8137.575649	0	-361.086
379	-8137.575649	0	-361.086
380	-8137.575649	0	-361.086
381	-8137.575649	0	-361.086
382	-8137.575649	0	-361.086
383	-8137.575649	0	-361.086
384	-8137.575649	0	-361.086
385	-8137.575649	0	-361.086
386	-8137.575649	0	-361.086
387	-8137.575649	0	-361.086
388	-8137.575649	0	-361.086
389	-8137.575649	0	-361.086
390	-8137.575649	0	-361.086
391	-8137.575649	0	-361.086
392	-8137.575649	0	-361.086
393	-8137.575649	0	-361.086
394	-8137.575649	0	-361.086
395	-8137.575649	0	-361.086
396	-8137.575649	0	-361.086
397	-8137.575649	0	-361.086
398	-8137.575649	0	-361.086
399	-8137.575649	0	-361.086
400	-8137.575649	0	-361.086
401	-8137.575649	0	-361.086
402	-8137.575649	0	-361.086
403	-8137.575649	0	-361.086
404	-8137.575649	0	-361.086
405	-8137.575649	0	-361.086
406	-8137.575649	0	-361.086
407	-8137.575649	0	-361.086
408	-8137.575649	0	-361.086
409	-8137.575649	0	-361.086
410	-8137.575649	0	-361.086
411	-8137.575649	0	-361.086
412	-8137.575649	0	-361.086
413	-8137.575649	0	-361.086
414	-8137.575649	0	-361.086
415	-8137.575649	0	-361.086
416	-8137.575649	0	-361.086
417	-8137.575649	0	-361.086
418	-8137.575649	0	-361.086
419	-8137.575649	0	-361.086
420	-8137.575649	0	-361.086
421	-8137.575649	0	-361.086
422	-8137.575649	0	-361.086
423	-8137.575649	0	-361.086
424	-8137.575649	0	-361.086
425	-8137.575649	0	-361.086
426	-8137.575649	0	-361.086
427	-8137.575649	0	-361.086
428	-8137.575649	0	-361.086
429	-8137.575649	0	-361.086
430	-8137.575649	0	-361.086
431	-8137.575649	0	-361.086
432	-8137.575649	0	-361.086
433	-8137.575649	0	-361.086
434	-8137.575649	0	-361.086
435	-8137.575649	0	-361.086
436	-8137.575649	0	-361.086
437	-8137.575649	0	-361.086
438	-8137.575649	0	-361.086
439	-8137.575649	0	-361.086
440	-8137.575649	0	-361.086
441	-8137.575649	0	-361.086
442	-8137.575649	0	-361.086
443	-8137.575649	0	-361.086
444	-8137.575649	0	-361.086
445	-8137.575649	0	-361.086
446	-8137.575649	0	-361.086
447	-8137.575649	0	-361.086
448	-8137.575649	0	-361.086
449	-8137.575649	0	-361.086
450	-8137.575649	0	-361.086
