# round trips	 doserror
0	6.198
0	18.34
0	14.56
0	16.33
0	15
0	13.83
0	14.63
0	14.4
0	13.54
0	13.73
0	11.76
0	11.23
0	9.814
0	9.163
0	8.437
0	8.241
0	7.936
0	7.357
0	7.553
0	7.497
0	7.133
0	7.111
0	7.148
0	6.936
0	6.493
0	6.054
0	5.794
0	5.28
0	5.183
0	5.07
0	4.867
0	4.969
0	4.67
0	4.655
0	4.556
0	4.551
0	4.425
0	4.185
0	4.115
0	3.806
0	3.647
0	3.619
0	3.507
0	3.455
0	3.212
0	3.097
0	2.988
0	2.966
0	2.856
0	2.818
0	2.646
0	2.617
0	2.665
0	2.595
0	2.568
0	2.494
0	2.407
0	2.373
0	2.287
0	2.211
0	2.174
0	2.147
0	2.081
0	2.059
0	1.99
0	2.003
0	2.008
0	1.944
0	1.882
0	1.881
0	1.843
0	1.821
0	1.825
0	1.766
0	1.776
0	1.774
0	1.753
0	1.743
0	1.736
0	1.693
0	1.674
0	1.656
0	1.621
0	1.567
0	1.567
0	1.612
0	1.604
0	1.543
0	1.543
0	1.547
0	1.542
0	1.543
0	1.506
0	1.541
0	1.518
0	1.486
0	1.469
0	1.436
0	1.443
0	1.421
0	1.427
0	1.428
0	1.414
0	1.404
0	1.371
0	1.315
0	1.329
0	1.301
0	1.301
0	1.286
0	1.279
0	1.256
0	1.239
0	1.222
0	1.215
0	1.207
0	1.17
0	1.13
0	1.114
0	1.111
0	1.086
0	1.052
0	1.061
0	1.044
0	1.006
0	0.9969
0	0.9845
0	0.9837
0	0.9559
0	0.952
0	0.9522
0	0.9424
0	0.9241
0	0.909
0	0.8904
0	0.8965
0	0.9014
0	0.8875
0	0.8683
0	0.8507
0	0.8342
0	0.8355
0	0.8336
0	0.8412
0	0.8409
0	0.8256
0	0.8113
0	0.8094
0	0.812
0	0.801
0	0.8035
0	0.794
0	0.7742
0	0.7762
0	0.7928
0	0.7748
0	0.7689
0	0.7606
0	0.7442
0	0.7564
0	0.7443
0	0.7386
0	0.7241
0	0.7177
0	0.7162
0	0.709
0	0.714
0	0.7196
0	0.714
0	0.7063
0	0.7069
0	0.7056
0	0.6952
0	0.6886
0	0.6807
0	0.6844
0	0.6782
0	0.6709
0	0.6684
0	0.663
0	0.6522
0	0.6269
0	0.6248
0	0.6236
0	0.6245
0	0.6192
0	0.62
0	0.6093
0	0.6049
0	0.5968
0	0.5856
0	0.5701
0	0.5666
0	0.5608
0	0.5572
0	0.5566
0	0.5628
0	0.564
0	0.5552
0	0.5501
0	0.5512
0	0.5481
0	0.5333
0	0.5373
0	0.527
0	0.525
0	0.5296
0	0.534
0	0.5197
0	0.5311
0	0.5337
0	0.5272
0	0.5257
0	0.5275
0	0.5187
0	0.5158
0	0.5255
0	0.5286
0	0.5191
0	0.5199
0	0.5164
0	0.5083
0	0.5144
0	0.507
0	0.5012
0	0.5038
0	0.4939
0	0.4797
0	0.4702
0	0.4772
0	0.4733
0	0.4656
0	0.4629
0	0.4655
0	0.4541
0	0.451
0	0.4513
0	0.4528
0	0.4566
0	0.454
0	0.454
0	0.4511
0	0.4481
0	0.4444
0	0.439
0	0.4419
0	0.4384
0	0.4363
0	0.4274
0	0.4279
0	0.4262
0	0.4256
0	0.4305
0	0.4243
0	0.417
0	0.4196
0	0.4202
0	0.4205
0	0.4132
0	0.403
0	0.4014
0	0.4005
0	0.4072
0	0.4088
0	0.4124
0	0.4152
0	0.4089
0	0.402
0	0.3948
0	0.389
0	0.3903
0	0.3866
0	0.3807
0	0.3862
0	0.3744
0	0.3722
0	0.3647
0	0.3656
0	0.3608
0	0.3574
0	0.356
0	0.3549
0	0.3538
0	0.351
0	0.349
0	0.3553
0	0.3563
0	0.3603
0	0.3504
0	0.3448
0	0.3456
0	0.3485
0	0.3447
0	0.345
0	0.3385
0	0.3423
0	0.3446
0	0.3449
0	0.3444
0	0.3387
0	0.3402
0	0.3416
0	0.3419
0	0.341
0	0.3353
0	0.3304
0	0.3333
0	0.3325
0	0.3265
0	0.3218
0	0.3216
0	0.3247
0	0.3245
0	0.3263
0	0.3208
0	0.3209
0	0.316
0	0.3154
0	0.312
0	0.3098
0	0.3114
0	0.3114
0	0.3106
0	0.3101
0	0.3102
0	0.3081
0	0.3114
0	0.312
0	0.3044
0	0.306
0	0.3024
0	0.3013
0	0.3004
0	0.2998
0	0.2956
0	0.2964
0	0.2924
0	0.2893
0	0.2887
0	0.2873
0	0.2875
0	0.2897
0	0.2917
0	0.2885
0	0.2903
0	0.2895
0	0.2877
0	0.2809
0	0.279
0	0.2796
0	0.2781
0	0.2739
0	0.2726
0	0.2719
0	0.2719
0	0.2706
0	0.2717
0	0.2735
0	0.2691
0	0.2673
0	0.2699
0	0.2724
0	0.2715
0	0.2737
0	0.2691
0	0.2733
0	0.2746
0	0.2752
0	0.2768
0	0.2775
0	0.2768
0	0.2704
0	0.2616
0	0.2617
0	0.2567
0	0.2588
0	0.2567
0	0.2546
0	0.253
0	0.253
0	0.2537
0	0.2539
0	0.2512
0	0.2453
0	0.2441
0	0.2459
0	0.2493
0	0.2464
0	0.247
0	0.2472
0	0.2466
0	0.2454
0	0.2404
0	0.237
0	0.2319
0	0.2297
0	0.2297
0	0.2319
0	0.2327
0	0.2323
0	0.2272
0	0.2252
0	0.2266
0	0.2236
0	0.2254
0	0.2234
0	0.2228
0	0.2165
0	0.2183
0	0.2146
0	0.2146
0	0.2131
0	0.2121
0	0.2118
0	0.2099
0	0.2055
0	0.2067
0	0.2074
0	0.2077
0	0.2095
0	0.2102
0	0.2111
0	0.2104
0	0.2081
0	0.2081
0	0.2094
0	0.209
0	0.2084
0	0.2064
0	0.206
0	0.2065
0	0.2057
0	0.2046
0	0.208
0	0.2074
0	0.2058
0	0.2086
0	0.2086
0	0.2061
0	0.2036
0	0.2007
0	0.2004
0	0.1997
0	0.2011
0	0.203
0	0.2037
0	0.2039
0	0.2021
0	0.2042
0	0.2061
0	0.2052
0	0.2048
0	0.2024
0	0.2038
0	0.2033
0	0.1999
0	0.2021
0	0.2008
0	0.1999
0	0.201
0	0.2018
0	0.2021
0	0.2009
0	0.2015
0	0.2008
0	0.2004
0	0.2016
0	0.2022
0	0.1997
0	0.1999
0	0.1971
0	0.1975
0	0.2007
0	0.2024
0	0.2011
0	0.1999
0	0.2018
0	0.2015
0	0.2008
0	0.1994
0	0.199
0	0.1995
0	0.1952
0	0.1941
0	0.194
0	0.1933
0	0.1942
0	0.1955
0	0.1938
0	0.1913
0	0.1865
0	0.1783
0	0.1773
0	0.1779
0	0.1759
0	0.1768
0	0.1762
0	0.1749
0	0.1724
0	0.1724
0	0.1724
0	0.1702
0	0.1656
0	0.1656
0	0.1635
0	0.1596
0	0.1529
0	0.1525
0	0.1522
0	0.1535
0	0.1514
0	0.151
0	0.1525
0	0.1516
0	0.153
0	0.1522
0	0.1503
0	0.148
0	0.1474
0	0.1459
0	0.147
0	0.1491
0	0.1475
0	0.1478
0	0.1493
0	0.148
0	0.147
0	0.1485
0	0.1483
0	0.1469
0	0.145
0	0.1476
0	0.1461
0	0.1451
0	0.1456
0	0.1471
0	0.1457
0	0.1453
0	0.1446
0	0.1416
0	0.1431
0	0.1432
0	0.1435
0	0.1449
0	0.1455
0	0.1436
0	0.143
0	0.144
0	0.146
0	0.1439
0	0.1411
0	0.139
0	0.1364
0	0.1381
0	0.1355
0	0.136
0	0.136
0	0.136
0	0.1365
0	0.1345
0	0.1351
0	0.1325
0	0.1316
0	0.1297
0	0.1317
0	0.1321
0	0.133
0	0.1311
0	0.1305
0	0.1343
0	0.1338
0	0.132
0	0.1335
0	0.1299
0	0.1279
0	0.1259
0	0.125
0	0.1249
0	0.125
0	0.1278
0	0.1262
0	0.1226
0	0.1229
0	0.1231
0	0.1204
0	0.1184
0	0.1173
0	0.1184
0	0.1192
0	0.1186
0	0.1202
0	0.1199
0	0.1202
0	0.1198
0	0.1191
0	0.1163
0	0.1157
0	0.1166
0	0.1157
0	0.118
0	0.1177
0	0.1167
0	0.1152
0	0.1165
0	0.1163
0	0.1156
0	0.1143
0	0.116
0	0.117
0	0.1166
0	0.1177
0	0.1206
0	0.1187
0	0.1185
0	0.1174
0	0.117
0	0.1184
0	0.1187
0	0.1193
0	0.1179
0	0.1175
0	0.1175
0	0.1174
0	0.1183
0	0.1186
0	0.1156
0	0.1165
0	0.1174
0	0.1189
0	0.1186
0	0.1197
0	0.1184
0	0.1189
0	0.1145
0	0.1147
0	0.1128
0	0.1141
0	0.1147
0	0.1136
0	0.1136
0	0.1139
0	0.1155
0	0.1175
0	0.119
0	0.1173
0	0.1165
0	0.1173
0	0.1189
0	0.1199
0	0.1195
0	0.1198
0	0.1193
0	0.12
0	0.1208
0	0.1231
0	0.124
0	0.1236
0	0.1245
0	0.1207
0	0.1204
0	0.1224
0	0.1226
0	0.1212
0	0.1194
0	0.1194
0	0.1195
0	0.1203
0	0.1202
0	0.1202
0	0.1201
0	0.1185
0	0.1185
0	0.1193
0	0.1194
0	0.1188
0	0.1203
0	0.1179
0	0.1181
0	0.1198
0	0.1201
0	0.1204
0	0.122
0	0.1208
0	0.1217
0	0.1213
0	0.1217
0	0.1219
0	0.1214
0	0.1202
0	0.1203
0	0.1215
0	0.1201
0	0.1198
0	0.1198
0	0.1214
0	0.1218
0	0.1204
0	0.1195
0	0.1203
0	0.1216
0	0.1226
0	0.1226
0	0.1221
0	0.1218
0	0.1226
0	0.1212
0	0.1203
0	0.1207
0	0.1195
0	0.1191
0	0.1198
0	0.1213
0	0.1202
0	0.1214
0	0.1224
0	0.1226
0	0.1238
0	0.1246
0	0.1261
0	0.1268
0	0.1248
0	0.1248
0	0.1246
0	0.1243
0	0.1247
0	0.1232
0	0.1222
0	0.1234
0	0.1229
0	0.1236
0	0.1246
0	0.1253
0	0.1262
0	0.126
0	0.1251
0	0.1242
0	0.125
0	0.126
0	0.1255
0	0.1273
0	0.1264
0	0.1258
0	0.1244
0	0.1232
0	0.1246
0	0.1249
0	0.1253
0	0.1255
0	0.125
0	0.124
0	0.1244
0	0.1246
0	0.1237
0	0.1241
0	0.1251
0	0.1253
0	0.1261
0	0.1269
0	0.1274
0	0.1287
0	0.1285
0	0.1268
0	0.1267
0	0.127
0	0.1257
0	0.1257
0	0.1245
0	0.1238
0	0.1245
0	0.1244
0	0.1244
0	0.1248
0	0.1247
0	0.1245
0	0.1237
0	0.1234
0	0.1219
0	0.1217
0	0.1217
0	0.1216
0	0.1207
0	0.1205
0	0.1204
0	0.1185
0	0.1179
0	0.1184
0	0.1183
0	0.1183
0	0.1188
0	0.1187
0	0.119
0	0.1192
0	0.1179
0	0.1168
0	0.1164
0	0.1164
0	0.1174
0	0.1161
0	0.1167
0	0.1162
0	0.1174
0	0.1176
0	0.1182
0	0.119
0	0.1189
0	0.1174
0	0.1162
0	0.115
0	0.1146
0	0.1151
0	0.1154
0	0.1151
0	0.1143
0	0.1132
0	0.1122
0	0.1118
0	0.1119
0	0.1123
0	0.1113
0	0.1108
0	0.112
0	0.1123
0	0.1117
0	0.1108
0	0.1108
0	0.1107
0	0.1106
0	0.1096
0	0.1105
0	0.1115
0	0.1113
0	0.1112
0	0.1109
0	0.1117
0	0.1112
0	0.1117
0	0.1113
0	0.1111
0	0.1096
0	0.11
0	0.1102
0	0.1103
0	0.1106
0	0.1097
0	0.1093
0	0.1082
0	0.1082
0	0.1087
0	0.1095
0	0.1083
0	0.1094
0	0.1097
0	0.1099
0	0.1116
0	0.113
0	0.1121
0	0.1118
0	0.1121
0	0.1135
0	0.1127
0	0.1123
0	0.112
0	0.1121
0	0.1125
0	0.112
0	0.1123
0	0.1124
0	0.1121
0	0.1118
0	0.111
0	0.11
0	0.1106
0	0.1103
0	0.1098
0	0.1097
0	0.111
0	0.1123
0	0.1127
0	0.1128
0	0.113
0	0.1133
0	0.1133
0	0.1135
0	0.1132
0	0.1143
0	0.1148
0	0.1143
0	0.1139
0	0.1137
0	0.1127
0	0.1129
0	0.112
0	0.112
0	0.1105
0	0.1103
0	0.11
0	0.1087
0	0.1091
0	0.1096
0	0.1095
0	0.109
0	0.1096
0	0.1099
0	0.1092
0	0.108
0	0.1084
0	0.1083
0	0.1084
0	0.1079
0	0.1079
0	0.1074
0	0.1068
0	0.1049
0	0.1054
0	0.1051
0	0.1045
0	0.1054
0	0.1052
0	0.106
0	0.1048
0	0.1041
0	0.1037
0	0.1038
0	0.1036
0	0.104
0	0.1042
0	0.1044
0	0.1046
0	0.1049
0	0.1041
0	0.1024
0	0.1014
0	0.1015
0	0.1007
0	0.1013
0	0.1025
0	0.1034
0	0.104
0	0.1049
0	0.1046
0	0.1044
0	0.1055
0	0.1056
0	0.1067
0	0.1061
0	0.1064
0	0.1054
0	0.106
0	0.1064
0	0.1057
0	0.1055
0	0.1055
0	0.1046
0	0.1044
0	0.1051
0	0.1055
0	0.1053
0	0.1042
0	0.104
0	0.1045
0	0.1035
0	0.1037
0	0.1038
0	0.1034
0	0.1037
0	0.1035
0	0.1034
0	0.1033
0	0.1031
0	0.1036
0	0.1029
0	0.1034
0	0.1035
0	0.1043
0	0.1044
0	0.1047
0	0.1044
0	0.1028
0	0.102
0	0.1024
0	0.1022
0	0.1013
0	0.102
0	0.1024
0	0.1021
0	0.1022
0	0.1009
0	0.101
0	0.1009
0	0.1011
0	0.1011
0	0.1003
0	0.09983
0	0.09906
0	0.09908
0	0.09919
0	0.09984
0	0.09844
0	0.09852
0	0.09824
0	0.09894
0	0.099
0	0.09899
0	0.09886
0	0.09835
0	0.09822
0	0.09727
0	0.09698
0	0.09829
0	0.09822
0	0.09785
0	0.09675
0	0.09696
0	0.0964
0	0.09709
0	0.09817
0	0.09809
0	0.09817
0	0.09791
0	0.09731
0	0.0963
0	0.09601
0	0.09725
0	0.09668
0	0.09673
0	0.09746
0	0.09782
0	0.09751
0	0.0975
0	0.09838
0	0.09833
0	0.09748
0	0.09774
0	0.0973
0	0.09807
0	0.09797
0	0.09845
0	0.09817
0	0.09805
0	0.09725
0	0.09617
0	0.09577
0	0.096
0	0.0963
0	0.09617
0	0.096
0	0.09593
0	0.09582
0	0.09561
0	0.09676
0	0.09775
0	0.09757
0	0.0978
0	0.09766
0	0.09705
0	0.09695
0	0.09738
0	0.09756
0	0.09682
0	0.09726
0	0.09742
0	0.09768
0	0.09818
0	0.09806
0	0.09751
0	0.09665
0	0.09578
0	0.09454
0	0.09487
0	0.09447
0	0.0943
0	0.09467
0	0.09441
0	0.09495
0	0.09437
0	0.09535
0	0.09532
0	0.0947
0	0.09393
0	0.09378
0	0.09414
0	0.09429
0	0.09494
0	0.09537
0	0.0952
0	0.09497
0	0.09494
0	0.09557
0	0.09566
0	0.09536
0	0.0948
0	0.095
0	0.09485
0	0.09437
0	0.09433
0	0.09394
0	0.09306
0	0.09254
0	0.09186
0	0.09141
0	0.09173
0	0.0925
0	0.09288
0	0.09186
0	0.09027
0	0.0903
0	0.09055
0	0.09058
0	0.09021
0	0.09013
0	0.0901
0	0.09062
0	0.09134
0	0.09126
0	0.0914
0	0.09129
0	0.09153
0	0.09177
0	0.09222
0	0.09148
0	0.0923
0	0.09239
0	0.09255
0	0.09165
0	0.09255
0	0.09222
0	0.09208
0	0.09074
0	0.09174
0	0.09204
0	0.09155
0	0.0919
0	0.09225
0	0.09187
0	0.09252
0	0.09249
0	0.09215
0	0.09179
0	0.09183
0	0.09146
0	0.09123
0	0.09115
0	0.09145
0	0.09137
0	0.09063
0	0.09015
0	0.09015
0	0.08976
0	0.09014
0	0.09048
0	0.09077
0	0.09107
0	0.09033
0	0.09011
0	0.09062
0	0.0914
0	0.09225
0	0.09228
0	0.09209
0	0.09205
0	0.092
0	0.09205
0	0.09207
0	0.09105
0	0.0909
0	0.09047
0	0.09051
0	0.09014
0	0.08988
0	0.08939
0	0.0906
0	0.09039
0	0.09007
0	0.08927
0	0.08964
0	0.0893
0	0.08892
0	0.08891
0	0.08824
0	0.08813
0	0.08748
0	0.08685
0	0.08622
0	0.08603
0	0.08607
0	0.0847
0	0.08463
0	0.08442
0	0.08416
0	0.08371
0	0.0838
0	0.0843
0	0.08416
0	0.08452
0	0.0849
0	0.08445
0	0.08406
0	0.08436
0	0.08372
0	0.08338
0	0.08297
0	0.08233
0	0.08204
0	0.08133
0	0.08141
0	0.08184
0	0.08246
0	0.08249
0	0.08299
0	0.08284
0	0.08287
0	0.08345
0	0.08328
0	0.08302
0	0.08284
0	0.08237
0	0.08201
0	0.08115
0	0.07994
0	0.07986
0	0.07979
0	0.07963
0	0.07915
0	0.07931
0	0.07958
0	0.07996
0	0.07922
0	0.07954
0	0.07932
0	0.07945
0	0.07828
0	0.0783
0	0.07822
0	0.07773
0	0.07685
0	0.07656
0	0.07695
0	0.07672
0	0.07666
0	0.07724
0	0.07731
0	0.07721
0	0.07732
0	0.07671
0	0.07649
0	0.07616
0	0.07557
0	0.07475
0	0.07483
0	0.07503
0	0.07431
0	0.0745
0	0.07401
0	0.07385
0	0.07282
0	0.07261
0	0.07188
0	0.07247
0	0.07231
0	0.07197
0	0.07187
0	0.07141
0	0.07196
0	0.07255
0	0.07234
0	0.07236
0	0.07263
0	0.07286
0	0.07305
0	0.07294
0	0.07272
0	0.07254
0	0.07229
0	0.0724
0	0.07147
0	0.07116
0	0.07096
0	0.07102
0	0.07094
0	0.07058
0	0.0702
0	0.06996
0	0.0705
0	0.07094
0	0.07029
0	0.07074
0	0.07058
0	0.06976
0	0.07005
0	0.07016
0	0.06995
0	0.07003
0	0.06981
0	0.06981
0	0.06922
0	0.06933
0	0.06855
0	0.0689
0	0.06801
0	0.06785
0	0.06752
0	0.06773
0	0.06797
0	0.06799
0	0.0676
0	0.06665
0	0.06655
0	0.06655
0	0.06567
0	0.06567
0	0.06528
0	0.06513
0	0.06549
0	0.06574
0	0.06513
0	0.06477
0	0.06378
0	0.06299
0	0.06256
0	0.06282
0	0.06303
0	0.0627
0	0.06277
0	0.06236
0	0.06221
0	0.06204
0	0.06233
0	0.06301
0	0.06237
0	0.06254
0	0.06323
0	0.06346
0	0.0625
0	0.06281
0	0.06256
0	0.06271
0	0.06303
0	0.06329
0	0.06348
0	0.06367
0	0.06439
0	0.06462
0	0.06462
0	0.06436
0	0.06465
0	0.06503
0	0.06548
0	0.06561
0	0.06601
0	0.06616
0	0.06609
0	0.06644
0	0.06634
0	0.06608
0	0.06553
0	0.06478
0	0.0642
0	0.06338
0	0.06273
0	0.06338
0	0.06345
0	0.06376
0	0.06393
0	0.06385
0	0.06389
0	0.0643
0	0.06496
0	0.06482
0	0.06548
0	0.06495
0	0.06451
0	0.06431
0	0.0641
0	0.06479
0	0.06383
0	0.06411
0	0.06381
0	0.0634
0	0.06322
0	0.0622
0	0.06173
0	0.06084
0	0.06096
0	0.06045
0	0.06039
0	0.06089
0	0.06121
0	0.06128
0	0.0615
0	0.06155
0	0.06236
0	0.06186
0	0.06178
0	0.06135
0	0.06113
0	0.06126
0	0.06129
0	0.0612
0	0.06112
0	0.06103
0	0.06102
0	0.06042
0	0.06023
0	0.05998
0	0.05959
0	0.05982
0	0.05924
0	0.05958
0	0.05913
0	0.05908
0	0.05861
0	0.05754
0	0.05725
0	0.05728
0	0.05729
0	0.05759
0	0.05684
0	0.05655
0	0.05634
0	0.05637
0	0.05603
0	0.05626
0	0.05624
0	0.05553
0	0.05578
0	0.05607
0	0.0554
0	0.05521
0	0.05503
0	0.05458
0	0.05412
0	0.0541
0	0.05459
0	0.05477
0	0.05534
0	0.05591
0	0.05546
0	0.05529
0	0.05482
0	0.05464
0	0.05464
0	0.05441
0	0.05393
0	0.05429
0	0.05384
0	0.05401
0	0.05342
0	0.05353
0	0.05263
0	0.05239
0	0.0526
0	0.05178
0	0.05129
0	0.05095
0	0.05057
0	0.0499
0	0.04984
0	0.05032
0	0.0506
0	0.05084
0	0.05048
0	0.05023
0	0.05017
0	0.05026
0	0.04986
0	0.05002
0	0.05059
0	0.05021
0	0.05021
0	0.05022
0	0.05046
0	0.05061
0	0.05081
0	0.05076
0	0.05077
0	0.0517
0	0.05195
0	0.05185
0	0.05157
0	0.05195
0	0.05183
0	0.05151
0	0.05151
0	0.0515
0	0.05118
0	0.05106
0	0.05094
0	0.0505
0	0.05074
0	0.05117
0	0.0507
0	0.05022
0	0.04974
0	0.04961
0	0.04975
0	0.04987
0	0.04994
0	0.04993
0	0.05001
0	0.04949
0	0.04959
0	0.04925
0	0.0493
0	0.04946
0	0.04897
0	0.04939
0	0.0498
0	0.05012
0	0.05003
0	0.04947
0	0.04932
0	0.04958
0	0.04932
0	0.0491
0	0.04848
0	0.04892
0	0.04872
0	0.04787
0	0.04784
0	0.04757
0	0.04693
0	0.04733
0	0.04679
0	0.04683
0	0.04754
0	0.04735
0	0.04692
0	0.04664
0	0.04672
0	0.04673
0	0.0465
0	0.04674
0	0.04674
0	0.047
0	0.04684
0	0.04643
0	0.04625
0	0.04601
0	0.04583
0	0.04514
0	0.04513
0	0.04531
0	0.04566
0	0.04561
0	0.04554
0	0.04526
0	0.04549
0	0.04528
0	0.04487
0	0.04496
0	0.04554
0	0.0455
0	0.04537
0	0.04544
0	0.04577
0	0.04577
0	0.04609
0	0.04598
0	0.04597
0	0.04553
0	0.04613
0	0.04637
0	0.04617
0	0.04649
0	0.04697
0	0.0468
0	0.04666
0	0.04719
0	0.04719
0	0.04692
0	0.04658
0	0.04607
0	0.04583
0	0.04598
0	0.04604
0	0.04601
0	0.04627
0	0.04666
0	0.04662
0	0.04669
0	0.04614
0	0.04555
0	0.04559
0	0.0454
0	0.04562
0	0.04568
0	0.04601
0	0.04594
0	0.046
0	0.04659
0	0.04679
0	0.04675
0	0.04646
0	0.04648
0	0.04645
0	0.04645
0	0.04617
0	0.04612
0	0.04589
0	0.04564
0	0.04564
0	0.04527
0	0.04455
0	0.0449
0	0.04525
0	0.04519
0	0.04423
0	0.04442
0	0.04424
0	0.04481
0	0.04445
0	0.04484
0	0.04487
0	0.04546
0	0.04541
0	0.04555
0	0.04608
0	0.04609
0	0.04646
0	0.04604
0	0.04576
0	0.04529
0	0.04585
0	0.04587
0	0.04534
0	0.04519
0	0.04508
0	0.04451
0	0.04479
0	0.04496
0	0.045
0	0.04492
0	0.04425
0	0.04433
0	0.04446
0	0.04501
0	0.04562
0	0.04558
0	0.04548
0	0.0449
0	0.045
0	0.04511
0	0.04498
0	0.0452
0	0.0454
0	0.04508
0	0.04489
0	0.04503
0	0.045
0	0.04465
0	0.04479
0	0.04513
0	0.04523
0	0.0455
0	0.04483
0	0.04457
0	0.04428
0	0.04377
0	0.04332
0	0.04355
0	0.04405
0	0.04453
0	0.04453
0	0.04457
0	0.04449
0	0.04486
0	0.04497
0	0.04544
0	0.04515
0	0.04553
0	0.04574
0	0.04596
0	0.04594
0	0.04631
0	0.04607
0	0.04571
0	0.04517
0	0.045
0	0.04544
0	0.046
0	0.04583
0	0.04557
0	0.04507
0	0.04501
0	0.04515
0	0.04533
0	0.04496
0	0.04518
0	0.04537
0	0.04561
0	0.04561
0	0.04544
0	0.04511
0	0.04465
0	0.04471
0	0.0448
0	0.04479
0	0.04501
0	0.04545
0	0.04544
0	0.04575
0	0.04571
0	0.04513
0	0.04512
0	0.04532
0	0.04566
0	0.04577
0	0.04547
0	0.04514
0	0.04471
0	0.04472
0	0.04521
0	0.04506
0	0.04522
0	0.04513
0	0.0446
0	0.0446
0	0.04397
0	0.04417
0	0.04426
0	0.04389
0	0.04364
0	0.04361
0	0.04346
0	0.04348
0	0.04357
0	0.04329
0	0.04313
0	0.04305
0	0.04255
0	0.04276
0	0.04233
0	0.04161
0	0.04108
0	0.04123
0	0.04113
0	0.0418
0	0.04217
0	0.04244
0	0.04221
0	0.04248
0	0.04235
0	0.04223
0	0.04224
0	0.04177
0	0.04176
0	0.04174
0	0.04206
0	0.04233
0	0.04187
0	0.0417
0	0.04133
0	0.04126
0	0.04124
0	0.04128
0	0.04144
0	0.04133
0	0.04131
0	0.04178
0	0.04203
0	0.04147
0	0.04159
0	0.04141
0	0.04119
0	0.04126
0	0.0409
0	0.04082
0	0.041
0	0.04145
0	0.04101
0	0.0405
0	0.04034
0	0.04
0	0.03989
0	0.04019
0	0.04037
0	0.04018
0	0.03999
0	0.0404
0	0.04035
0	0.04051
0	0.04043
0	0.04011
0	0.04085
0	0.04051
0	0.04051
0	0.04035
0	0.04008
0	0.03983
0	0.0398
0	0.0397
0	0.03987
0	0.04007
0	0.0405
0	0.04042
0	0.04007
0	0.04024
0	0.0405
0	0.04037
0	0.04026
0	0.04032
0	0.04032
0	0.04051
0	0.04037
0	0.04012
0	0.04037
0	0.04028
0	0.04057
0	0.04029
0	0.04031
0	0.04041
0	0.04039
0	0.04049
0	0.0399
0	0.04028
0	0.04014
0	0.04004
0	0.04
0	0.04049
0	0.04079
0	0.04107
0	0.04124
0	0.04147
0	0.04147
0	0.04189
0	0.04219
0	0.04244
0	0.04239
0	0.04253
0	0.04291
0	0.04272
0	0.04237
0	0.04233
0	0.04189
0	0.04207
0	0.0426
0	0.04217
0	0.04188
0	0.04177
0	0.04199
0	0.04245
0	0.04268
0	0.04304
0	0.04266
0	0.04215
0	0.04181
0	0.04207
0	0.04208
0	0.04195
0	0.04189
0	0.04167
0	0.04135
0	0.04086
0	0.0404
0	0.04003
0	0.0401
0	0.04005
0	0.04021
0	0.04075
0	0.04025
0	0.04018
0	0.04018
0	0.04018
0	0.04036
0	0.04023
0	0.04023
0	0.03995
0	0.04022
0	0.0402
0	0.04052
0	0.04077
0	0.04084
0	0.04089
0	0.04127
0	0.04089
0	0.04135
0	0.04134
0	0.04121
0	0.04104
0	0.04124
0	0.04124
0	0.04127
0	0.04085
0	0.04065
0	0.04102
0	0.04106
0	0.04096
0	0.04088
0	0.0407
0	0.04093
0	0.04089
0	0.04076
0	0.04034
0	0.0403
0	0.04063
0	0.04132
0	0.04131
0	0.0411
0	0.04139
0	0.04115
0	0.0408
0	0.04088
0	0.04105
0	0.04095
0	0.04063
0	0.04004
0	0.04048
0	0.04058
0	0.0408
0	0.041
0	0.04087
0	0.04108
0	0.0407
0	0.04062
0	0.04098
0	0.04077
0	0.0408
0	0.04077
0	0.04074
0	0.04067
0	0.04063
0	0.0408
0	0.04089
0	0.04093
0	0.04103
0	0.04068
0	0.04082
0	0.04105
0	0.04089
0	0.04088
0	0.0409
0	0.04087
0	0.04116
0	0.04113
0	0.04114
0	0.0411
0	0.04082
0	0.04077
0	0.04069
0	0.04054
0	0.04017
0	0.04034
0	0.04042
0	0.04042
0	0.04056
0	0.04116
0	0.04105
0	0.04104
0	0.04076
0	0.04068
0	0.04068
0	0.0406
0	0.04042
0	0.04046
0	0.03991
0	0.04027
0	0.04036
0	0.04077
0	0.04062
0	0.04053
0	0.0402
0	0.04033
0	0.04039
0	0.0403
0	0.03988
0	0.03959
0	0.03938
0	0.03895
0	0.03888
0	0.03891
0	0.03878
0	0.03825
0	0.03814
0	0.03829
0	0.03858
0	0.03901
0	0.03867
0	0.03872
0	0.03849
0	0.03849
0	0.03883
0	0.03886
0	0.03852
0	0.03849
0	0.03849
0	0.03849
0	0.03845
0	0.03838
0	0.03806
0	0.03788
0	0.03779
0	0.03779
0	0.03728
0	0.03761
0	0.0378
0	0.03776
0	0.0373
0	0.03726
0	0.03724
0	0.03716
0	0.03735
0	0.03751
0	0.03773
0	0.0378
0	0.03787
0	0.03756
0	0.03781
0	0.03777
0	0.03719
0	0.03729
0	0.03756
0	0.03708
0	0.03698
0	0.03723
0	0.03723
0	0.03684
0	0.03681
0	0.03715
0	0.03764
0	0.03744
0	0.03749
0	0.03759
0	0.0375
0	0.0377
0	0.03824
0	0.03811
0	0.03857
0	0.03844
0	0.0384
0	0.03786
0	0.03738
0	0.03787
0	0.03835
0	0.03849
0	0.03905
0	0.03921
0	0.0395
0	0.03975
0	0.03986
0	0.03967
0	0.03957
0	0.0394
0	0.03923
0	0.03873
0	0.0386
0	0.03832
0	0.03876
0	0.03875
0	0.0385
0	0.03808
0	0.03802
0	0.03813
0	0.03814
0	0.03795
0	0.03803
0	0.03791
0	0.03756
0	0.03795
0	0.03781
0	0.03795
0	0.03787
0	0.03739
0	0.03743
0	0.03728
0	0.03732
0	0.03745
0	0.03762
0	0.03796
0	0.03798
0	0.0378
0	0.03781
0	0.03783
0	0.03738
0	0.03763
0	0.03747
0	0.03747
0	0.03739
0	0.03747
0	0.03712
0	0.03704
0	0.03648
0	0.0362
0	0.03625
0	0.03624
0	0.03605
0	0.03613
0	0.03641
0	0.03646
0	0.03647
0	0.03646
0	0.03625
0	0.03637
0	0.03647
0	0.03619
0	0.0357
0	0.03564
0	0.03567
0	0.03544
0	0.03524
0	0.0351
0	0.0346
0	0.03472
0	0.03475
0	0.03483
0	0.03461
0	0.03415
0	0.03448
0	0.03497
0	0.03536
0	0.03554
0	0.03567
0	0.03594
0	0.03605
0	0.03557
0	0.03574
0	0.03534
0	0.03528
0	0.03504
0	0.03503
0	0.03506
0	0.03499
0	0.03539
0	0.03518
0	0.03487
0	0.03487
0	0.03487
0	0.03487
0	0.03477
0	0.03463
0	0.03482
0	0.03454
0	0.03405
0	0.03393
0	0.034
0	0.03418
0	0.03415
0	0.03433
0	0.03452
0	0.03409
0	0.03392
0	0.03413
0	0.03399
0	0.03394
0	0.0339
0	0.03426
0	0.03434
0	0.03431
0	0.03414
0	0.03419
0	0.03431
0	0.03475
0	0.035
0	0.03521
0	0.03516
0	0.03493
0	0.03508
0	0.03532
0	0.03534
0	0.03549
0	0.03547
0	0.03569
0	0.03567
0	0.03562
0	0.0357
0	0.03565
0	0.03579
0	0.03561
0	0.03573
0	0.03583
0	0.03554
0	0.03544
0	0.03595
0	0.03589
0	0.03595
0	0.03617
0	0.03643
0	0.0363
0	0.03651
0	0.03645
0	0.03653
0	0.03666
0	0.03708
0	0.03688
0	0.03735
0	0.03708
0	0.03697
0	0.03694
0	0.03723
0	0.03722
0	0.03736
0	0.03766
0	0.03778
0	0.03773
0	0.03799
0	0.03789
0	0.03784
0	0.03786
0	0.03745
0	0.03703
0	0.0369
0	0.03708
0	0.03703
0	0.03697
0	0.03693
0	0.03719
0	0.0374
0	0.03723
0	0.03709
0	0.03718
0	0.03693
0	0.03683
0	0.03671
0	0.03634
0	0.03643
0	0.03655
0	0.03661
0	0.03687
0	0.03733
0	0.03727
0	0.03757
0	0.03782
0	0.038
0	0.03802
0	0.03803
0	0.03835
0	0.03852
0	0.03836
0	0.03833
0	0.03839
0	0.03809
0	0.0377
0	0.03801
0	0.03812
0	0.03823
0	0.03836
0	0.03855
0	0.03857
0	0.03854
0	0.03837
0	0.03837
0	0.03837
0	0.03837
0	0.03826
0	0.03788
0	0.0376
0	0.03781
0	0.03778
0	0.03801
0	0.03823
0	0.03825
0	0.03854
0	0.03862
0	0.03851
0	0.03859
0	0.03866
0	0.0388
0	0.03918
0	0.03918
0	0.0392
0	0.03904
0	0.03913
0	0.03938
0	0.03918
0	0.03928
0	0.03966
0	0.0399
0	0.04014
0	0.03986
0	0.04006
0	0.03989
0	0.03983
0	0.04002
0	0.04021
0	0.04016
0	0.04003
0	0.03985
0	0.03961
0	0.03937
0	0.03949
0	0.03923
0	0.03958
0	0.03949
0	0.03954
0	0.03959
0	0.03947
0	0.03945
0	0.03954
0	0.03955
0	0.03957
0	0.0393
0	0.03896
0	0.03877
0	0.03898
0	0.03911
0	0.03903
0	0.03901
0	0.0389
0	0.03845
0	0.03832
0	0.0382
0	0.03842
0	0.03857
0	0.03895
0	0.03913
0	0.03874
0	0.03889
0	0.03886
0	0.03887
0	0.03854
0	0.03881
0	0.03913
0	0.03932
0	0.03932
0	0.03926
0	0.03912
0	0.03895
0	0.03856
0	0.03847
0	0.03825
0	0.03846
0	0.03862
0	0.0385
0	0.0386
0	0.03891
0	0.03872
0	0.03866
0	0.03863
0	0.03868
0	0.03868
0	0.03854
0	0.03812
0	0.03789
0	0.03792
0	0.03822
0	0.03785
0	0.03772
0	0.03783
0	0.03781
0	0.038
0	0.03816
0	0.03841
0	0.0384
0	0.03874
0	0.03903
0	0.03912
0	0.03911
0	0.03927
0	0.03915
0	0.03897
0	0.03889
0	0.03885
0	0.03906
0	0.03883
0	0.03883
0	0.03883
0	0.03883
0	0.03867
0	0.03867
0	0.03877
0	0.03894
0	0.03878
0	0.03883
0	0.03876
0	0.03891
0	0.03893
0	0.039
0	0.03894
0	0.039
0	0.03915
0	0.0393
0	0.03926
0	0.03918
0	0.03882
0	0.03865
0	0.03865
0	0.03852
0	0.03864
0	0.03812
0	0.03804
0	0.03779
0	0.03761
0	0.03769
0	0.03777
0	0.03767
0	0.03747
0	0.03765
0	0.03773
0	0.03777
0	0.0375
0	0.03744
0	0.03751
0	0.03773
0	0.03771
0	0.03763
0	0.03794
0	0.03789
0	0.0382
0	0.03798
0	0.03813
0	0.03829
0	0.03818
0	0.03777
0	0.03788
0	0.03794
0	0.03808
0	0.03783
0	0.03764
0	0.03752
0	0.03749
0	0.03728
0	0.03709
0	0.03693
0	0.03693
0	0.03693
0	0.03677
0	0.03672
0	0.03652
0	0.03683
0	0.03687
0	0.03674
0	0.03686
0	0.03668
0	0.03684
0	0.03639
0	0.03633
0	0.03639
0	0.03653
0	0.03615
0	0.03624
0	0.03622
0	0.03625
0	0.03624
0	0.03629
0	0.03605
0	0.03623
0	0.03597
0	0.03598
0	0.03574
0	0.03589
0	0.03589
0	0.0361
0	0.03625
0	0.03602
0	0.03577
0	0.03547
0	0.03579
0	0.03608
0	0.03607
0	0.03621
0	0.03624
0	0.0361
0	0.03631
0	0.03626
0	0.03619
0	0.03612
0	0.03595
0	0.036
0	0.0359
0	0.03606
0	0.03613
0	0.03589
0	0.03582
0	0.03578
0	0.0356
0	0.0355
0	0.03544
0	0.03528
0	0.0354
0	0.0354
0	0.0354
0	0.0354
0	0.0354
0	0.03539
0	0.03522
0	0.03537
0	0.03556
0	0.03563
0	0.03579
0	0.036
0	0.03595
0	0.03605
0	0.03598
0	0.03577
0	0.03604
0	0.03597
0	0.03559
0	0.03535
0	0.03533
0	0.03519
0	0.03519
0	0.03509
0	0.03478
0	0.03453
0	0.03482
0	0.03464
0	0.03484
0	0.03462
0	0.0346
0	0.0346
0	0.03463
0	0.03434
0	0.03413
0	0.03419
0	0.03439
0	0.03464
0	0.03475
0	0.03466
0	0.03467
0	0.0348
0	0.03477
0	0.03493
0	0.03492
0	0.03474
0	0.03459
0	0.03466
0	0.03469
0	0.03462
0	0.03473
0	0.03468
0	0.03475
0	0.03469
0	0.03491
0	0.03493
0	0.03481
0	0.0348
0	0.03503
0	0.03489
0	0.03504
0	0.03518
0	0.0351
0	0.035
0	0.03499
0	0.03498
0	0.03502
0	0.03489
0	0.03463
0	0.03434
0	0.03431
0	0.03439
0	0.03446
0	0.03452
0	0.03429
0	0.03438
0	0.03452
0	0.03434
0	0.03416
0	0.03387
0	0.03387
0	0.03394
0	0.03386
0	0.03393
0	0.03387
0	0.03393
0	0.03377
0	0.03376
0	0.03346
0	0.03338
0	0.03351
0	0.03342
0	0.03358
0	0.03354
0	0.03375
0	0.03382
0	0.03347
0	0.03319
0	0.03279
0	0.0326
0	0.0328
0	0.03261
0	0.03276
0	0.03268
0	0.03263
0	0.03263
0	0.0326
0	0.03301
0	0.03308
0	0.03295
0	0.03305
0	0.03297
0	0.03294
0	0.03289
0	0.03315
0	0.03316
0	0.03301
0	0.03303
0	0.03334
0	0.03304
0	0.03296
0	0.03315
0	0.03302
0	0.03321
0	0.0331
0	0.03314
0	0.03295
0	0.03303
0	0.03286
0	0.03309
0	0.03292
0	0.03312
0	0.03336
0	0.03369
0	0.03361
0	0.03362
0	0.03369
0	0.03369
0	0.03364
0	0.03366
0	0.03362
0	0.03371
0	0.03408
0	0.03408
0	0.03411
0	0.03407
0	0.03397
0	0.03398
0	0.03413
0	0.03432
0	0.0342
0	0.03392
0	0.0339
0	0.03368
0	0.03358
0	0.03367
0	0.03333
0	0.03355
0	0.03359
0	0.03342
0	0.03336
0	0.03353
0	0.03352
0	0.03361
0	0.03336
0	0.03334
0	0.0332
0	0.03303
0	0.03296
0	0.03296
0	0.03278
0	0.03264
0	0.03236
0	0.03196
0	0.03195
0	0.03185
0	0.03182
0	0.03174
0	0.03193
0	0.03226
0	0.03222
0	0.03228
0	0.03209
0	0.03225
0	0.03191
0	0.03154
0	0.03141
0	0.0314
0	0.03141
0	0.03133
0	0.03148
0	0.03146
0	0.03152
0	0.0315
0	0.0314
0	0.03144
0	0.0317
0	0.03178
0	0.03179
0	0.03176
0	0.03157
0	0.03162
0	0.03187
0	0.03212
0	0.03212
0	0.0322
0	0.03217
0	0.0321
0	0.03214
0	0.03217
0	0.0323
0	0.03244
0	0.0324
0	0.03208
0	0.03205
0	0.03208
0	0.03198
0	0.03223
0	0.03242
0	0.0323
0	0.03223
0	0.03215
0	0.03214
0	0.03199
0	0.03187
0	0.03204
0	0.03212
0	0.03202
0	0.03204
0	0.03209
0	0.032
0	0.03186
0	0.03205
0	0.03231
0	0.03199
0	0.03201
0	0.03233
0	0.03252
0	0.03269
0	0.03272
0	0.03272
0	0.03263
0	0.03269
0	0.03273
0	0.03273
0	0.03253
0	0.03246
0	0.0326
0	0.03247
0	0.0327
0	0.03261
0	0.03275
0	0.03308
0	0.0331
0	0.033
0	0.03294
0	0.03289
0	0.03263
0	0.03289
0	0.03267
0	0.03249
0	0.03237
0	0.03243
0	0.03262
0	0.03252
0	0.03253
0	0.03241
0	0.03244
0	0.03223
0	0.03206
0	0.03206
0	0.03196
0	0.03197
0	0.03195
0	0.0323
0	0.03231
0	0.03236
0	0.03221
0	0.03252
0	0.03259
0	0.03271
0	0.03262
0	0.03261
0	0.03263
0	0.03265
0	0.03256
0	0.03239
0	0.03234
0	0.03213
0	0.03204
0	0.03202
0	0.03214
0	0.0324
0	0.03249
0	0.03233
0	0.03256
0	0.03238
0	0.03245
0	0.03262
0	0.03266
0	0.03265
0	0.03244
0	0.03233
0	0.03229
0	0.03239
0	0.03215
0	0.03211
0	0.03209
0	0.03212
0	0.03201
0	0.03189
0	0.03162
0	0.03172
0	0.03152
0	0.03159
0	0.03168
0	0.03163
0	0.03161
0	0.03142
0	0.03127
0	0.03114
0	0.0314
0	0.03135
0	0.03133
0	0.03148
0	0.03142
0	0.03139
0	0.03129
0	0.03111
0	0.03104
0	0.03104
0	0.03104
0	0.03102
0	0.03109
0	0.03122
0	0.03132
0	0.0311
0	0.03087
0	0.03052
0	0.03056
0	0.03061
0	0.03083
0	0.03087
0	0.03086
0	0.03081
0	0.03068
0	0.03078
0	0.03086
0	0.0308
0	0.03094
0	0.03121
0	0.03124
0	0.03126
0	0.03116
0	0.03127
0	0.03113
0	0.03084
0	0.03094
0	0.03078
0	0.031
0	0.0312
0	0.03145
0	0.03138
0	0.03128
0	0.03105
0	0.03116
0	0.0313
0	0.0315
0	0.03141
0	0.03122
0	0.03131
0	0.03142
0	0.03177
0	0.0318
0	0.03185
0	0.03181
0	0.03147
0	0.03173
0	0.03154
0	0.03151
0	0.03154
0	0.03154
0	0.03177
0	0.03182
0	0.03201
0	0.03212
0	0.03195
0	0.03173
0	0.03151
0	0.03119
0	0.03106
0	0.03113
0	0.0309
0	0.03106
0	0.03116
0	0.03095
0	0.0311
0	0.03121
0	0.03106
