# round trips	 doserror
0	354
0	30.51
0	12.58
0	13.83
0	11.72
0	7.868
0	5.08
0	2.996
0	4.029
0	1.918
0	4.405
0	1.029
0	1.629
0	3.633
0	3.109
0	3.288
0	1.606
0	0.5757
0	-2.066
0	0.1508
0	0.7179
0	1.67
0	0.5862
0	0.263
0	-0.2096
0	-0.6011
0	-0.6825
0	-0.05009
0	0.8054
0	0.4989
0	-0.688
0	0.4276
0	0.7097
0	0.5464
0	0.6257
0	2.535
0	0.7601
0	0.4258
0	-0.08446
0	1.033
0	0.2239
0	1.05
0	-0.4025
0	-0.4454
0	0.8817
0	0.7227
0	0.102
0	-0.7394
0	1.02
0	0.1773
0	-0.5606
0	-0.1325
0	0.9566
0	0.1961
0	0.4764
0	-0.5259
0	0.1694
0	0.2792
0	0.006633
0	0.09548
0	-0.03024
0	-0.06824
0	0.5091
0	0.254
0	0.2091
0	0.8132
0	0.2434
0	0.5574
0	0.4639
0	-0.44
0	0.7206
0	0.4506
0	0.4555
0	0.19
0	0.5321
0	0.6872
0	0.09844
0	0.1859
0	-0.05392
0	0.6325
0	0.1645
0	0.4957
0	0.1678
0	0.08315
0	0.8307
0	0.2251
0	0.1304
0	0.5165
0	-0.3219
0	-0.005254
0	-0.0753
0	0.2749
0	-0.08476
0	0.1215
0	0.1614
0	-0.1586
0	-0.1642
0	0.3167
0	-0.1642
0	0.1295
0	0.09415
0	-0.1941
0	-0.2133
0	0.05832
0	-0.0912
0	0.1737
0	-0.06457
0	-0.1979
0	0.123
0	0.3103
0	-0.04939
0	-0.1878
0	-0.08917
0	0.316
0	0.2959
0	-0.2063
0	-0.3023
0	0.1971
0	-0.03371
0	0.07714
0	0.1623
0	0.03011
0	0.2459
0	-0.08052
0	-0.2397
0	0.1981
0	0.08269
0	0.08175
0	-0.2284
0	0.0996
0	0.2481
0	-0.06858
0	-0.2208
0	0.2376
0	0.1512
0	0.1682
0	-0.001178
0	-0.01889
0	0.076
0	0.1445
0	0.3267
0	-0.05709
0	-0.05725
0	0.03599
0	0.1208
0	-0.1232
0	0.1261
0	0.1385
0	0.1151
0	-0.006122
0	-0.04668
0	0.1231
0	0.0765
0	0.01399
0	0.07991
0	-0.1704
0	0.1164
0	0.1298
0	0.003027
0	0.006149
0	-0.05217
0	0.02793
0	0.05146
0	-0.09545
0	0.01498
0	0.1603
0	0.1657
0	-0.01876
0	0.1868
0	0.2536
0	0.0101
0	-0.01651
0	0.08473
0	0.09083
0	-0.004829
0	-0.06661
0	0.1002
0	0.05281
0	0.1182
0	-0.02628
0	0.1195
0	0.06912
0	0.03166
0	-0.01416
0	-0.05586
0	0.07507
0	0.07078
0	0.09511
0	-0.0246
0	0.04599
0	-0.0692
0	0.1088
0	0.07729
0	0.03827
0	0.113
0	0.05983
0	0.0222
0	-0.04764
0	0.0605
0	0.1126
0	0.1441
0	-0.00215
0	0.06806
0	-0.01772
0	0.005009
0	-0.02895
0	0.03922
0	0.09791
0	-0.02839
0	0.02975
0	-0.2559
0	-0.02745
0	0.04325
0	0.1224
0	0.05465
0	-0.06224
0	-0.5269
0	0.3307
0	0.08221
0	0.2415
0	0.1309
0	0.2476
0	0.04172
0	0.1261
0	0.1507
0	-0.02315
0	0.2099
0	-0.2107
0	-0.007915
0	-0.1572
0	-0.002603
0	0.2351
0	-0.008275
0	0.09638
0	0.02758
0	0.2411
0	0.1943
0	-0.1302
0	-0.05642
0	0.03904
0	-0.0291
0	0.09862
0	0.2046
0	0.06387
0	0.2725
0	0.06451
0	-0.05318
0	-0.1237
0	-0.04109
0	-0.1146
0	0.01734
0	0.09962
0	-0.06022
0	-0.1297
0	-0.1323
0	0.1052
0	0.1498
0	-0.1137
0	-0.06617
0	-0.02337
0	-0.1054
0	-0.02709
0	0.0894
0	0.03472
0	0.08032
0	0.01821
0	0.1028
0	0.08997
0	-0.05771
0	-0.01403
0	0.1894
0	-0.1005
0	0.1514
0	-0.1257
0	-0.1032
0	-0.0914
0	0.0425
0	0.01071
0	-0.04318
0	0.1353
0	0.1907
0	0.2605
0	0.1337
0	0.08072
0	-0.05085
0	0.04604
0	-0.2772
0	-0.1984
0	0.07099
0	0.1679
0	-0.142
0	-0.127
0	0.1748
0	-0.02392
0	0.03192
0	-0.2087
0	-0.1752
0	-0.09095
0	0.1095
0	0.1045
0	0.1487
0	0.1431
0	-0.04098
0	0.1484
0	0.02618
0	0.06874
0	0.09043
0	0.01457
0	0.1409
0	0.1512
0	0.03029
0	-0.02357
0	0.04927
0	-0.004431
0	0.06444
0	0.04571
0	-0.00358
0	-0.01778
0	0.04274
0	-0.01951
0	-0.03336
0	0.001083
0	0.01453
0	-0.01367
0	0.02708
0	0.05684
0	0.02535
0	-0.0447
0	0.01809
0	-0.0953
0	-0.05294
0	0.03678
0	0.1461
0	0.03548
0	-0.04641
0	0.07998
0	0.008476
0	0.09983
0	0.03163
0	0.01073
0	0.008992
0	0.1696
0	0.107
0	0.02389
0	-0.1011
0	-0.1337
0	-0.05968
0	0.04497
0	0.05958
0	0.0399
0	0.02765
0	-0.1916
0	-0.105
0	-0.0513
0	0.05294
0	0.006545
0	-0.0001068
0	-0.01981
0	-0.009262
0	0.1133
0	-0.02497
0	-0.04414
0	0.03636
0	-0.004759
0	0.08381
0	0.07771
0	0.1225
0	0.08343
0	0.007188
0	0.02301
0	0.07524
0	-0.1251
0	-0.2255
0	-0.09626
0	0.03559
0	0.02476
0	-0.1111
0	-0.01937
0	-0.06038
0	-0.03908
0	0.09371
0	-0.1498
0	-0.09273
0	-0.06331
0	-0.019
0	0.01191
0	0.01196
0	0.05591
0	0.04656
0	-0.0008153
0	0.02013
0	0.01511
0	-0.04571
0	-0.1233
0	-0.08473
0	0.02815
0	-0.06004
0	0.07626
0	-0.00877
0	-0.01974
0	0.06895
0	0.07695
0	0.07787
0	0.1083
0	0.08615
0	0.07775
0	-0.04357
0	-0.02363
0	0.03555
0	0.1581
0	0.05509
0	0.1004
0	0.08847
0	0.08538
0	0.03384
0	0.03299
0	0.01328
0	0.03612
0	-0.006311
0	-0.006268
0	-0.05342
0	0.05436
0	6.029e-05
0	-0.01157
0	0.08222
0	0.1001
0	0.0616
0	0.1064
0	0.1463
0	0.02272
0	0.05703
0	0.0396
0	0.04447
0	-0.03123
0	-0.004134
0	0.006324
0	0.007623
0	0.00467
0	0.05294
0	0.05878
0	-0.00125
0	-0.03008
0	-0.03916
0	-0.01116
0	-0.006533
0	-0.01045
0	-0.006459
0	0.006528
0	0.04551
0	-0.02869
0	-0.07717
0	-0.04247
0	0.01823
0	0.06058
0	-0.02011
0	-0.04628
0	-0.0004618
0	0.007164
0	0.02355
0	0.02586
0	0.01742
0	-0.0136
0	-0.03228
0	-0.04142
0	-0.04923
0	0.01067
0	0.04415
0	0.06549
0	0.03811
0	0.09183
0	0.08952
0	0.0593
0	-0.02772
0	0.0865
0	0.0459
0	0.01383
0	0.008196
0	0.1503
0	0.1316
0	-0.08178
0	-0.1138
0	0.1795
0	0.1608
0	-0.01791
0	0.1801
0	0.08638
0	0.04906
0	-0.1361
0	-0.01367
0	0.1191
0	-0.08956
0	-0.04348
0	0.1041
0	-0.09609
0	-0.04223
0	0.08269
0	0.1399
0	-0.1471
0	0.05751
0	-0.08881
0	-0.1039
0	0.02532
0	0.01603
0	0.09766
0	0.01683
0	0.2476
0	0.04415
0	0.04367
0	0.02048
0	0.03913
0	0.07246
0	0.000105
0	0.05059
0	0.138
0	0.03762
0	0.08487
0	0.09998
0	-0.09342
0	0.03229
0	0.02179
0	0.03242
0	-0.09714
0	0.03913
0	-0.0101
0	-0.1279
0	0.01481
0	0.1038
0	0.04444
0	0.05548
0	0.1363
0	-0.01246
0	0.1201
0	0.07216
0	0.008613
0	-0.03334
0	0.06392
0	0.05824
0	0.0007653
0	0.05513
0	0.1406
0	0.2165
0	0.06931
0	-0.1268
0	-0.01703
0	0.007931
0	-0.06852
0	-0.01889
0	-0.08798
0	-0.0005744
0	0.009012
0	0.02535
0	0.003159
0	-0.01224
0	-0.06926
0	-0.02964
0	-0.07556
0	0.05973
0	0.02753
0	0.05912
0	-0.06027
0	0.02034
0	0.07949
0	-0.03119
0	-0.03611
0	-0.03218
0	0.1027
0	0.04935
0	0.03745
0	-0.0006873
0	0.1113
0	0.09081
0	-0.02014
0	-0.0494
0	-0.05519
0	0.07757
0	0.08633
0	0.1444
0	0.1079
0	0.0926
0	-0.04789
0	0.02305
0	0.05763
0	0.008162
0	0.1714
0	0.07417
0	0.1248
0	0.05576
0	0.02856
0	-0.0286
0	-0.01238
0	0.05189
0	-0.07317
0	0.06477
0	-0.00982
0	-0.021
0	0.02195
0	0.07617
0	0.01686
0	0.1003
0	0.07299
0	0.06626
0	0.1959
0	0.1571
0	0.04732
0	0.09428
0	0.07562
0	0.04698
0	0.09554
0	-0.006196
0	-0.04815
0	-0.05748
0	-0.04114
0	-0.02365
0	0.0846
0	-0.0285
0	-0.0798
0	0.03994
0	-0.03209
0	-0.05014
0	-0.00313
0	-0.004769
0	0.04539
0	0.01304
0	-0.03924
0	-0.03393
0	0.07769
0	0.0885
0	-0.0274
0	-0.02924
0	-0.0003335
0	0.01477
0	0.03999
0	-0.04873
0	-0.01788
0	0.08246
0	0.001922
0	-0.00387
0	0.0007591
0	0.1118
0	-0.07169
0	-0.1016
0	-0.08619
0	0.05052
0	0.03756
0	-0.02574
0	0.01532
0	0.102
0	0.05542
0	0.02684
0	0.09381
0	0.04571
0	0.01437
0	0.06038
0	0.02178
0	0.03047
0	0.07362
0	-0.008855
0	0.01063
0	-0.02497
0	-0.02599
0	0.007623
0	0.0393
0	0.1109
0	0.08222
0	0.03048
0	-0.0372
0	-0.05885
0	0.0189
0	0.1289
0	-0.01688
0	0.06968
0	0.03933
0	0.03009
0	0.02459
0	-0.09398
0	-0.08893
0	-0.03746
0	0.0002824
0	0.1228
0	-0.02289
0	0.01009
0	0.008133
0	0.01751
0	0.03197
0	0.04945
0	-0.03845
0	-0.00167
0	-0.01846
0	0.01109
0	0.02529
0	0.0404
0	0.06535
0	0.01392
0	0.05376
0	-0.02133
0	0.0008453
0	-0.04981
0	0.1069
0	0.05181
0	0.001561
0	-0.04944
0	0.07134
0	0.04522
0	0.06871
0	-0.02465
0	-0.08641
0	-0.05574
0	0.005159
0	0.009228
0	0.02516
0	0.05734
0	0.02694
0	0.02008
0	0.03527
0	0.06146
0	-4.661e-05
0	0.08513
0	0.09522
0	0.1143
0	0.07209
0	0.02374
0	0.01555
0	0.01503
0	0.08989
0	-0.02511
0	0.01204
0	-0.0001322
0	0.01452
0	-0.001013
0	-0.04289
0	-0.03662
0	-0.04734
0	0.005067
0	0.06101
0	0.003666
0	-0.01289
0	0.06038
0	0.06948
0	0.06955
0	0.05221
0	0.05103
0	-0.08688
0	-0.0473
0	-0.03949
0	0.009641
0	0.04122
0	0.07567
0	0.1127
0	0.06275
0	0.03633
0	0.03527
0	0.07459
0	0.06162
0	0.08027
0	0.1464
0	0.08573
0	0.05815
0	0.02598
0	-0.006976
0	-0.01554
0	0.01298
0	0.06397
0	0.00516
0	-0.04469
0	-0.04357
0	0.003336
0	0.02323
0	-0.04595
0	0.01134
0	0.07479
0	-0.01497
0	-0.0005206
0	0.02027
0	0.01124
0	0.02349
0	-0.03898
0	0.005964
0	0.01761
0	0.04905
0	0.05514
0	-0.0087
0	-0.004899
0	0.009774
0	0.08371
0	0.09644
0	0.0525
0	0.05344
0	0.09758
0	-0.03497
0	0.02267
0	0.05551
0	0.0901
0	0.07342
0	-0.002974
0	-0.01297
0	0.01144
0	-0.01107
0	0.01151
0	0.01902
0	0.01263
0	0.02644
0	0.03796
0	0.04131
0	0.04554
0	0.04652
0	0.02335
0	0.04227
0	0.01701
0	0.00696
0	0.01018
0	0.04977
0	0.04149
0	0.01996
0	-0.01238
0	-0.03513
0	-0.02521
0	0.01482
0	-0.01773
0	-0.01559
0	-0.0203
0	-0.02052
0	0.002071
0	0.002525
0	0.001787
0	0.02095
0	-0.003176
0	0.01459
0	0.03216
0	-0.01206
0	0.03006
0	0.07704
0	0.1017
0	0.03018
0	-0.02161
0	0.02475
0	-0.04376
0	-0.06226
0	-0.09783
0	-0.03084
0	-0.02155
0	0.01873
0	0.01745
0	0.06037
0	0.06067
0	0.03199
0	0.03415
0	0.07148
0	0.06019
0	0.04942
0	-0.001807
0	0.02233
0	0.07034
0	0.07413
0	0.07265
0	0.07265
0	0.07265
0	0.07265
0	0.07265
0	0.07265
0	0.07265
0	0.07265
0	0.07265
0	0.07265
0	0.07265
0	0.0724
0	0.03708
0	-0.06201
0	0.04114
0	-0.03223
0	-0.01036
0	0.01138
0	-0.02101
0	-0.004522
0	-0.01116
0	0.005496
0	0.02381
0	-0.01166
0	0.05047
0	-0.01729
0	0.0718
0	0.01439
0	-0.04239
0	0.01625
0	0.08965
0	0.1355
0	0.2133
0	0.03219
0	-0.01698
0	0.0278
0	0.0568
0	0.0575
0	0.07527
0	-0.02729
0	-0.08846
0	0.02861
0	0.08298
0	0.004594
0	0.01289
0	0.00406
0	0.08013
0	-0.007037
0	0.1108
0	0.1191
0	0.06363
0	-0.001318
0	0.07283
0	0.116
0	0.04441
0	0.06216
0	0.03857
0	-0.1812
0	-0.0187
0	-0.09727
0	-0.05502
0	0.01861
0	-0.02813
0	0.0121
0	0.01624
0	0.07883
0	0.05925
0	0.04669
0	0.1326
0	0.03471
0	-0.05938
0	-0.02162
0	0.01408
0	-0.06884
0	0.06677
0	-0.001346
0	-0.1303
0	-0.04858
0	0.05637
0	0.0418
0	-0.01793
0	-0.0393
0	-0.05806
0	0.07965
0	0.1198
0	0.0799
0	0.01968
0	-0.03178
0	0.05067
0	0.08577
0	-0.01953
0	-0.00613
0	0.04168
0	-0.04479
0	0.02449
0	0.03436
0	0.01121
0	0.08431
0	0.07029
0	0.05677
0	0.03889
0	-0.08848
0	0.02007
0	-0.008219
0	-0.002286
0	-0.04601
0	-0.03998
0	-0.0268
0	-0.1119
0	-0.1144
0	0.04727
0	0.07513
0	0.0997
0	0.0529
0	0.09082
0	0.02045
0	0.09222
0	0.1002
0	0.08809
0	0.05895
0	0.02363
0	0.08165
0	0.05473
0	0.01583
0	0.01242
0	-0.05023
0	0.004473
0	-0.03281
0	-0.03052
0	0.006669
0	0.07453
0	0.03854
0	0.05182
0	-0.04074
0	0.04152
0	0.05389
0	0.01265
0	0.008447
0	0.0328
0	-0.01398
0	0.04137
0	-0.06962
0	-0.07774
0	-0.00503
0	0.00284
0	0.0502
0	-0.03131
0	-0.06336
0	-0.06323
0	0.04034
0	0.01797
0	0.1062
0	0.1156
0	0.06557
0	0.01004
0	0.002868
0	-0.08322
0	-0.03221
0	0.07371
0	0.07145
0	0.009528
0	0.0472
0	0.03189
0	-0.005548
0	-0.007668
0	0.05394
0	0.004782
0	-0.0149
0	0.01489
0	0.0724
0	-0.06608
0	0.02291
0	-0.001404
0	0.0901
0	0.1125
0	0.05761
0	0.02179
0	0.007587
0	0.03794
0	0.02557
0	0.009806
0	0.02757
0	-0.01428
0	-0.02087
0	-0.05082
0	0.02752
0	0.07181
0	0.07889
0	0.03913
0	0.02818
0	-0.08533
0	-0.003949
0	-0.004159
0	0.05286
0	0.04858
0	0.008678
0	-0.003883
0	0.02635
0	0.06397
0	0.0927
0	-0.01346
0	0.007619
0	-0.00762
0	0.04089
0	0.02126
0	0.06401
0	0.01518
0	0.003143
0	-0.03945
0	-0.003646
0	-0.01276
0	0.05246
0	0.08028
0	0.1301
0	0.02329
0	0.02819
0	0.07978
0	0.08252
0	0.05637
0	0.02288
0	0.04789
0	-0.02501
0	0.03601
0	0.07736
0	0.02203
0	0.04399
0	0.06582
0	0.02788
0	0.01022
0	-0.01817
0	-0.01117
0	-0.07619
0	0.04897
0	-0.002928
0	0.0361
0	-0.01429
0	0.0444
0	0.004208
0	0.03437
0	0.0688
0	0.08367
0	0.09125
0	0.04762
0	0.0466
0	0.04269
0	0.007532
0	-0.02628
0	-0.03146
0	0.01701
0	0.1119
0	0.06716
0	-0.01032
0	0.04694
0	0.02395
0	0.02427
0	-0.008033
0	-0.03972
0	-0.1224
0	-0.06815
0	0.00376
0	0.01728
0	0.01068
0	0.08358
0	0.02031
0	-0.02514
0	-0.01652
0	0.02524
0	0.03021
0	0.06189
0	-0.06407
0	-0.07878
0	0.003443
0	0.02358
0	0.007564
0	0.007291
0	0.01816
0	0.03994
0	0.06633
0	0.008448
0	0.00491
0	0.01511
0	-0.01264
0	-0.04726
0	-0.04138
0	-0.02774
0	0.03294
0	0.08815
0	0.06231
0	0.05417
0	0.06283
0	0.06954
0	0.00142
0	0.04158
0	-0.02132
0	0.02224
0	0.03477
0	0.0147
0	0.03864
0	-0.009097
0	-0.01245
0	-0.06417
0	0.002346
0	0.002859
0	0.01652
0	0.02773
0	0.05934
0	0.05203
0	0.08315
0	-0.0465
0	0.03634
0	0.03571
0	0.01887
0	0.0274
0	-0.01086
0	0.02167
0	0.05546
0	0.02745
0	0.02333
0	0.06174
0	-0.004548
0	0.06003
0	0.09277
0	0.03309
0	0.003096
0	0.01117
0	0.04296
0	0.0002739
0	0.04685
0	0.02105
0	-0.01613
0	0.01857
0	0.03435
0	0.0006555
0	-0.02039
0	-0.007389
0	-0.01204
0	0.04241
0	0.00438
0	0.08229
0	0.02962
0	0.02492
0	0.03801
0	0.05291
0	0.05092
0	0.02446
0	0.04049
0	-0.0369
0	0.009509
0	0.03538
0	-0.002165
0	0.02024
0	0.03663
0	0.0729
0	0.04064
0	-0.01819
0	-0.00646
0	-0.04212
0	-0.06059
0	-0.02515
0	0.003964
0	-0.03397
0	-0.05439
0	-0.01716
0	-0.003844
0	0.02574
0	0.06154
0	0.06558
0	0.0679
0	0.06255
0	0.06747
0	0.06548
0	0.09921
0	0.07277
0	0.07369
0	0.1263
0	0.09739
0	0.04959
0	0.02054
0	0.02361
0	-0.02091
0	0.04902
0	0.04136
0	0.04328
0	0.003565
0	-0.007775
0	-0.02355
0	-0.109
0	-0.06999
0	-0.02605
0	0.004124
0	-0.0241
0	-0.01057
0	0.01626
0	0.001058
0	-0.02271
0	-0.0346
0	-0.05602
0	-0.04543
0	0.01747
0	-0.007764
0	0.003052
0	0.06086
0	0.01773
0	0.0154
0	0.02951
0	-0.01353
0	0.0369
0	0.01136
0	0.02324
0	0.005261
0	0.008675
0	-0.01472
0	-0.02241
0	0.01894
0	0.04794
0	0.04946
0	0.04714
0	0.05297
0	0.08327
0	0.07816
0	0.04079
0	0.01452
0	0.0134
0	0.0495
0	0.1119
0	0.03626
0	-0.01512
0	0.02218
0	-0.04457
0	-0.0461
0	-0.06589
0	-0.006624
0	0.008066
0	0.03573
0	0.0188
0	0.03895
0	0.04716
0	-0.009787
0	0.03149
0	0.00583
0	0.01826
0	-0.01811
0	0.01219
0	0.02313
0	0.00823
0	0.03806
0	0.04951
0	0.0345
0	0.01151
0	0.01922
0	0.0346
0	0.05486
0	0.0285
0	0.003141
0	0.02992
0	0.04271
0	-0.03161
0	-0.1167
0	-0.06804
0	-0.00872
0	0.01246
0	0.01957
0	0.01414
0	-0.009348
0	0.02261
0	0.02648
0	0.04542
0	0.009604
0	0.0205
0	0.02406
0	0.01755
0	0.02143
0	0.06149
0	-0.003878
0	-0.006771
0	-0.02658
0	-0.03809
0	-0.05429
0	-0.00192
0	-0.01372
0	-0.01853
0	-0.0314
0	0.01111
0	-0.004667
0	0.007665
0	-0.02467
0	0.03995
0	0.006852
0	0.005104
0	0.01183
0	0.05733
0	-0.06414
0	-0.08041
0	-0.07014
0	-0.0107
0	0.01563
0	0.01732
0	0.008199
0	0.0342
0	0.02688
0	0.06494
0	0.06967
0	0.05831
0	0.05063
0	0.0582
0	0.01257
0	0.01186
0	0.01334
0	0.01344
0	-0.007571
0	-0.02525
0	-0.04845
0	-0.0765
0	-0.02313
0	-0.02544
0	-0.01489
0	-0.01949
0	-0.000703
0	0.03206
0	0.04432
0	0.05749
0	0.02005
0	0.05095
0	0.02418
0	0.02625
0	0.01974
0	0.01402
0	0.02108
0	0.03892
0	0.01468
0	0.01575
0	0.01084
0	0.005944
0	0.01561
0	0.01439
0	0.00829
0	0.004194
0	0.01407
0	0.007327
0	-0.005261
0	-0.02171
0	-0.009877
0	0.02696
0	-0.02174
0	0.03883
0	0.03117
0	0.06561
0	0.07122
0	0.04941
0	0.04336
0	0.05185
0	0.0734
0	0.0733
0	0.03147
0	0.04037
0	0.02592
0	-0.002668
0	0.03843
0	0.04512
0	0.04902
0	0.04854
0	0.0396
0	0.05926
0	0.03644
0	0.06623
0	0.05306
0	0.04002
0	0.002031
0	0.01645
0	-0.03083
0	0.009098
0	-0.03227
0	-0.004306
0	0.02008
0	0.03616
0	0.0527
0	0.07368
0	0.04058
0	0.02765
0	0.0684
0	0.04931
0	0.0461
0	0.02045
0	0.05938
0	0.03007
0	0.004921
0	0.003963
0	-0.01032
0	0.004693
0	0.01356
0	0.02941
0	0.04257
0	0.05858
0	0.03221
0	0.007813
0	0.0174
0	0.03292
0	0.04994
0	0.05063
0	0.04153
0	0.002513
0	0.02704
0	0.01376
0	0.02751
0	0.02198
0	0.03207
0	0.008858
0	0.01824
0	0.03454
0	0.03053
0	0.001584
0	0.01264
0	-0.01489
0	-0.0112
0	0.00618
0	0.01974
0	0.04008
0	0.05419
0	0.05115
0	0.03073
0	0.03158
0	0.04011
0	0.02418
0	0.002064
0	-0.009467
0	-0.007078
0	-0.01264
0	-0.05896
0	-0.07867
0	-0.04174
0	-0.0129
0	0.01032
0	0.002737
0	-0.001158
0	-0.02584
0	-0.02987
0	-0.007
0	0.01535
0	-0.01524
0	-0.008203
0	0.01745
0	0.02418
0	0.05087
0	0.05657
0	0.02041
0	0.039
0	0.02522
0	0.03255
0	0.02012
0	0.03019
0	0.001736
0	-0.0007794
0	0.0482
0	0.01634
0	0.04098
0	0.05811
0	0.0633
0	0.03346
0	0.02564
0	0.001632
0	-0.009618
0	-0.007567
0	-0.008146
0	-0.02913
0	-0.005825
0	0.006597
0	0.02473
0	0.05525
0	0.04466
0	0.05192
0	0.03775
0	0.0494
0	0.04043
0	0.04259
0	0.05466
0	0.02786
0	0.01945
0	0.04985
0	0.04315
0	0.03098
0	0.003111
0	0.01505
0	-0.01831
0	-0.05801
0	-0.07488
0	-0.05395
0	-0.0186
0	-0.007906
0	-0.01765
0	-0.006401
0	0.002459
0	0.009732
0	0.014
0	0.02415
0	-0.01279
0	0.002742
0	0.000672
0	-0.01233
0	0.02631
0	0.009238
0	-0.003645
0	-0.001607
0	-0.006571
0	0.01556
0	0.02301
0	0.02962
0	0.02083
0	0.05081
0	0.008161
0	0.03166
0	0.0383
0	0.045
0	0.06039
0	0.05263
0	0.03663
0	0.03559
0	0.04905
0	0.04984
0	0.06078
0	0.06357
0	0.04026
0	0.03484
0	0.01274
0	0.01726
0	0.01031
0	-0.02776
0	-0.01761
0	0.009572
0	0.02234
0	0.02074
0	0.01423
0	0.02173
0	-0.009965
0	-0.01389
0	0.0374
0	0.02653
0	0.05375
0	0.05992
0	0.02743
0	0.03998
0	0.03589
0	0.03582
0	0.05583
0	0.07133
0	0.05104
0	0.04864
0	0.04382
0	0.0263
0	0.04022
0	0.03026
0	0.01189
0	-0.001579
0	0.0007347
0	0.003353
0	0.01773
0	0.0366
0	-0.008365
0	-0.02756
0	-0.004686
0	-0.0002783
0	-0.002624
0	-0.01349
0	0.002004
0	0.01419
0	0.02624
0	0.01492
0	-0.02573
0	-0.01019
0	-0.007471
0	-0.02147
0	0.006844
0	-0.02331
0	-0.05845
0	-0.0634
0	-0.06303
0	-0.07279
0	-0.04499
0	-0.02891
0	0.0002804
0	0.03264
0	0.03826
0	0.0387
0	0.04243
0	0.04415
0	0.04617
0	0.01457
0	0.009735
0	0.02291
0	0.02951
0	0.01415
0	0.0197
0	0.005354
0	0.03053
0	0.01513
0	0.005379
0	0.01902
0	0.01849
0	0.02662
0	0.01645
0	0.01003
0	0.01341
0	0.003606
0	0.02405
0	-0.01443
0	0.008177
0	0.02845
0	0.01677
0	0.02756
0	0.03674
0	0.01752
0	0.01818
0	0.02395
0	0.03059
0	0.03796
0	0.05187
0	0.04815
0	0.06658
0	0.04742
0	0.05545
0	0.04907
0	0.02692
0	0.03533
0	0.04425
0	0.05925
0	0.02562
0	0.01423
0	0.02751
0	-0.0003778
0	0.0153
0	0.03893
0	0.04091
0	0.04644
0	0.04219
0	0.0521
0	0.0521
0	0.0402
0	0.04677
0	0.06581
0	0.05204
0	0.03207
0	0.02795
0	0.03023
0	0.04346
0	0.06054
0	0.01581
0	0.02271
0	0.02195
0	0.009747
0	0.002248
0	-0.002645
0	0.01453
0	0.03541
0	0.02306
0	0.02786
0	0.02343
0	0.01118
0	0.03418
0	0.01987
0	0.01345
0	-0.008858
0	-0.01394
0	0.0003695
0	0.004783
0	-0.03135
0	-0.02766
0	-0.02142
0	-0.06098
0	-0.0393
0	-0.0435
0	-0.04947
0	-0.0172
0	-0.01773
0	0.001059
0	-0.005756
0	-0.01868
0	-0.03193
0	-0.04444
0	-0.04817
0	-0.04018
0	-0.06591
0	-0.03183
0	-0.007972
0	-0.0384
0	-0.03391
0	-0.02782
0	0.005595
0	-0.009844
0	-0.02963
0	-0.02998
0	-0.02135
0	-0.007595
0	0.01028
0	-0.02844
0	-0.05606
0	-0.07265
0	-0.055
0	-0.04352
0	-0.02844
0	-0.004606
0	-0.002065
0	-0.009723
0	0.006384
0	0.003363
0	0.01369
0	-0.002196
0	-0.03747
0	-0.02535
0	-0.01708
0	-0.009533
0	-0.02042
0	-0.001678
0	-0.003134
0	-0.009106
0	-0.01715
0	0.01255
0	0.01544
0	0.03178
0	0.03429
0	0.01254
0	0.006846
0	0.01416
0	-0.001444
0	0.01139
0	0.00859
0	0.01203
0	-0.002858
0	0.01428
0	0.007247
0	-0.01963
0	-0.02407
0	-0.02032
0	-0.03318
0	-0.03841
0	-0.01852
0	-0.005527
0	-0.01303
0	0.007164
0	0.02393
0	0.007152
0	-0.00325
0	-0.003258
0	-0.004404
0	-0.01206
0	0.009034
0	0.007808
0	0.02186
0	0.0205
0	0.03102
0	0.04767
0	0.05464
0	0.03461
0	0.02282
0	0.00701
0	0.01776
0	0.04204
0	0.05597
0	0.04411
0	0.03273
0	0.02789
0	0.0116
0	0.01219
0	0.01633
0	0.0304
0	0.04013
0	0.01117
0	0.009608
0	0.009222
0	0.01043
0	0.01155
0	0.005771
0	0.008837
0	0.02202
0	0.01102
0	0.01215
0	0.02713
0	0.01794
0	0.03666
0	0.03207
0	0.04506
0	0.02693
0	0.05271
0	0.02606
0	0.01741
0	0.03096
0	0.024
0	0.02255
0	0.01277
0	0.007771
0	0.003078
0	-0.003222
0	-0.008691
0	-0.003108
0	0.004314
0	-0.004556
0	-0.01213
0	0.01209
0	0.009388
0	0.004754
0	0.003053
0	0.02442
0	0.02605
0	0.03212
0	0.05654
0	0.03767
0	0.03142
0	0.02022
0	0.01559
0	0.03245
0	0.02728
0	0.006022
0	0.01536
0	0.02103
0	-0.004586
0	0.005318
0	0.008494
0	-0.008679
0	0.007969
0	0.01646
0	-0.002946
0	-0.005366
0	-0.02002
0	-0.005919
0	-0.02563
0	-0.03851
0	-0.02046
0	-0.03796
0	-0.05173
0	-0.02106
0	-0.01994
0	-0.01276
0	-0.01528
0	-0.01452
0	0.002529
0	-0.008131
0	-0.002472
0	0.008854
0	0.02731
0	0.03026
0	0.03303
0	0.05886
0	0.03779
0	0.05644
0	0.04623
0	0.04439
0	0.04425
0	0.0427
0	0.03722
0	0.02276
0	0.02788
0	0.02796
0	0.001893
0	-0.006232
0	-0.01542
0	-0.008855
0	0.01214
0	0.02403
0	0.03772
0	0.03339
0	-0.00362
0	-0.001979
0	-0.00481
0	-0.001268
0	-0.005475
0	0.000848
0	0.016
0	0.01426
0	0.03704
0	0.04455
0	0.0409
0	0.02349
0	0.02641
0	0.009653
0	-0.001443
0	-0.02774
0	-9.538e-07
0	0.008122
0	0.01317
0	0.01027
0	0.0165
0	0.01475
0	0.01817
0	0.03065
0	0.03558
0	0.01007
0	0.02722
0	0.03255
0	0.01999
0	0.02823
0	0.02571
0	0.02342
0	0.03678
0	0.05304
0	0.05406
0	0.04068
0	0.0383
0	0.006823
0	-0.01129
0	0.01809
0	0.02888
0	0.03234
0	0.02478
0	0.01397
0	0.009371
0	0.003005
0	0.0184
0	0.02595
0	0.03512
0	0.04884
0	0.05381
0	0.0531
0	0.05471
0	0.006524
0	-0.008634
0	-0.01396
0	-0.01399
0	-0.008537
0	0.01213
0	0.02036
0	-0.009148
0	-0.01482
0	-0.002624
0	0.009084
0	-0.007408
0	-0.007547
0	-0.01214
0	-0.006805
0	-0.01341
0	-0.01105
0	0.004972
0	-0.01355
0	-0.01373
0	0.01501
0	0.01519
0	0.004867
0	0.01409
0	0.01559
0	0.01928
0	0.03523
0	0.03223
0	0.03539
0	0.03946
0	0.02368
0	0.01828
0	0.01094
0	-0.004807
0	0.01328
0	-0.007573
0	0.01474
0	0.01302
0	0.01497
0	0.01399
0	0.00587
0	0.002568
0	0.01521
0	0.02413
0	0.02468
0	0.02096
0	0.02055
0	0.01568
0	0.02035
0	0.01487
0	0.003799
0	0.008205
0	0.003189
0	-0.001319
0	0.008227
0	0.006867
0	0.00035
0	-0.001089
0	-0.007637
0	0.003827
0	0.02076
0	0.02083
0	0.03332
0	0.02155
0	0.03013
0	0.02108
0	0.01741
0	-0.003404
0	0.01679
0	0.02035
0	0.02449
0	0.01211
0	0.003346
0	0.003855
0	0.01143
0	0.007788
0	0.006117
0	0.01132
0	0.01481
0	0.01955
0	0.0127
0	0.01744
0	0.009665
0	0.01291
0	0.02342
0	0.01737
0	0.02151
0	0.03111
0	0.03611
0	0.03403
0	0.05143
0	0.04231
0	0.02613
0	0.03934
0	0.03684
0	0.0317
0	0.02322
0	0.02559
0	0.02731
0	0.01321
0	0.02134
0	0.01715
0	0.01406
0	0.02214
0	0.01989
0	0.001912
0	0.01647
0	-0.001248
0	-0.002926
0	-0.01233
0	-0.001786
0	-0.001921
0	-0.006395
0	-0.003185
0	-0.0002496
0	-0.001548
0	0.002364
0	0.00583
0	0.01141
0	0.01301
0	0.01018
0	0.01577
0	0.02041
0	0.007168
0	0.003912
0	0.004948
0	0.02296
0	0.0397
0	0.03906
0	0.04106
0	0.05385
0	0.05597
0	0.06173
0	0.05938
0	0.04503
0	0.02954
0	0.04359
0	0.04172
0	0.0373
0	0.04519
0	0.04549
0	0.04611
0	0.02944
0	0.01894
0	0.02323
0	0.02342
0	0.01577
0	0.01886
0	0.01497
0	0.0242
0	0.01999
0	0.02796
0	0.04365
0	0.06252
0	0.05734
0	0.05604
0	0.04659
0	0.02867
0	0.03467
0	0.0243
0	0.02268
0	0.02313
0	0.03113
0	0.02996
0	0.05224
0	0.05971
0	0.05408
0	0.06468
0	0.05686
0	0.04521
0	0.04616
0	0.03505
0	0.03486
0	0.0419
0	0.03843
0	0.02239
0	0.02854
0	0.02864
0	0.02842
0	0.02055
0	0.02465
0	0.02259
0	0.02703
0	0.01888
0	0.02035
0	0.007952
0	0.002062
0	0.0005924
0	0.008081
0	0.002454
0	-0.009724
0	-0.01068
0	-0.0124
0	-0.01449
0	-0.007888
0	-0.005439
0	-0.00387
0	-0.003993
0	0.00377
0	0.01219
0	0.01536
0	0.02172
0	0.02228
0	0.01518
0	0.01131
0	-0.004344
0	-0.01854
0	-0.01004
0	-0.00267
0	0.001035
0	0.003559
0	0.01339
0	0.009029
0	0.004684
0	-0.001567
0	-0.01129
0	-0.01462
0	-0.0091
0	-0.01115
0	-0.007492
0	-0.01018
0	-0.01177
0	-0.01539
0	-0.01809
0	-0.01659
0	-0.01991
0	-0.0146
0	0.001352
0	0.01005
0	0.01623
0	0.03087
0	0.03179
0	0.01899
0	0.02609
0	0.01436
0	0.02063
0	0.009151
0	0.01469
0	0.01075
0	0.00723
0	0.007224
0	0.004157
0	0.007833
0	0.007219
0	0.008749
0	0.001628
0	-0.004225
0	-0.01273
0	-0.00383
0	-0.003419
0	0.003029
0	-0.002818
0	0.009356
0	0.005441
0	0.02108
0	0.02817
0	0.02101
0	0.02451
0	0.01063
0	0.01269
0	0.0206
0	0.02796
0	0.03484
0	0.04985
0	0.06236
0	0.06751
0	0.05869
0	0.05784
0	0.05718
0	0.04625
0	0.04673
0	0.05385
0	0.06278
0	0.05482
0	0.05728
0	0.03769
0	0.04367
0	0.04439
0	0.02013
0	0.02149
0	0.01989
0	0.02391
0	0.02025
0	0.005118
0	0.01608
0	0.004584
0	0.008537
0	0.005546
0	0.002958
0	0.00185
0	-0.002226
0	-0.0004677
0	-0.004267
0	-0.005
0	-0.02936
0	-0.02419
0	-0.03684
0	-0.04976
0	-0.04555
0	-0.0396
0	-0.03735
0	-0.02938
0	-0.0289
0	-0.01976
0	-0.007142
0	-0.003227
0	0.003609
0	0.01266
0	0.0147
0	0.03029
0	0.03708
0	0.01911
0	0.01203
0	0.01562
0	0.01773
0	0.01411
0	0.02052
0	0.02015
0	0.0207
0	0.03229
0	0.0294
0	0.02544
0	0.02029
0	0.02499
0	0.03686
0	0.02366
0	0.01556
0	0.01294
0	0.02409
0	0.03785
0	0.04633
0	0.04088
0	0.03627
0	0.03768
0	0.03167
0	0.03022
0	0.01426
0	0.01835
0	0.02222
0	0.02063
0	0.02337
0	0.02424
0	0.01186
0	0.01493
0	0.01767
0	0.02572
0	0.03006
0	0.0264
0	0.0223
0	0.02224
0	0.02391
0	0.02341
0	0.02937
0	0.032
0	0.02729
0	0.02552
0	0.03282
0	0.02091
0	0.006143
0	0.01204
0	0.001071
0	-0.01636
0	-0.005648
0	-0.005576
0	-0.002324
0	0.008407
0	0.01139
0	0.01683
0	0.02212
0	0.009608
0	0.01243
0	0.00083
0	0.009051
0	0.005373
0	0.005303
0	0.007694
0	-0.01213
0	-0.004807
0	0.006808
0	0.00401
0	-0.0001186
0	-0.003267
0	-0.01378
0	-0.004732
0	-0.0007825
0	0.01548
0	0.007831
0	0.009641
0	-0.0006839
0	-0.004475
0	-0.008765
0	0.001139
0	0.007687
0	0.002804
0	0.004975
0	0.00678
0	0.01381
0	-0.005935
0	-0.006315
0	-0.01681
0	-0.01107
0	-0.009387
0	-0.0007427
0	-0.01462
0	-0.01519
0	-0.01132
0	-0.005578
0	-0.009102
0	-0.01114
0	-0.004671
0	0.005896
0	0.009839
0	0.01179
0	0.01288
0	0.006855
0	0.002734
0	0.01271
0	-0.002486
0	-0.007004
0	0.000433
0	0.006997
0	0.005685
0	0.003533
0	0.009585
0	0.008439
0	0.01621
0	0.01189
0	0.01469
0	0.02821
0	0.02627
0	0.01939
0	0.01233
0	0.02081
0	0.01901
0	0.01969
0	0.02441
0	0.01735
0	0.007524
0	0.001287
0	0.001237
0	-0.01453
0	-0.02178
0	-0.02328
0	-0.01286
0	-0.01448
0	-0.01013
0	0.001041
0	0.01093
0	0.0009634
0	0.004521
0	0.001603
0	0.005694
0	0.008284
0	0.01763
0	0.02347
0	0.02454
0	0.02248
0	0.02146
0	0.01206
0	0.01102
0	0.01757
0	0.01856
0	0.02041
0	0.01173
0	0.02205
0	0.002185
0	-0.007937
0	0.002055
0	-0.00896
0	-0.002878
0	0.001561
0	-0.01101
0	-0.008857
0	-0.006881
0	0.003012
0	0.01002
0	0.004036
0	0.0001324
0	0.007277
0	0.009235
0	0.005836
0	0.01083
0	0.02023
0	0.02729
0	0.01693
0	0.008258
0	0.01165
0	0.02008
0	0.02555
0	0.03485
0	0.04177
0	0.03684
0	0.0354
0	0.03562
0	0.04587
0	0.0416
0	0.04225
0	0.037
0	0.02959
0	0.02242
0	0.01728
0	0.0101
0	0.02142
0	0.02556
0	0.02176
0	0.01528
0	0.01392
0	0.01211
0	0.01846
0	0.01325
0	0.02487
0	0.02529
0	0.02675
0	0.02082
0	0.01648
0	0.0274
0	0.0223
0	0.0176
0	0.01479
0	0.01414
0	0.01601
0	0.01511
0	0.0137
0	0.01266
0	0.01644
0	0.01075
0	0.01075
0	0.01075
0	0.009461
0	-0.00305
0	-0.01518
0	-0.0117
0	-0.008336
0	-0.008426
0	-0.001074
0	-0.007008
0	-0.00264
0	-0.003852
0	-0.0133
0	-0.02382
0	-0.01732
0	-0.01686
0	-0.0161
0	-0.005411
0	-0.006405
0	-0.004169
0	-0.01706
0	-0.01605
0	-0.01455
0	-0.02415
0	-0.01171
0	-0.01267
0	-0.02078
0	-0.00749
0	0.0003775
0	0.001055
0	0.001661
0	0.00103
0	0.009378
0	0.01254
0	0.01524
0	0.01789
0	0.0139
0	0.01375
0	0.01663
0	0.0167
0	0.01616
0	0.02488
0	0.0188
0	0.01916
0	0.01686
0	0.01295
0	0.01773
0	0.02462
0	0.03067
0	0.03146
0	0.01946
0	0.03044
0	0.03448
0	0.03446
0	0.02826
0	0.0348
0	0.03352
0	0.03072
0	0.03348
0	0.0282
0	0.03637
0	0.03739
0	0.03498
0	0.02858
0	0.04292
0	0.04166
0	0.05021
0	0.04547
0	0.03572
0	0.03384
0	0.02969
0	0.03183
0	0.03694
0	0.03416
0	0.03433
0	0.0355
0	0.03262
0	0.03669
0	0.04436
0	0.04234
0	0.04233
0	0.04221
0	0.03396
0	0.02885
0	0.03312
0	0.03695
0	0.03688
0	0.02725
0	0.02054
0	0.02565
0	0.01596
0	-0.004103
0	0.003013
0	0.008477
0	0.0116
0	0.004748
0	0.01043
0	0.01559
0	0.005328
0	0.003884
0	0.002087
0	0.005707
0	0.0103
0	0.009336
0	0.0125
0	0.01381
0	0.01088
0	0.01281
0	0.01112
0	0.0106
0	0.009453
0	0.01179
0	0.02159
0	0.02541
0	0.03034
0	0.03609
0	0.0456
0	0.04026
0	0.03365
0	0.02932
0	0.02896
0	0.02889
0	0.03202
0	0.03796
0	0.033
0	0.03347
0	0.03443
0	0.0369
0	0.03117
0	0.03065
0	0.02657
0	0.02697
0	0.02469
0	0.02147
0	0.02067
0	0.02227
0	0.01646
0	0.001058
0	0.0005699
0	-0.01272
0	-0.03176
0	-0.02819
0	-0.02309
0	-0.01906
0	-0.02049
0	-0.02632
0	-0.02067
0	-0.01028
0	0.0003341
0	0.005047
0	0.0001899
0	0.0003183
0	0.005779
0	0.007065
0	0.006576
0	0.00855
0	0.003958
0	0.001132
0	0.003686
0	-0.002852
0	0.004314
0	0.006956
0	-0.008604
0	0.0001796
0	-0.003817
0	-0.007753
0	-0.004916
0	-0.006261
0	0.005962
0	0.005773
0	0.008732
0	-0.001461
0	0.00557
0	0.001457
0	0.003287
0	-0.003417
0	-0.006395
0	-0.00484
0	-0.007388
0	-0.00741
0	-0.007411
0	-0.005874
0	-0.002497
0	-0.0006156
0	-0.009503
0	-0.005586
0	-0.00338
0	-0.007121
0	-0.01205
0	-0.01055
0	2.598e-05
0	-0.0005422
0	0.001084
0	-0.0008451
0	-0.0008141
0	-0.003112
0	-0.006611
0	-0.003053
0	-0.002532
0	-0.001865
0	0.002042
0	-0.004838
0	-0.003835
0	-0.005003
0	0.002601
0	0.002027
0	0.007079
0	0.01245
0	0.02334
0	0.03537
0	0.0372
0	0.03891
0	0.04554
0	0.04509
0	0.04773
0	0.0348
0	0.03968
0	0.026
0	0.02709
0	0.02765
0	0.03068
0	0.02985
0	0.02206
0	0.02218
0	0.009519
0	0.009782
0	0.009222
0	0.005074
0	0.008606
0	0.01131
0	0.01567
0	0.01668
0	0.0251
0	0.02704
0	0.02479
0	0.03164
0	0.02497
0	0.02866
0	0.02688
0	0.03063
0	0.03543
0	0.03267
0	0.02828
0	0.03191
0	0.03487
0	0.03886
0	0.04122
0	0.03885
0	0.03176
0	0.02835
0	0.02166
0	0.02812
0	0.02985
0	0.02438
0	0.02625
0	0.0224
0	0.02269
0	0.0267
0	0.01779
0	0.01917
0	0.0129
0	0.008793
0	0.006141
0	-0.005145
0	0.001922
0	-0.004938
0	-0.01325
0	-0.01075
0	-0.003453
0	0.004016
0	-0.01147
0	-0.009225
0	-0.009303
0	-0.01396
0	-0.00746
0	-0.00579
0	0.001226
0	-0.005637
0	-0.001066
0	0.007509
0	0.01352
0	-0.0001249
0	-0.003683
0	0.001139
0	0.002586
0	-0.0008331
0	-0.002632
0	-0.007056
0	0.0001802
0	0.006899
0	0.006131
0	0.00956
0	0.004448
0	0.0007276
0	0.006155
0	0.01027
0	0.01738
0	0.01092
0	0.01529
0	0.01206
0	0.01362
0	0.01242
0	0.002357
0	0.004558
0	-0.000904
0	0.002523
0	-0.005822
0	-0.009206
0	-0.007627
0	-0.006127
0	-0.002785
0	0.004789
0	0.01135
0	0.01426
0	0.01649
0	0.02237
0	0.02295
0	0.0119
0	0.01285
0	0.01563
0	0.01931
0	0.02971
0	0.02916
0	0.02268
0	0.01723
0	0.01764
0	0.01389
0	0.01723
0	0.01729
0	0.01891
0	0.02168
0	0.02404
0	0.02151
0	0.01263
0	0.003647
0	0.002493
0	0.0003212
0	-0.003868
0	-0.007431
0	-0.01052
0	-0.007995
0	-0.005396
0	-0.007068
0	-0.007798
0	-0.01397
0	-0.01419
0	-0.008776
0	-0.001139
0	-0.003523
0	-0.00126
0	0.006565
0	0.009997
0	0.01832
0	0.02438
0	0.02771
0	0.02475
0	0.01831
0	0.001625
0	0.01133
0	-0.004428
0	-0.006211
0	-0.006976
0	-0.004692
0	0.00121
0	0.001157
0	0.002463
0	0.003792
0	0.007668
0	0.01244
0	0.01482
0	0.01602
0	0.01786
0	0.01737
0	0.02318
0	0.02008
0	0.01219
0	0.02287
0	0.01907
0	0.01339
0	0.01338
0	0.01807
0	0.01982
0	0.01309
0	0.01648
0	0.01476
0	0.01338
0	0.01537
0	0.007896
0	0.01641
0	0.01858
0	0.01146
0	0.01588
0	0.01324
0	0.01045
0	0.007163
0	0.002833
0	0.003754
0	0.009035
0	0.006267
0	0.005798
0	0.009591
0	0.006901
0	0.009819
0	0.01404
0	0.01178
0	0.01462
0	0.008914
0	0.007059
0	0.003764
0	0.006081
0	0.009319
0	0.009286
0	0.007838
0	0.008973
0	0.01244
0	0.01447
0	0.01574
0	0.01513
0	0.0252
0	0.03119
0	0.03228
0	0.03164
0	0.03556
0	0.03108
0	0.03628
0	0.0385
0	0.03131
0	0.0359
0	0.04494
0	0.03787
0	0.03964
0	0.03842
0	0.0375
0	0.03553
0	0.03216
0	0.02159
0	0.01724
0	0.01337
0	0.01621
0	0.02177
0	0.02483
0	0.0312
0	0.02874
0	0.03065
0	0.03557
0	0.03024
0	0.02956
0	0.02927
0	0.02975
0	0.02872
0	0.02718
0	0.02649
0	0.02296
0	0.01997
0	0.0204
0	0.02302
0	0.02117
0	0.02127
0	0.02432
0	0.02127
0	0.01986
0	0.02248
0	0.0262
0	0.01548
0	0.01796
0	0.02064
0	0.01903
0	0.024
0	0.02112
0	0.02202
0	0.02596
0	0.02101
0	0.02718
0	0.02118
0	0.02028
0	0.01463
0	0.01215
0	0.00723
0	0.01007
0	0.01101
0	0.002881
0	0.008618
0	0.0111
0	0.01609
0	0.01665
0	0.01794
0	0.0188
0	0.01841
0	0.01135
0	0.01481
0	0.01651
0	0.01835
0	0.01391
0	0.01099
0	0.00652
0	0.008056
0	0.007556
0	0.006833
0	0.008446
0	0.005571
0	0.005803
0	0.005789
0	0.005384
0	0.01313
0	0.0178
0	0.01507
0	0.02278
0	0.017
0	0.008633
0	0.004111
0	0.004111
0	0.004111
0	0.004111
0	0.004111
0	0.004111
0	0.004111
0	0.00411
0	0.004092
0	0.004091
0	0.004064
0	0.003559
0	0.004304
0	0.01124
0	0.01433
0	0.006712
0	0.006912
0	0.008043
0	0.007652
0	0.01023
0	0.007488
0	0.00628
0	0.006547
0	0.005341
0	0.003905
0	0.01009
0	0.01822
0	0.01532
0	0.01844
0	0.0159
0	0.01352
0	0.01836
0	0.01572
0	0.01673
0	0.01843
0	0.01709
0	0.02085
0	0.02521
0	0.02379
0	0.01995
0	0.01989
0	0.02022
0	0.01721
0	0.01581
0	0.02261
0	0.02606
0	0.02577
0	0.02823
0	0.02965
0	0.02934
0	0.03129
0	0.03558
0	0.03473
0	0.03711
0	0.03811
0	0.0408
0	0.03465
0	0.03677
0	0.03271
0	0.02941
0	0.03032
0	0.0287
0	0.02968
0	0.02423
0	0.03282
0	0.03326
0	0.03749
0	0.03882
0	0.03952
0	0.03415
0	0.02691
0	0.03137
0	0.03171
0	0.03648
0	0.03537
0	0.03868
0	0.0399
0	0.04114
0	0.03606
0	0.03608
0	0.03412
0	0.02669
0	0.0275
0	0.02885
0	0.03415
0	0.03036
0	0.03056
0	0.02948
0	0.0225
0	0.02634
0	0.02028
0	0.01111
0	0.01318
0	0.006293
0	0.001911
0	0.001622
0	0.003791
0	-0.001533
0	0.004589
0	0.00223
0	0.005371
0	0.008851
0	0.01408
0	0.0147
0	0.01495
0	0.01384
0	0.01113
0	0.01466
0	0.01807
0	0.01755
0	0.01918
0	0.01902
0	0.02222
0	0.01966
0	0.02631
0	0.0259
0	0.01578
0	0.01901
0	0.02283
0	0.02274
0	0.01837
0	0.02425
0	0.01567
0	0.01455
0	0.01077
0	0.01452
0	0.007699
0	0.01343
0	0.01886
0	0.01989
0	0.01732
0	0.01769
0	0.02214
0	0.02303
0	0.02798
0	0.02956
0	0.0282
0	0.03332
0	0.03353
0	0.03405
0	0.03378
0	0.03408
0	0.0307
0	0.02343
0	0.02147
0	0.01977
0	0.02093
0	0.01444
0	0.01526
0	0.01864
0	0.01834
0	0.01702
0	0.01502
0	0.02108
0	0.01846
0	0.0149
0	0.01924
0	0.01813
0	0.02206
0	0.02513
0	0.02627
0	0.02503
0	0.01794
0	0.01569
0	0.01162
0	0.01278
0	0.01772
0	0.02438
0	0.02424
0	0.02344
0	0.01561
0	0.01749
0	0.01869
0	0.01516
0	0.01144
0	0.01682
0	0.01071
0	0.01355
0	0.01382
0	0.01938
0	0.02172
0	0.01941
0	0.01315
0	0.01502
0	0.01145
0	0.007152
0	0.01538
0	0.0193
0	0.02469
0	0.02692
0	0.02364
0	0.01884
0	0.01495
0	0.01953
0	0.0227
0	0.01871
0	0.01621
0	0.01222
0	0.01169
0	0.01332
0	0.007702
0	0.01041
0	0.01127
0	0.01135
0	0.008974
0	0.009027
0	0.0186
0	0.02537
0	0.01901
0	0.0205
0	0.02252
0	0.01649
0	0.01041
0	0.01143
0	0.01003
0	0.017
0	0.01753
0	0.01839
0	0.02171
0	0.01733
0	0.01584
0	0.01907
0	0.01969
0	0.01872
0	0.01822
0	0.009686
0	0.01213
0	0.01689
0	0.01346
0	0.01575
0	0.007816
0	0.005452
0	0.00381
0	0.0007421
0	-0.0008683
0	0.0001178
0	0.004196
0	0.0009466
0	-0.0008662
0	-0.001017
0	0.002573
0	-0.004605
0	0.000587
0	0.0007908
0	0.007155
0	0.005397
0	0.01081
0	0.008607
0	0.004086
0	0.003911
0	0.008788
0	0.01039
0	0.01321
0	0.0135
0	0.01082
0	0.01231
0	0.01457
0	0.01088
0	0.008718
0	0.006239
0	0.003954
0	0.004457
0	0.008285
0	0.01354
0	0.01275
0	0.01634
0	0.01493
0	0.009098
0	0.008985
0	0.006885
0	0.01618
0	0.02204
0	0.02346
0	0.02442
0	0.02172
0	0.01551
0	0.01597
0	0.0191
0	0.01707
0	0.01892
0	0.0198
0	0.02213
0	0.02253
0	0.02176
0	0.02281
0	0.02205
0	0.02275
0	0.02569
0	0.02671
0	0.02097
0	0.02643
0	0.03356
0	0.03379
0	0.03494
0	0.03983
0	0.03221
0	0.03107
0	0.03251
0	0.03101
0	0.03527
0	0.0349
0	0.03222
0	0.02875
0	0.02824
0	0.02747
0	0.02365
0	0.022
0	0.02013
0	0.01792
0	0.01389
0	0.01495
0	0.01719
0	0.01969
0	0.0174
0	0.01266
0	0.01685
0	0.01842
0	0.01843
0	0.01529
0	0.01595
0	0.01113
0	0.01073
0	0.01563
0	0.01062
0	0.01291
0	0.01091
0	0.01611
0	0.01353
0	0.01568
0	0.01318
0	0.01647
0	0.01414
0	0.01646
0	0.01521
0	0.01805
0	0.02106
0	0.02022
0	0.02285
0	0.02454
0	0.02176
0	0.0224
0	0.02252
0	0.02642
0	0.02051
0	0.01813
0	0.02433
0	0.02539
0	0.0286
0	0.02379
0	0.02312
0	0.01987
0	0.01794
0	0.01897
0	0.01458
0	0.01277
0	0.007441
0	0.01267
0	0.006947
0	0.006762
0	0.01285
0	0.01216
0	0.008784
0	0.0129
0	0.01248
0	0.01518
0	0.01673
0	0.01783
0	0.01748
0	0.01345
0	0.01421
0	0.006177
0	0.009452
0	0.01315
0	0.01804
0	0.02108
0	0.01309
0	0.0107
0	0.005073
0	0.006744
0	0.000923
0	0.003394
0	0.002701
0	0.0002634
0	-0.004214
0	0.001222
0	0.001603
0	0.004389
0	0.0009883
0	-0.0009391
0	0.005712
0	0.006998
0	0.00901
0	0.01193
0	0.009093
0	0.009983
0	0.01275
0	0.01166
0	0.006698
0	0.007994
0	0.003837
0	0.003503
0	0.01094
0	0.0084
0	0.01287
0	0.01569
0	0.01253
0	0.01229
0	0.01153
0	0.01079
0	0.01574
0	0.02136
0	0.02067
0	0.02167
0	0.02536
0	0.02335
0	0.0203
0	0.01865
0	0.02271
0	0.01854
0	0.01602
0	0.01177
0	0.01274
0	0.01274
0	0.01272
0	0.01404
0	0.01353
0	0.01785
0	0.026
0	0.02723
0	0.02882
0	0.0277
0	0.02156
0	0.01982
0	0.02492
0	0.02798
0	0.02094
0	0.01914
0	0.01918
0	0.01959
0	0.01763
0	0.02172
0	0.01923
0	0.01326
0	0.01442
0	0.01413
0	0.01655
0	0.02005
0	0.02082
0	0.01828
0	0.01969
0	0.02494
0	0.0255
0	0.02399
0	0.02348
0	0.02574
0	0.02544
0	0.02157
0	0.02298
0	0.01789
0	0.01859
0	0.01767
0	0.02024
0	0.01706
0	0.02062
0	0.021
0	0.01815
0	0.01674
0	0.0168
0	0.01763
0	0.01438
0	0.01269
0	0.007159
0	0.007093
0	0.006691
0	0.006795
0	0.005643
0	0.004589
0	0.008271
0	0.004345
0	0.00863
0	0.007117
0	0.006484
0	0.003284
0	-0.0007447
0	-0.001249
0	-0.001216
0	-0.0008107
0	0.0006892
0	0.005702
0	0.001405
0	-0.0009365
0	0.0009909
0	-0.0001241
0	0.002558
0	0.001592
0	0.006504
0	0.008072
0	0.009791
0	0.01083
0	0.007088
0	0.005308
0	0.003076
0	0.003018
0	0.004212
0	0.00538
0	0.009013
0	0.01216
0	0.00986
0	0.004093
0	0.002244
0	0.0009507
0	-0.002794
0	0.002707
0	0.008393
0	0.009909
0	0.01057
0	0.0145
0	0.01603
0	0.0128
0	0.01514
0	0.01796
0	0.01552
0	0.0137
0	0.01274
0	0.01557
0	0.01599
0	0.01199
0	0.005194
0	0.007927
0	0.00701
0	0.008022
0	0.007287
0	0.00737
0	0.004295
0	0.00578
0	0.002335
0	0.002899
0	0.005665
0	0.006598
0	0.001483
0	0.001469
0	0.002476
0	0.008443
0	0.006994
0	0.009817
0	0.01083
0	0.0143
0	0.01505
0	0.01675
0	0.01982
0	0.01697
0	0.02293
0	0.02612
0	0.01846
0	0.01619
0	0.0169
0	0.01335
0	0.01206
0	0.01595
0	0.01907
0	0.0208
0	0.02493
0	0.02196
0	0.02276
0	0.02545
0	0.02909
0	0.0309
0	0.02899
0	0.02899
0	0.02867
0	0.02813
0	0.02339
0	0.02056
0	0.01737
0	0.01824
0	0.01473
0	0.01217
0	0.01429
0	0.01357
0	0.008327
0	0.008954
0	0.006245
0	0.008577
0	0.008165
0	0.008873
0	0.008915
0	0.01051
0	0.01126
0	0.01153
0	0.0126
0	0.008088
0	0.01049
0	0.01149
0	0.01398
0	0.01208
0	0.00818
0	0.009458
0	0.01093
0	0.01078
0	0.01183
0	0.0104
0	0.01163
0	0.01205
0	0.01517
0	0.01501
0	0.01895
0	0.01246
0	0.0124
0	0.01043
0	0.008932
0	0.009527
0	0.002503
0	0.004197
0	0.001005
0	0.003025
0	0.003236
0	0.002785
0	0.001979
0	0.001921
0	0.001915
0	-0.001496
0	-0.002797
0	-0.004784
0	-0.008339
0	-0.01038
0	-0.01044
0	-0.0133
0	-0.01094
0	-0.01193
0	-0.007002
0	-0.004414
0	0.001365
0	0.002111
0	0.006347
0	0.008672
0	0.006585
0	0.006408
0	0.009139
0	0.009265
0	0.01249
0	0.01353
0	0.01343
0	0.01053
0	0.01086
0	0.008908
0	0.01263
0	0.009029
0	0.01154
0	0.01347
0	0.01442
0	0.01728
0	0.01732
0	0.01989
0	0.01925
0	0.01944
0	0.01708
0	0.01495
0	0.01492
0	0.01605
0	0.01869
0	0.01998
0	0.02186
0	0.02375
0	0.02508
0	0.02438
0	0.02863
0	0.02925
0	0.02839
0	0.03126
0	0.02736
0	0.02704
0	0.02973
0	0.0272
0	0.02274
0	0.02088
0	0.022
0	0.01438
0	0.01492
0	0.01329
0	0.007247
0	0.01001
0	0.01118
0	0.01597
0	0.01335
0	0.01221
0	0.01562
0	0.01116
0	0.01
0	0.01105
0	0.009857
0	0.009683
0	0.0116
0	0.0128
0	0.01249
0	0.01317
0	0.009941
0	0.0178
0	0.0215
0	0.02277
0	0.02346
0	0.02626
0	0.02364
0	0.02409
0	0.01898
0	0.02203
0	0.02055
0	0.02422
0	0.02282
0	0.02357
0	0.02316
0	0.0216
0	0.02131
0	0.01988
0	0.01918
0	0.01742
0	0.01734
0	0.01724
0	0.01199
0	0.01235
0	0.0127
0	0.007705
0	0.005902
0	0.009084
0	0.005931
0	0.001613
0	0.003731
0	0.004235
0	0.002868
0	0.002808
0	0.003505
0	0.003915
0	0.00684
0	0.01172
0	0.0123
0	0.013
0	0.01394
0	0.008705
0	0.01069
0	0.01149
0	0.01482
0	0.01706
0	0.02121
0	0.01796
0	0.0165
0	0.01654
0	0.01521
0	0.01519
0	0.01436
0	0.01664
0	0.01526
0	0.0124
0	0.007926
0	0.005776
0	0.006378
0	0.007061
0	0.006626
0	0.006854
0	0.0076
0	0.006391
0	0.00982
0	0.01075
0	0.01207
0	0.0103
0	0.008854
0	0.01256
0	0.007826
0	0.003954
0	-0.00172
0	-0.004168
0	-0.004124
0	-0.003442
0	0.004585
0	0.005816
0	0.004542
0	0.00561
0	0.007245
0	0.00876
0	0.01077
0	0.01298
0	0.01087
0	0.01077
0	0.0126
0	0.009691
0	0.007331
0	0.008849
0	0.006567
0	0.006014
0	0.009126
0	0.011
0	0.008511
0	0.01008
0	0.01413
0	0.007324
0	0.007085
0	0.007815
0	0.01057
0	0.005639
0	0.006032
0	0.006857
0	0.007773
0	0.005699
0	0.008764
0	0.01102
0	0.01197
0	0.01291
0	0.01337
0	0.01726
0	0.01829
0	0.01525
0	0.01755
0	0.01574
0	0.01482
0	0.01597
0	0.01632
0	0.01495
0	0.01829
0	0.01804
0	0.01861
0	0.02112
0	0.01894
0	0.02111
0	0.02332
0	0.02257
0	0.01943
0	0.01471
0	0.01425
0	0.009876
0	0.008488
0	0.004738
0	0.00549
0	0.006733
0	0.006018
0	0.004276
0	0.003653
0	0.003655
0	0.007595
0	0.01056
0	0.009306
0	0.009811
0	0.01244
0	0.01116
0	0.01439
0	0.01055
0	0.01342
0	0.0152
0	0.01309
0	0.01295
0	0.01321
0	0.01425
0	0.01675
0	0.02047
0	0.02319
0	0.02303
0	0.02234
0	0.01429
0	0.01467
0	0.01239
0	0.01206
0	0.008951
0	0.006763
0	0.007429
0	0.002505
0	0.003981
0	0.001966
0	-0.002163
0	-0.001431
0	-0.001504
0	0.001028
0	-0.0001406
0	0.00383
0	0.001716
0	0.002508
0	0.001238
0	0.0018
0	0.008101
0	0.007105
0	0.01035
0	0.01197
0	0.01176
0	0.01405
0	0.01413
0	0.01388
0	0.01509
0	0.01417
0	0.01426
0	0.01415
0	0.01798
0	0.01343
0	0.01164
0	0.01149
0	0.0127
0	0.0176
0	0.01829
0	0.01486
0	0.01461
0	0.0114
0	0.01365
0	0.01644
0	0.01545
0	0.01564
0	0.01564
0	0.01244
0	0.01396
0	0.0183
0	0.01439
0	0.01116
0	0.01207
0	0.01399
0	0.0149
0	0.01282
0	0.01268
0	0.01361
0	0.01221
0	0.01411
0	0.0172
0	0.01678
0	0.01325
0	0.009449
0	0.01079
0	0.01194
0	0.0153
0	0.01314
0	0.01831
0	0.02236
0	0.01834
0	0.01784
0	0.01674
0	0.01573
0	0.01978
0	0.02173
0	0.022
0	0.02179
0	0.0227
0	0.02359
0	0.02463
0	0.02634
0	0.02878
0	0.02831
0	0.02445
0	0.02063
0	0.02011
0	0.01829
0	0.01529
0	0.0144
0	0.01625
0	0.01772
0	0.01073
0	0.01357
0	0.01411
0	0.01402
0	0.01617
0	0.01606
0	0.01338
0	0.01535
0	0.01733
0	0.01946
0	0.02118
0	0.01844
0	0.01913
0	0.01874
0	0.01544
0	0.01357
0	0.01385
0	0.0113
0	0.004306
0	0.007332
0	0.006099
0	0.00253
0	0.003383
0	0.0009677
0	0.002547
0	0.003061
0	0.004228
0	0.004241
0	0.004303
0	0.005968
0	0.008553
0	0.007845
0	0.006785
0	0.006786
0	0.006438
0	0.005859
0	0.006536
0	0.008962
0	0.007104
0	0.008361
0	0.006083
0	0.005707
0	0.005204
0	0.006309
0	0.001826
0	-0.0001131
0	-0.000667
0	-0.00174
0	-0.001131
0	0.001118
0	0.003938
0	-0.0002063
0	-0.000286
0	-0.003794
0	-0.006524
0	-0.004749
0	-0.003912
0	-0.0004824
0	-0.0004837
0	-0.000502
0	-0.000557
0	0.001084
0	0.001981
0	0.005217
0	0.004218
0	0.001244
0	7.689e-05
0	0.002618
0	0.003558
0	0.001602
0	0.00641
0	0.005764
0	0.00812
0	0.009942
0	0.008036
0	0.009895
0	0.01032
0	0.01185
0	0.01526
0	0.01718
0	0.0148
0	0.01524
0	0.01417
0	0.01387
0	0.01513
0	0.01236
0	0.01275
0	0.01209
0	0.01354
0	0.01389
0	0.01761
0	0.01756
0	0.01955
0	0.018
0	0.01553
0	0.01585
0	0.01739
0	0.01649
0	0.01395
0	0.01592
0	0.01611
0	0.01356
0	0.01419
0	0.0169
0	0.01752
0	0.01248
0	0.01332
0	0.0119
0	0.01071
0	0.01233
0	0.01231
0	0.01095
0	0.01261
0	0.01261
0	0.01168
0	0.01052
0	0.008316
0	0.005532
0	0.006995
0	0.00485
0	0.005467
0	0.006764
0	0.00284
0	0.002947
0	0.002761
0	0.005391
0	0.009571
0	0.01301
0	0.01504
0	0.01714
0	0.01941
0	0.02211
0	0.02418
0	0.02377
0	0.01961
0	0.01876
0	0.02285
0	0.02501
0	0.02326
0	0.02429
0	0.02125
0	0.02214
0	0.02547
0	0.02218
0	0.02145
0	0.02166
0	0.02481
0	0.02624
0	0.02929
0	0.03088
0	0.03052
0	0.02795
0	0.02444
0	0.02331
0	0.02331
0	0.02423
0	0.02233
0	0.02393
0	0.02662
0	0.0297
0	0.024
0	0.02076
0	0.02055
0	0.01989
0	0.0197
0	0.02016
0	0.01687
0	0.01832
0	0.01933
0	0.01837
0	0.02216
0	0.01973
0	0.01973
0	0.01973
0	0.02071
0	0.01988
0	0.02091
0	0.02355
0	0.02566
0	0.02766
0	0.02462
0	0.02934
0	0.0287
0	0.02807
0	0.02812
0	0.02685
0	0.02979
0	0.02852
0	0.02554
0	0.026
0	0.02744
0	0.0281
0	0.02748
0	0.02435
0	0.02501
0	0.02285
0	0.02202
0	0.01986
0	0.0216
0	0.02278
0	0.02019
0	0.02068
0	0.0211
0	0.02063
0	0.01998
0	0.01702
0	0.01482
0	0.01566
0	0.0154
0	0.01509
0	0.01549
0	0.01845
0	0.01752
0	0.01907
0	0.02275
0	0.02285
0	0.02098
0	0.02178
0	0.02352
0	0.02142
0	0.01996
0	0.01733
0	0.01957
0	0.01688
0	0.0173
0	0.01448
0	0.0161
0	0.0134
0	0.01308
0	0.01433
0	0.01333
0	0.01643
0	0.0161
0	0.018
0	0.02053
0	0.02262
0	0.0206
0	0.01657
0	0.01865
0	0.01922
0	0.02089
0	0.02238
0	0.02094
0	0.0241
0	0.0242
0	0.02397
0	0.02274
0	0.02132
0	0.02076
0	0.02235
0	0.01967
0	0.0217
0	0.02126
0	0.02364
0	0.02214
0	0.02578
0	0.02297
0	0.02263
0	0.02035
0	0.0199
0	0.01387
0	0.01537
0	0.01694
0	0.01716
0	0.01471
0	0.0134
0	0.008173
0	0.008742
0	0.005588
0	0.009255
0	0.01263
0	0.008683
0	0.01172
0	0.01495
0	0.01299
0	0.01414
0	0.01369
0	0.0153
0	0.01372
0	0.01279
0	0.01462
0	0.01748
0	0.01738
0	0.01843
0	0.01923
0	0.02297
0	0.02022
0	0.01724
0	0.01422
0	0.01276
0	0.01121
0	0.01138
0	0.01117
0	0.01045
0	0.01009
0	0.005103
0	0.003991
0	0.00491
0	0.005662
0	0.0002797
0	0.002278
0	0.002704
0	0.003184
0	0.001899
0	-0.003711
0	-0.001649
0	-0.00267
0	-0.004641
0	-0.004773
0	-0.006034
0	-0.008004
0	-0.008006
0	-0.009495
0	-0.008803
0	-0.007732
0	-0.007745
0	-0.005571
0	-0.002393
0	-0.001449
0	9.994e-05
0	0.002361
0	0.001163
0	0.003122
0	0.001211
0	0.004161
0	0.004641
0	0.006055
0	0.004881
0	0.003462
0	0.0009505
0	-0.0001899
0	0.002134
0	0.004408
0	0.004454
0	0.004588
0	-0.0002903
0	0.002348
0	0.003315
0	0.003125
0	0.0005905
0	-0.003575
0	-0.002977
0	-0.0005422
0	0.002279
0	0.0006233
0	0.002933
0	0.0006162
0	-0.001807
0	-0.002677
0	-2.615e-05
0	-0.0007667
0	0.00305
0	0.001611
0	0.003243
0	0.002833
0	0.001272
0	-0.002645
0	-0.002311
0	-0.001977
0	0.001314
0	-0.001872
0	-0.003806
0	-0.002214
0	-0.003412
0	-0.004781
0	-0.005914
0	-0.008146
0	-0.005278
0	-0.006137
0	-0.009068
0	-0.01016
0	-0.01101
0	-0.01311
0	-0.01152
0	-0.01036
0	-0.007316
0	-0.009001
0	-0.008597
0	-0.00811
0	-0.007806
0	-0.006809
0	-0.007209
0	-0.002915
0	-0.0002452
0	0.002029
0	0.001744
0	0.001347
0	9.702e-05
0	-0.002462
0	-0.002605
0	-0.002822
0	-0.002825
0	-0.003528
0	-0.004939
0	-0.007493
0	-0.008632
0	-0.008466
0	-0.004705
0	-0.008237
0	-0.00753
0	-0.007579
0	-0.00667
0	-0.004595
0	-0.0002906
0	0.0009729
0	0.001858
0	0.004086
0	0.003335
0	0.003334
0	0.00328
0	0.003252
0	0.0001687
0	0.003377
0	0.003706
0	0.002367
0	0.005144
0	0.007152
0	0.00717
0	0.01081
0	0.009841
0	0.01024
0	0.009128
0	0.009533
0	0.01036
0	0.01034
0	0.009666
0	0.007654
0	0.004881
0	-0.0002513
0	-0.002475
0	-0.007227
0	-0.006346
0	-0.007111
0	-0.009242
0	-0.007351
0	-0.002399
0	-0.0004801
0	0.001982
0	0.002525
0	0.004442
0	0.005355
0	0.004994
0	0.005626
0	0.007684
0	0.005757
0	0.004745
0	0.003789
0	0.001758
0	0.001056
0	0.0007744
0	0.000517
0	0.0009063
0	0.002268
0	0.00021
0	0.001639
0	0.0009905
0	-0.0001754
0	0.003272
0	0.0007262
0	0.002747
0	0.004053
0	0.006534
0	0.004429
0	0.004741
0	0.005602
0	0.004455
0	0.003719
0	0.002195
0	-0.0001916
0	0.001535
0	0.002316
0	0.004275
0	0.006536
0	0.007603
0	0.007938
0	0.006369
0	0.006431
0	0.002925
0	0.0004629
0	-0.002224
0	-0.003644
0	-0.006116
0	-0.006728
0	-0.00556
0	-0.007073
0	-0.008587
0	-0.008518
0	-0.007634
