# iterations	 errorinentropy	 maxerror	(generated with python figs/yaml-multi-comparison.py /home/jordan/ising-cp-data/ /home/jordan/deft/papers/histogram/data/ising-32-reference-lndos.dat ising/N32 32 2048 48 true 8 ising-sad-32 ising-samc-1e5-32 ising-samc-1e6-32 ising-samc-1e7-32 ising-wl-32 ising-wl-inv-t-32
0.03125	183.2	708.5
0.0625	183.2	708.5
0.09375	183.2	708.5
0.125	183.2	708.5
0.1875	183.2	708.5
0.2188	183.2	708.5
0.3125	183.2	708.5
0.4062	183.2	708.5
0.5625	183.2	708.5
0.75	183.2	708.5
1	183.2	708.5
1.312	183.2	708.5
1.75	183.2	708.5
2.344	183.2	708.5
3.125	183.2	708.5
4.156	183.2	708.5
5.562	183.2	708.5
7.406	183.2	708.5
9.875	183.2	708.5
13.19	183.2	708.5
17.56	183.2	708.5
23.44	183.2	708.5
31.25	183.2	708.5
41.69	183.2	708.5
55.56	183.1	707.6
74.09	182.7	702.2
98.81	181.4	695
131.8	181.4	695
175.7	179.1	694.2
234.3	178.7	694.2
312.5	178.7	694.2
416.7	175	685.7
555.7	167.3	664.2
741.1	166	664.2
988.2	154.8	652.5
1318	149.5	636.6
1757	139.6	628.5
2343	133.8	628.5
3125	138.5	615.7
4167	122.3	569.7
5557	111.5	528.6
7411	110.8	502.5
9882	91.58	435.4
1.318e+04	82.31	409.9
1.757e+04	63.46	334.7
2.343e+04	51.23	285.5
3.125e+04	60.03	285.5
4.167e+04	47.67	244
5.557e+04	35.11	185.1
7.411e+04	21.33	113.5
9.882e+04	29.02	121.5
1.318e+05	15.66	87.7
1.757e+05	7.383	63.59
2.343e+05	13.35	87.94
3.125e+05	7.225	117.1
4.167e+05	3.886	133.3
5.557e+05	5.398	164.2
7.411e+05	2.361	191.7
9.882e+05	1.248	217.1
1.318e+06	1.485	247
1.757e+06	4.17	275.9
2.343e+06	1.455	300.7
3.125e+06	2.556	330
4.167e+06	1.613	357.5
5.557e+06	1.84	387.4
7.411e+06	1.642	415.3
9.882e+06	1.755	442.9
1.318e+07	1.916	469.7
1.757e+07	1.977	500.4
2.343e+07	2.088	525.6
3.125e+07	2.202	556.3
4.167e+07	2.313	583.4
5.557e+07	2.426	612
7.411e+07	2.537	640.8
9.882e+07	2.65	669.4
1.318e+08	2.762	696
1.757e+08	2.873	724.5
2.343e+08	2.986	753
3.125e+08	3.097	780.2
4.167e+08	3.209	808.6
5.557e+08	3.322	837.4
7.411e+08	3.435	866.2
9.882e+08	3.546	893.5
1.318e+09	3.659	922.2
1.757e+09	3.77	949.9
2.343e+09	3.882	977.9
3.125e+09	3.995	1006
4.167e+09	4.107	1034
5.557e+09	4.219	1062
7.411e+09	4.331	1091
9.882e+09	4.443	1119
1.318e+10	4.555	1147
1.757e+10	4.667	1175
2.343e+10	4.779	1203
3.125e+10	4.891	1231
4.167e+10	5.003	1259
5.557e+10	5.116	1288
7.411e+10	5.228	1316
9.882e+10	5.34	1344
1.318e+11	5.452	1372
1.757e+11	5.564	1400
