# round trips	 doserror
0	148.6
0	152.6
0	147.4
0	139.8
0	137.4
0	139.6
0	131.7
0	132.2
0	135.8
0	138.1
0	133.5
0	134.1
0	133.6
0	134.7
0	134.2
0	131.6
0	130.5
0	129.9
0	127.2
0	126.1
0	125.5
0	124.5
0	123.3
0	121.6
0	120.7
0	119.4
0	118.3
0	118.1
0	117
0	116.1
0	114
0	112.4
0	111.5
0	110.2
0	108.8
0	107.8
0	107.6
0	106.2
0	105.6
0	104
0	102.8
0	102
0	101.1
0	100.1
0	98.63
0	97.26
0	96.53
0	95.99
0	95.99
0	95.99
0	94.99
0	93.68
0	92.48
0	91.83
0	90.37
0	89.34
0	88.11
0	86.59
0	85.59
0	85.27
0	84.78
0	83.7
0	82.47
0	81.48
0	80.62
0	79.86
0	79.44
0	78.02
0	76.81
0	75.89
0	75.24
0	74.25
0	73.34
0	72.41
0	71.75
0	70.9
0	70.14
0	69.23
0	68.78
0	68.78
0	68.78
0	67.88
0	67.73
0	66.9
0	66.24
0	65.79
0	65.08
0	64.39
0	63.79
0	63.15
0	62.4
0	61.52
0	60.95
0	60.23
0	59.76
0	59.36
0	58.75
0	57.97
0	57.31
0	56.88
0	56.23
0	55.77
0	55.71
0	55.71
0	55.71
0	55.07
0	54.48
0	54
0	53.3
0	52.69
0	52.3
0	51.83
0	51.4
0	50.96
0	50.46
0	49.88
0	49.41
0	49.05
0	48.6
0	48.08
0	47.6
0	47.16
0	46.77
0	46.41
0	46.04
0	45.73
0	45.3
0	44.98
0	44.64
0	44.24
0	43.96
0	43.96
0	43.96
0	43.93
0	43.51
0	43.06
0	42.72
0	42.35
0	42.11
0	41.81
0	41.46
0	41.13
0	40.74
0	40.48
0	40.14
0	39.76
0	39.45
0	39.17
0	38.8
0	38.51
0	38.32
0	37.95
0	37.72
0	37.38
0	37.12
0	36.97
0	36.73
0	36.55
0	36.27
0	36.06
0	35.78
0	35.55
0	35.37
0	35.08
0	34.91
0	34.65
0	34.39
0	34.16
0	33.93
0	33.63
0	33.44
0	33.17
0	33.02
0	32.83
0	32.57
0	32.41
0	32.2
0	31.99
0	31.81
0	31.6
0	31.43
0	31.25
0	31.04
0	30.85
0	30.85
0	30.85
0	30.85
0	30.72
0	30.52
0	30.32
0	30.32
0	30.32
0	30.27
0	30.01
0	29.82
0	29.63
0	29.41
0	29.26
0	29.05
0	28.85
0	28.66
0	28.51
0	28.33
0	28.24
0	28.02
0	27.89
0	27.68
0	27.55
0	27.37
0	27.2
0	27.08
0	26.93
0	26.82
0	26.68
0	26.54
0	26.41
0	26.28
0	26.13
0	25.98
0	25.85
0	25.73
0	25.57
0	25.43
0	25.41
0	25.41
0	25.41
0	25.41
0	25.41
0	25.41
0	25.41
0	25.41
0	25.41
0	25.41
0	25.25
0	25.07
0	24.92
0	24.76
0	24.63
0	24.63
0	24.63
0	24.62
0	24.46
0	24.31
0	24.17
0	24.08
0	23.93
0	23.79
0	23.69
0	23.57
0	23.43
0	23.3
0	23.19
0	23.05
0	22.9
0	22.8
0	22.69
0	22.59
0	22.49
0	22.39
0	22.28
0	22.15
0	22.07
0	21.95
0	21.83
0	21.74
0	21.62
0	21.53
0	21.44
0	21.35
0	21.26
0	21.14
0	21.03
0	20.93
0	20.84
0	20.74
0	20.64
0	20.56
0	20.45
0	20.39
0	20.31
0	20.23
0	20.13
0	20.06
0	20.06
0	19.95
0	19.84
0	19.75
0	19.69
0	19.6
0	19.51
0	19.44
0	19.34
0	19.3
0	19.18
0	19.12
0	19.02
0	18.96
0	18.9
0	18.83
0	18.74
0	18.66
0	18.59
0	18.49
0	18.42
0	18.34
0	18.26
0	18.24
0	18.21
0	18.15
0	18.07
0	17.99
0	17.9
0	17.83
0	17.75
0	17.67
0	17.62
0	17.54
0	17.49
0	17.42
0	17.35
0	17.29
0	17.23
0	17.16
0	17.11
0	17.03
0	16.97
0	16.92
0	16.85
0	16.78
0	16.72
0	16.65
0	16.59
0	16.52
0	16.46
0	16.4
0	16.33
0	16.29
0	16.23
0	16.17
0	16.11
0	16.05
0	15.99
0	15.93
0	15.87
0	15.87
0	15.81
0	15.76
0	15.7
0	15.66
0	15.6
0	15.56
0	15.51
0	15.46
0	15.4
0	15.34
0	15.32
0	15.27
0	15.24
0	15.19
0	15.15
0	15.11
0	15.05
0	15.01
0	14.97
0	14.93
0	14.88
0	14.83
0	14.81
0	14.81
0	14.81
0	14.81
0	14.81
0	14.81
0	14.81
0	14.81
0	14.76
0	14.71
0	14.67
0	14.63
0	14.58
0	14.54
0	14.51
0	14.44
0	14.42
0	14.37
0	14.32
0	14.27
0	14.23
0	14.18
0	14.14
0	14.09
0	14.04
0	13.99
0	13.95
0	13.93
0	13.86
0	13.82
0	13.78
0	13.74
0	13.71
0	13.67
0	13.61
0	13.58
0	13.56
0	13.56
0	13.56
0	13.56
0	13.55
0	13.5
0	13.46
0	13.42
0	13.38
0	13.35
0	13.3
0	13.26
0	13.23
0	13.18
0	13.14
0	13.1
0	13.09
0	13.09
0	13.09
0	13.09
0	13.06
0	13.02
0	12.98
0	12.95
0	12.91
0	12.88
0	12.83
0	12.8
0	12.77
0	12.72
0	12.69
0	12.66
0	12.63
0	12.59
0	12.55
0	12.51
0	12.48
0	12.46
0	12.43
0	12.4
0	12.36
0	12.33
0	12.29
0	12.27
0	12.24
0	12.2
0	12.16
0	12.13
0	12.11
0	12.08
0	12.04
0	12.01
0	11.98
0	11.95
0	11.92
0	11.88
0	11.86
0	11.83
0	11.8
0	11.78
0	11.74
0	11.72
0	11.69
0	11.66
0	11.63
0	11.61
0	11.58
0	11.55
0	11.53
0	11.5
0	11.48
0	11.45
0	11.42
0	11.4
0	11.37
0	11.34
0	11.32
0	11.28
0	11.25
0	11.23
0	11.2
0	11.18
0	11.15
0	11.14
0	11.11
0	11.08
0	11.06
0	11.03
0	11.01
0	10.99
0	10.96
0	10.94
0	10.91
0	10.89
0	10.87
0	10.84
0	10.83
0	10.81
0	10.78
0	10.76
0	10.73
0	10.71
0	10.7
0	10.69
0	10.65
0	10.64
0	10.61
0	10.58
0	10.56
0	10.53
0	10.51
0	10.49
0	10.47
0	10.45
0	10.43
0	10.4
0	10.38
0	10.36
0	10.34
0	10.31
0	10.29
0	10.28
0	10.26
0	10.24
0	10.21
0	10.19
0	10.17
0	10.14
0	10.13
0	10.11
0	10.08
0	10.07
0	10.05
0	10.03
0	10.01
0	9.998
0	9.976
0	9.963
0	9.948
0	9.933
0	9.911
0	9.893
0	9.878
0	9.863
0	9.847
0	9.831
0	9.814
0	9.791
0	9.771
0	9.757
0	9.74
0	9.72
0	9.704
0	9.69
0	9.671
0	9.653
0	9.637
0	9.621
0	9.606
0	9.59
0	9.574
0	9.565
0	9.557
0	9.557
0	9.557
0	9.541
0	9.529
0	9.521
0	9.492
0	9.476
0	9.46
0	9.448
0	9.435
0	9.415
0	9.397
0	9.385
0	9.363
0	9.348
0	9.333
0	9.316
0	9.299
0	9.277
0	9.269
0	9.249
0	9.233
0	9.218
0	9.203
0	9.178
0	9.159
0	9.147
0	9.145
0	9.129
0	9.112
0	9.098
0	9.083
0	9.063
0	9.048
0	9.03
0	9.015
0	8.997
0	8.983
0	8.968
0	8.958
0	8.954
0	8.936
0	8.919
0	8.903
0	8.884
0	8.869
0	8.858
0	8.835
0	8.826
0	8.815
0	8.815
0	8.807
0	8.794
0	8.78
0	8.771
0	8.757
0	8.75
0	8.733
0	8.719
0	8.705
0	8.693
0	8.676
0	8.666
0	8.652
0	8.645
0	8.631
0	8.625
0	8.612
0	8.598
0	8.586
0	8.576
0	8.575
0	8.575
0	8.575
0	8.575
0	8.575
0	8.575
0	8.575
0	8.575
0	8.575
0	8.575
0	8.575
0	8.575
0	8.575
0	8.575
0	8.575
0	8.575
0	8.575
0	8.575
0	8.575
0	8.575
0	8.575
0	8.575
0	8.575
0	8.575
0	8.575
0	8.575
0	8.575
0	8.575
0	8.575
0	8.575
0	8.575
0	8.575
0	8.575
0	8.575
0	8.575
0	8.575
0	8.575
0	8.575
0	8.575
0	8.575
0	8.575
0	8.575
0	8.575
0	8.575
0	8.575
0	8.575
0	8.575
0	8.575
0	8.575
0	8.575
0	8.575
0	8.575
0	8.575
0	8.575
0	8.575
0	8.575
0	8.575
0	8.575
0	8.575
0	8.575
0	8.575
0	8.575
0	8.575
0	8.575
0	8.575
0	8.575
0	8.575
0	8.575
0	8.575
0	8.575
0	8.575
0	8.575
0	8.575
0	8.575
0	8.575
0	8.575
0	8.575
0	8.575
0	8.575
0	8.575
0	8.575
0	8.575
0	8.575
0	8.575
0	8.575
0	8.575
0	8.575
0	8.575
0	8.575
0	8.575
0	8.575
0	8.575
0	8.575
0	8.575
0	8.575
0	8.575
0	8.575
0	8.575
0	8.575
0	8.575
0	8.575
0	8.575
0	8.575
0	8.575
0	8.575
0	8.575
0	8.575
0	8.575
0	8.575
0	8.539
0	8.525
0	8.509
0	8.5
0	8.488
0	8.476
0	8.467
0	8.46
0	8.444
0	8.428
0	8.418
0	8.403
0	8.397
0	8.386
0	8.377
0	8.371
0	8.355
0	8.347
0	8.328
0	8.318
0	8.304
0	8.296
0	8.282
0	8.27
0	8.262
0	8.249
0	8.238
0	8.228
0	8.215
0	8.199
0	8.19
0	8.179
0	8.169
0	8.157
0	8.142
0	8.129
0	8.118
0	8.107
0	8.098
0	8.087
0	8.076
0	8.064
0	8.052
0	8.04
0	8.03
0	8.017
0	8.009
0	7.995
0	7.982
0	7.974
0	7.963
0	7.951
0	7.944
0	7.929
0	7.922
0	7.91
0	7.9
0	7.89
0	7.882
0	7.872
0	7.861
0	7.853
0	7.842
0	7.833
0	7.819
0	7.813
0	7.797
0	7.791
0	7.789
0	7.789
0	7.789
0	7.789
0	7.789
0	7.789
0	7.789
0	7.789
0	7.762
0	7.75
0	7.737
0	7.73
0	7.718
0	7.714
0	7.705
0	7.693
0	7.682
0	7.673
0	7.661
0	7.657
0	7.648
0	7.637
0	7.629
0	7.623
0	7.612
0	7.604
0	7.595
0	7.59
0	7.582
0	7.571
0	7.561
0	7.552
0	7.541
0	7.533
0	7.526
0	7.526
0	7.526
0	7.523
0	7.511
0	7.506
0	7.496
0	7.489
0	7.478
0	7.471
0	7.459
0	7.448
0	7.438
0	7.43
0	7.419
0	7.41
0	7.402
0	7.393
0	7.387
0	7.376
0	7.367
0	7.355
0	7.353
0	7.346
0	7.335
0	7.325
0	7.319
0	7.313
0	7.31
0	7.302
0	7.292
0	7.283
0	7.276
0	7.267
0	7.261
0	7.253
0	7.245
0	7.232
0	7.227
0	7.215
0	7.21
0	7.2
0	7.191
0	7.187
0	7.178
0	7.171
0	7.164
0	7.157
0	7.149
0	7.142
0	7.132
0	7.125
0	7.119
0	7.115
0	7.104
0	7.096
0	7.091
0	7.084
0	7.074
0	7.066
0	7.062
0	7.053
0	7.042
0	7.042
0	7.042
0	7.042
0	7.042
0	7.039
0	7.031
0	7.023
0	7.015
0	7.004
0	6.998
0	6.989
0	6.985
0	6.978
0	6.972
0	6.962
0	6.956
0	6.948
0	6.942
0	6.934
0	6.93
0	6.922
0	6.916
0	6.909
0	6.902
0	6.897
0	6.893
0	6.882
0	6.873
0	6.866
0	6.857
0	6.852
0	6.846
0	6.841
0	6.83
0	6.825
0	6.821
0	6.814
0	6.806
0	6.797
0	6.792
0	6.787
0	6.784
0	6.776
0	6.767
0	6.761
0	6.756
0	6.75
0	6.745
0	6.741
0	6.734
0	6.729
0	6.723
0	6.718
0	6.709
0	6.702
0	6.697
0	6.69
0	6.682
0	6.675
0	6.67
0	6.665
0	6.658
0	6.653
0	6.649
0	6.642
0	6.638
0	6.63
0	6.624
0	6.617
0	6.61
0	6.605
0	6.599
0	6.591
0	6.587
0	6.582
0	6.578
0	6.574
0	6.57
0	6.562
0	6.558
0	6.552
0	6.547
0	6.546
0	6.541
0	6.537
0	6.531
0	6.525
0	6.516
0	6.512
0	6.508
0	6.502
0	6.497
0	6.493
0	6.489
0	6.484
0	6.48
0	6.473
0	6.467
0	6.46
0	6.457
0	6.453
0	6.445
0	6.441
0	6.436
0	6.429
0	6.426
0	6.422
0	6.417
0	6.415
0	6.409
0	6.402
0	6.396
0	6.39
0	6.384
0	6.381
0	6.378
0	6.371
0	6.367
0	6.363
0	6.358
0	6.354
0	6.349
0	6.347
0	6.342
0	6.337
0	6.332
0	6.328
0	6.322
0	6.317
0	6.313
0	6.309
0	6.304
0	6.293
0	6.288
0	6.281
0	6.276
0	6.269
0	6.263
0	6.26
0	6.254
0	6.25
0	6.244
0	6.241
0	6.238
0	6.236
0	6.23
0	6.225
0	6.219
0	6.212
0	6.209
0	6.205
0	6.2
0	6.196
0	6.189
0	6.185
0	6.186
0	6.182
0	6.173
0	6.17
0	6.166
0	6.16
0	6.154
0	6.149
0	6.146
0	6.139
0	6.132
0	6.127
0	6.123
0	6.119
0	6.114
0	6.11
0	6.108
0	6.1
0	6.094
0	6.091
0	6.086
0	6.082
0	6.077
0	6.07
0	6.069
0	6.069
0	6.065
0	6.062
0	6.055
0	6.05
0	6.048
0	6.045
0	6.041
0	6.037
0	6.033
0	6.027
0	6.026
0	6.02
0	6.017
0	6.01
0	6.006
0	6.001
0	5.998
0	5.991
0	5.988
0	5.987
0	5.984
0	5.978
0	5.975
0	5.97
0	5.963
0	5.959
0	5.955
0	5.955
0	5.95
0	5.948
0	5.945
0	5.94
0	5.934
0	5.929
0	5.926
0	5.92
0	5.917
0	5.912
0	5.909
0	5.906
0	5.906
0	5.906
0	5.906
0	5.906
0	5.906
0	5.906
0	5.906
0	5.906
0	5.906
0	5.906
0	5.906
0	5.906
0	5.906
0	5.906
0	5.906
0	5.906
0	5.906
0	5.906
0	5.906
0	5.906
0	5.906
0	5.906
0	5.906
0	5.906
0	5.906
0	5.906
0	5.906
0	5.906
0	5.906
0	5.906
0	5.906
0	5.906
0	5.906
0	5.906
0	5.906
0	5.906
0	5.906
0	5.906
0	5.906
0	5.906
0	5.906
0	5.906
0	5.906
0	5.906
0	5.906
0	5.906
0	5.906
0	5.906
0	5.904
0	5.901
0	5.9
0	5.896
0	5.895
0	5.895
0	5.895
0	5.895
0	5.895
0	5.895
0	5.895
0	5.895
0	5.895
0	5.895
0	5.895
0	5.895
0	5.895
0	5.884
0	5.883
0	5.879
0	5.878
0	5.872
0	5.87
0	5.867
0	5.865
0	5.86
0	5.859
0	5.854
0	5.853
0	5.849
0	5.846
0	5.843
0	5.841
0	5.839
0	5.839
0	5.839
0	5.839
0	5.839
0	5.839
0	5.839
0	5.839
0	5.839
0	5.839
0	5.839
0	5.839
0	5.839
0	5.839
0	5.839
0	5.839
0	5.839
0	5.839
0	5.839
0	5.839
0	5.839
0	5.839
0	5.839
0	5.839
0	5.839
0	5.839
0	5.839
0	5.839
0	5.839
0	5.839
0	5.839
0	5.839
0	5.839
0	5.839
0	5.839
0	5.839
0	5.839
0	5.839
0	5.839
0	5.839
0	5.839
0	5.839
0	5.835
0	5.83
0	5.828
0	5.825
0	5.824
0	5.818
0	5.815
0	5.811
0	5.808
0	5.806
0	5.802
0	5.8
0	5.796
0	5.795
0	5.791
0	5.789
0	5.788
0	5.787
0	5.783
0	5.78
0	5.777
0	5.775
0	5.776
0	5.772
0	5.771
0	5.77
0	5.77
0	5.77
0	5.77
0	5.77
0	5.77
0	5.77
0	5.77
0	5.77
0	5.77
0	5.77
0	5.77
0	5.77
0	5.77
0	5.77
0	5.77
0	5.77
0	5.77
0	5.77
0	5.77
0	5.77
0	5.77
0	5.77
0	5.77
0	5.77
0	5.77
0	5.758
0	5.755
0	5.753
0	5.747
0	5.744
0	5.741
0	5.738
0	5.734
0	5.732
0	5.726
0	5.722
0	5.72
0	5.717
0	5.716
0	5.713
0	5.71
0	5.707
0	5.701
0	5.7
0	5.697
0	5.695
0	5.694
0	5.692
0	5.692
0	5.687
0	5.683
0	5.68
0	5.679
0	5.676
0	5.673
0	5.671
0	5.67
0	5.668
0	5.667
0	5.667
0	5.667
0	5.667
0	5.667
0	5.667
0	5.667
0	5.667
0	5.667
0	5.667
0	5.667
0	5.655
0	5.654
0	5.653
0	5.651
0	5.649
0	5.644
0	5.642
0	5.639
0	5.636
0	5.633
0	5.632
0	5.618
0	5.618
0	5.618
0	5.618
0	5.618
0	5.618
0	5.618
0	5.618
0	5.618
0	5.618
0	5.618
0	5.618
0	5.618
0	5.618
0	5.618
0	5.618
0	5.618
0	5.618
0	5.618
0	5.618
0	5.618
0	5.618
0	5.618
0	5.618
0	5.618
0	5.618
0	5.618
0	5.618
0	5.618
0	5.618
0	5.618
0	5.618
0	5.618
0	5.618
0	5.618
0	5.618
0	5.618
0	5.618
0	5.618
0	5.618
0	5.618
0	5.618
0	5.618
0	5.618
0	5.618
0	5.618
0	5.618
0	5.618
0	5.618
0	5.618
0	5.618
0	5.618
0	5.618
0	5.618
0	5.618
0	5.618
0	5.618
0	5.618
0	5.618
0	5.618
0	5.618
0	5.618
0	5.618
0	5.618
0	5.618
0	5.618
0	5.614
0	5.61
0	5.609
0	5.607
0	5.605
0	5.601
0	5.598
0	5.597
0	5.577
0	5.574
0	5.572
0	5.568
0	5.567
0	5.564
0	5.563
0	5.561
0	5.56
0	5.557
0	5.555
0	5.553
0	5.55
0	5.549
0	5.546
0	5.544
0	5.543
0	5.537
0	5.533
0	5.531
0	5.528
0	5.527
0	5.524
0	5.525
0	5.519
0	5.516
0	5.513
0	5.512
0	5.509
0	5.507
0	5.505
0	5.502
0	5.5
0	5.497
0	5.492
0	5.492
0	5.488
0	5.488
0	5.483
0	5.479
0	5.478
0	5.476
0	5.473
0	5.468
0	5.463
0	5.463
0	5.46
0	5.458
0	5.455
0	5.453
0	5.453
0	5.453
0	5.453
0	5.433
0	5.43
0	5.427
0	5.423
0	5.42
0	5.417
0	5.415
0	5.414
0	5.414
0	5.397
0	5.394
0	5.39
0	5.386
0	5.383
0	5.381
0	5.382
0	5.378
0	5.377
0	5.373
0	5.371
0	5.367
0	5.364
0	5.361
0	5.358
0	5.356
0	5.353
0	5.351
0	5.349
0	5.346
0	5.345
0	5.345
0	5.344
0	5.327
0	5.326
0	5.323
0	5.319
0	5.317
0	5.316
0	5.314
0	5.313
0	5.309
0	5.307
0	5.306
0	5.302
0	5.301
0	5.298
0	5.296
0	5.295
0	5.293
0	5.291
0	5.291
0	5.264
0	5.264
0	5.262
0	5.26
0	5.258
0	5.256
0	5.253
0	5.25
0	5.247
0	5.246
0	5.245
0	5.241
0	5.236
0	5.235
0	5.231
0	5.232
0	5.231
0	5.229
0	5.226
0	5.223
0	5.222
0	5.22
0	5.22
0	5.217
0	5.215
0	5.214
0	5.211
0	5.211
0	5.206
0	5.205
0	5.202
0	5.201
0	5.201
0	5.201
0	5.193
0	5.193
0	5.189
0	5.186
0	5.182
0	5.179
0	5.179
0	5.179
0	5.177
0	5.172
0	5.171
0	5.17
0	5.167
0	5.166
0	5.165
0	5.163
0	5.161
0	5.159
0	5.158
0	5.158
0	5.155
0	5.152
0	5.15
0	5.148
0	5.146
0	5.145
0	5.143
0	5.142
0	5.14
0	5.138
0	5.135
0	5.133
0	5.133
0	5.131
0	5.127
0	5.126
0	5.122
0	5.12
0	5.116
0	5.115
0	5.113
0	5.111
0	5.111
0	5.11
0	5.108
0	5.107
0	5.104
0	5.101
0	5.099
0	5.1
0	5.1
0	5.1
0	5.1
0	5.082
0	5.08
0	5.076
0	5.071
0	5.07
0	5.07
0	5.052
0	5.05
0	5.048
0	5.045
0	5.043
0	5.035
0	5.035
0	5.035
0	5.034
0	5.029
0	5.026
0	5.026
0	5.021
0	5.02
0	5.017
0	5.016
0	5.015
0	5.013
0	5.009
0	5.006
0	5.003
0	5.003
0	5.003
0	4.996
0	4.995
0	4.993
0	4.991
0	4.989
0	4.985
0	4.983
0	4.982
0	4.981
0	4.981
0	4.977
0	4.976
0	4.975
0	4.973
0	4.969
0	4.969
0	4.968
0	4.964
0	4.965
0	4.963
0	4.964
0	4.96
0	4.957
0	4.954
0	4.954
0	4.954
0	4.934
0	4.933
0	4.931
0	4.929
0	4.928
0	4.927
0	4.927
0	4.902
0	4.901
0	4.899
0	4.899
0	4.899
0	4.897
0	4.895
0	4.894
0	4.893
0	4.882
0	4.881
0	4.879
0	4.878
0	4.877
0	4.876
0	4.873
0	4.874
0	4.872
0	4.871
0	4.869
0	4.867
0	4.865
0	4.864
0	4.864
0	4.861
0	4.86
0	4.86
0	4.85
0	4.85
0	4.85
0	4.847
0	4.846
0	4.845
0	4.843
0	4.842
0	4.838
0	4.837
0	4.837
0	4.837
0	4.819
0	4.818
0	4.816
0	4.815
0	4.815
0	4.812
0	4.812
0	4.811
0	4.81
0	4.809
0	4.806
0	4.806
0	4.805
0	4.805
0	4.804
0	4.804
0	4.804
0	4.798
0	4.797
0	4.797
0	4.797
0	4.796
0	4.795
0	4.794
0	4.791
0	4.79
0	4.79
0	4.784
0	4.782
0	4.78
0	4.777
0	4.775
0	4.771
0	4.769
0	4.768
0	4.766
0	4.767
0	4.767
0	4.764
0	4.764
0	4.762
0	4.76
0	4.759
0	4.757
0	4.754
0	4.753
0	4.752
0	4.751
0	4.751
0	4.735
0	4.733
0	4.733
0	4.731
0	4.728
0	4.728
0	4.728
0	4.718
0	4.718
0	4.715
0	4.713
0	4.713
0	4.712
0	4.711
0	4.709
0	4.707
0	4.705
0	4.705
0	4.704
0	4.699
0	4.689
0	4.688
0	4.688
0	4.687
0	4.685
0	4.683
0	4.681
0	4.682
0	4.681
0	4.679
0	4.677
0	4.674
0	4.673
0	4.673
0	4.671
0	4.67
0	4.67
0	4.658
0	4.656
0	4.655
0	4.653
0	4.653
0	4.653
0	4.636
0	4.635
0	4.634
0	4.632
0	4.632
0	4.63
0	4.628
0	4.626
0	4.625
0	4.624
0	4.624
0	4.621
0	4.62
0	4.62
0	4.617
0	4.615
0	4.613
0	4.612
0	4.61
0	4.607
0	4.606
0	4.603
0	4.603
0	4.602
0	4.602
0	4.6
0	4.6
0	4.6
0	4.6
0	4.596
0	4.593
0	4.592
0	4.59
0	4.589
0	4.588
0	4.586
0	4.585
0	4.583
0	4.58
0	4.58
0	4.579
0	4.579
0	4.577
0	4.575
0	4.574
0	4.571
0	4.568
0	4.567
0	4.565
0	4.564
0	4.561
0	4.561
0	4.557
0	4.557
0	4.555
0	4.555
0	4.554
0	4.552
0	4.549
0	4.549
0	4.549
0	4.545
0	4.544
0	4.543
0	4.541
0	4.539
0	4.539
0	4.537
0	4.536
0	4.534
0	4.533
0	4.533
0	4.533
0	4.529
0	4.528
0	4.528
0	4.526
0	4.525
0	4.523
0	4.522
0	4.52
0	4.52
0	4.519
0	4.519
0	4.516
0	4.514
0	4.514
0	4.511
0	4.509
0	4.51
0	4.509
0	4.507
0	4.505
0	4.505
0	4.503
0	4.501
0	4.499
0	4.499
0	4.499
0	4.497
0	4.497
0	4.494
0	4.494
0	4.492
0	4.493
0	4.482
0	4.481
0	4.48
0	4.479
0	4.479
0	4.476
0	4.475
0	4.475
0	4.462
0	4.46
0	4.459
0	4.457
0	4.456
0	4.454
0	4.45
0	4.448
0	4.444
0	4.444
0	4.442
0	4.441
0	4.44
0	4.44
0	4.44
0	4.423
0	4.422
0	4.421
0	4.421
0	4.42
0	4.419
0	4.418
0	4.417
0	4.417
0	4.414
0	4.413
0	4.411
0	4.41
0	4.409
0	4.409
0	4.408
0	4.405
0	4.403
0	4.401
0	4.402
0	4.399
0	4.399
0	4.4
0	4.399
0	4.398
0	4.398
0	4.398
0	4.395
0	4.393
0	4.393
0	4.391
0	4.391
0	4.39
0	4.387
0	4.385
0	4.384
0	4.384
0	4.384
0	4.381
0	4.379
0	4.378
0	4.377
0	4.375
0	4.374
0	4.373
0	4.372
0	4.372
0	4.371
0	4.37
0	4.37
0	4.368
0	4.367
0	4.365
0	4.363
0	4.362
0	4.362
0	4.362
0	4.353
0	4.353
0	4.351
0	4.351
0	4.349
0	4.347
0	4.349
0	4.347
0	4.346
0	4.337
0	4.334
0	4.334
0	4.331
0	4.332
0	4.329
0	4.321
0	4.322
0	4.323
0	4.321
0	4.32
0	4.319
0	4.317
0	4.317
0	4.315
0	4.315
0	4.314
0	4.313
0	4.312
0	4.31
0	4.309
0	4.31
0	4.309
0	4.309
0	4.308
0	4.308
0	4.296
0	4.294
0	4.294
0	4.293
0	4.293
0	4.293
0	4.293
0	4.293
0	4.293
0	4.293
0	4.293
0	4.292
0	4.291
0	4.289
0	4.288
0	4.288
0	4.286
0	4.285
0	4.285
0	4.284
0	4.27
0	4.269
0	4.268
0	4.266
0	4.265
0	4.264
0	4.263
0	4.262
0	4.262
0	4.259
0	4.26
0	4.258
0	4.257
0	4.256
0	4.254
0	4.252
0	4.251
0	4.25
0	4.248
0	4.246
0	4.247
0	4.246
0	4.239
0	4.236
0	4.235
0	4.235
0	4.234
0	4.234
0	4.234
0	4.232
0	4.214
0	4.212
0	4.211
0	4.21
0	4.209
0	4.207
0	4.206
0	4.204
0	4.204
0	4.202
0	4.202
0	4.2
0	4.2
0	4.2
0	4.199
0	4.198
0	4.196
0	4.197
0	4.195
0	4.195
0	4.194
0	4.193
0	4.193
0	4.193
0	4.193
0	4.177
0	4.175
0	4.174
0	4.173
0	4.171
0	4.169
0	4.168
0	4.167
0	4.167
0	4.167
0	4.165
0	4.165
0	4.164
0	4.163
0	4.162
0	4.161
0	4.16
0	4.159
0	4.158
0	4.155
0	4.156
0	4.156
0	4.156
0	4.153
0	4.142
0	4.142
0	4.141
0	4.141
0	4.13
0	4.129
0	4.129
0	4.129
0	4.128
0	4.126
0	4.126
0	4.125
0	4.123
0	4.123
0	4.123
0	4.123
0	4.123
0	4.123
0	4.123
0	4.123
0	4.123
0	4.123
0	4.123
0	4.123
0	4.123
0	4.123
0	4.123
0	4.123
0	4.123
0	4.123
0	4.123
0	4.123
0	4.123
0	4.123
0	4.123
0	4.123
0	4.123
0	4.123
0	4.123
0	4.123
0	4.123
0	4.123
0	4.123
0	4.123
0	4.123
0	4.123
0	4.123
0	4.123
0	4.123
0	4.123
0	4.123
0	4.123
0	4.123
0	4.123
0	4.123
0	4.123
0	4.123
0	4.123
0	4.123
0	4.123
0	4.123
0	4.123
0	4.123
0	4.123
0	4.123
0	4.123
0	4.123
0	4.123
0	4.123
0	4.123
0	4.123
0	4.123
0	4.123
0	4.123
0	4.123
0	4.123
0	4.123
0	4.123
0	4.123
0	4.123
0	4.123
0	4.123
0	4.123
0	4.123
0	4.123
0	4.123
0	4.123
0	4.123
0	4.123
0	4.123
0	4.123
0	4.123
0	4.123
0	4.123
0	4.123
0	4.123
0	4.123
0	4.123
0	4.123
0	4.123
0	4.123
0	4.123
0	4.123
0	4.123
0	4.123
0	4.123
0	4.123
0	4.123
0	4.123
0	4.123
0	4.123
0	4.123
0	4.123
0	4.123
0	4.123
0	4.123
0	4.123
0	4.123
0	4.123
0	4.123
0	4.123
0	4.123
0	4.123
0	4.123
0	4.123
0	4.123
0	4.123
0	4.123
0	4.123
0	4.123
0	4.123
0	4.123
0	4.123
0	4.123
0	4.123
0	4.123
0	4.123
0	4.123
0	4.123
0	4.123
0	4.123
0	4.123
0	4.123
0	4.123
0	4.123
0	4.123
0	4.123
0	4.123
0	4.123
0	4.123
0	4.123
0	4.123
0	4.123
0	4.123
0	4.123
0	4.123
0	4.123
0	4.123
0	4.123
0	4.123
0	4.123
0	4.123
0	4.123
0	4.123
0	4.123
0	4.123
0	4.123
0	4.123
0	4.123
0	4.123
0	4.123
0	4.123
0	4.123
0	4.123
0	4.123
0	4.123
0	4.123
0	4.123
0	4.123
0	4.123
0	4.123
0	4.123
0	4.123
0	4.123
0	4.123
0	4.123
0	4.123
0	4.123
0	4.123
0	4.123
0	4.123
0	4.123
0	4.123
0	4.123
0	4.123
0	4.123
0	4.123
0	4.123
0	4.123
0	4.123
0	4.123
0	4.123
0	4.123
0	4.123
0	4.123
0	4.123
0	4.123
0	4.123
0	4.123
0	4.123
0	4.123
0	4.123
0	4.123
0	4.123
0	4.123
0	4.123
0	4.123
0	4.123
0	4.123
0	4.123
0	4.123
0	4.123
0	4.123
0	4.123
0	4.123
0	4.123
0	4.123
0	4.123
0	4.123
0	4.123
0	4.123
0	4.123
0	4.123
0	4.123
0	4.123
0	4.123
0	4.123
0	4.123
0	4.123
0	4.123
0	4.123
0	4.123
0	4.123
0	4.123
0	4.123
0	4.123
0	4.123
0	4.123
0	4.123
0	4.123
0	4.123
0	4.123
0	4.123
0	4.123
0	4.123
0	4.123
0	4.123
0	4.123
0	4.123
0	4.123
0	4.123
0	4.123
0	4.123
0	4.123
0	4.123
0	4.123
0	4.123
0	4.123
0	4.123
0	4.123
0	4.123
0	4.123
0	4.123
0	4.123
0	4.123
0	4.123
0	4.123
0	4.123
0	4.123
0	4.123
0	4.123
0	4.123
0	4.123
0	4.123
0	4.123
0	4.123
0	4.123
0	4.123
0	4.123
0	4.123
0	4.123
0	4.123
0	4.123
0	4.123
0	4.123
0	4.123
0	4.123
0	4.123
0	4.123
0	4.123
0	4.123
0	4.123
0	4.123
0	4.123
0	4.123
0	4.123
