# round trips	 doserror
0	8834
0	9930
0	6737
0	6579
0	4620
0	5172
0	3960
0	4006
0	4071
0	2593
0	2087
0	2959
0	1867
0	2064
0	1040
0	1337
0	899.3
0	1424
0	919.9
0	979.5
0	601.8
0	461.6
0	844.2
0	678.9
0	784.1
0	595.3
0	399.4
0	524.5
0	312.3
0	381.5
0	334.9
0	356.5
0	298.9
0	364.7
0	318
0	305.1
0	207.6
0	263.4
0	285
0	299.1
0	222.3
0	224
0	250.4
0	221.3
0	227.3
0	204.4
0	223.5
0	98.51
0	98.51
0	98.51
0	240.7
0	114.8
0	88.66
0	216.5
0	130.4
0	163.8
0	174
0	144.1
0	160.3
0	148.8
0	137.8
0	171.6
0	98.56
0	42.81
0	151.5
0	76.31
0	128.9
0	91.46
0	101.2
0	111.6
0	123.6
0	104.7
0	49.56
0	104.6
0	96.13
0	71.23
0	68.86
0	78.78
0	52.21
0	52.21
0	52.21
0	42.41
0	110.1
0	56.57
0	28.32
0	66.51
0	84.06
0	66.15
0	16.39
0	87.31
0	40.4
0	84.96
0	53.1
0	11.28
0	19.14
0	32.95
0	55.34
0	13.81
0	62.01
0	82.8
0	46.55
0	32.27
0	48.72
0	48.72
0	68.58
0	26.44
0	71.01
0	83.74
0	40.42
0	40.92
0	46.51
0	65.51
0	41.5
0	51.12
0	65.9
0	13.45
0	41.64
0	57.9
0	28.69
0	14
0	23.28
0	14.81
0	80.17
0	27.75
0	43.43
0	57.04
0	2.669
0	24.74
0	29.03
0	27.25
0	4.056
0	4.056
0	4.056
0	34.43
0	32.61
0	-1.141
0	29.53
0	34.63
0	29.25
0	44.55
0	30.79
0	26.55
0	10.72
0	-1.272
0	22.28
0	-5.416
0	23.27
0	66.1
0	22.14
0	17.59
0	10.95
0	18.51
0	16.31
0	7.916
0	15.23
0	27.92
0	16.01
0	49.35
0	46.99
0	-0.8526
0	22.18
0	45.37
0	67.76
0	33.75
0	18.09
0	25.48
0	23.4
0	34.95
0	16.77
0	17.23
0	42.26
0	-8.332
0	37.28
0	33.75
0	8.834
0	4.488
0	28.14
0	12.45
0	26.17
0	16.15
0	-5.077
0	15.41
0	12.77
0	39.1
0	39.1
0	39.1
0	39.1
0	24.49
0	15.93
0	23.39
0	23.39
0	23.39
0	16.16
0	18.75
0	12.26
0	16.75
0	-4.346
0	35.17
0	14.98
0	-4.58
0	17.89
0	20.18
0	6.759
0	16.64
0	15.26
0	13.32
0	25.81
0	13.12
0	23.14
0	1.595
0	16.64
0	4.417
0	3.448
0	-0.2665
0	-1.39
0	2.895
0	12.94
0	25.16
0	14.67
0	-1.004
0	13.29
0	9.752
0	15.38
0	16.97
0	16.97
0	16.97
0	16.97
0	16.97
0	16.97
0	16.97
0	16.97
0	16.97
0	16.97
0	11.4
0	17.2
0	2.307
0	6.022
0	23.4
0	30.15
0	30.15
0	17.95
0	-8.937
0	-4.054
0	11.66
0	17.93
0	11.28
0	-10.19
0	12.1
0	10.89
0	7.592
0	24.76
0	23.56
0	15.26
0	12.03
0	10.81
0	18.36
0	21.07
0	14.18
0	15.04
0	17.84
0	15.18
0	3.931
0	12.5
0	-4.391
0	0.8816
0	16.71
0	-1.168
0	9.412
0	10.31
0	6.894
0	17.76
0	-2.882
0	7.245
0	13.35
0	10.02
0	4.646
0	30.07
0	0.931
0	17.77
0	14.04
0	16.54
0	7.972
0	14.59
0	18.07
0	8.618
0	7.957
0	-6.959
0	6.05
0	6.675
0	-3.518
0	9.224
0	-7.435
0	18.92
0	-6.665
0	17.12
0	3.514
0	10.27
0	21.65
0	20.91
0	6.52
0	11.53
0	15.78
0	4.482
0	9.318
0	19.43
0	8.71
0	-4.009
0	-3.818
0	13.26
0	9.279
0	8.407
0	9.057
0	1.414
0	9.886
0	3.042
0	-4.597
0	18.37
0	7.376
0	4.618
0	9.685
0	15.95
0	7.106
0	1.199
0	18.33
0	0.7683
0	11.96
0	-3.429
0	9.67
0	-0.4806
0	-6.46
0	15.85
0	7.934
0	9.718
0	12.13
0	6.381
0	-1.671
0	8.445
0	2.074
0	1.032
0	1.787
0	-1.04
0	0.2574
0	9.519
0	15.16
0	12.01
0	-1.726
0	33.33
0	14.12
0	18.28
0	8.532
0	19.37
0	16.52
0	23.43
0	4.341
0	15.1
0	9.231
0	17.67
0	25.42
0	14.12
0	12.42
0	14.28
0	0.2442
0	12.49
0	16.89
0	-3.978
0	12.37
0	17.34
0	9.489
0	9.489
0	9.489
0	9.489
0	9.489
0	9.489
0	9.489
0	10.72
0	2.848
0	8.704
0	3.067
0	8.76
0	0.6601
0	13.31
0	17.94
0	-4.759
0	2.226
0	7.402
0	11.39
0	-4.983
0	5.371
0	2.067
0	23.36
0	1.627
0	8.509
0	-11.82
0	1.215
0	11.42
0	-7.03
0	2.753
0	3.553
0	17.7
0	-1.521
0	1.501
0	7.841
0	16.62
0	4.213
0	4.213
0	4.213
0	4.213
0	7.957
0	10.34
0	8.696
0	14.98
0	3.614
0	10.18
0	6.563
0	8.116
0	4.913
0	11.39
0	7.653
0	1.559
0	7.556
0	7.556
0	7.556
0	7.556
0	16.34
0	9.79
0	7.464
0	12.98
0	8.202
0	-4.782
0	10.4
0	9.542
0	3.571
0	-3.056
0	0.1896
0	-1.676
0	-1.917
0	7.211
0	-4.481
0	-7.063
0	-6.821
0	-5.8
0	13.95
0	-2.061
0	3.066
0	4.405
0	-0.3711
0	25.3
0	25.01
0	9.306
0	7.397
0	12.32
0	4.006
0	15.81
0	2.351
0	16.14
0	14.32
0	7.67
0	4.896
0	-2.301
0	9.508
0	10.43
0	-0.9395
0	13.28
0	10.55
0	5.125
0	18.11
0	1.405
0	9.744
0	9.447
0	10.4
0	15.26
0	4.335
0	9.861
0	12.09
0	14.75
0	1.414
0	10.96
0	15.28
0	3.339
0	9.946
0	8.5
0	17.27
0	6.858
0	9.829
0	10.9
0	1.954
0	-7.928
0	5.622
0	1.18
0	6.073
0	3.909
0	6.195
0	10.96
0	8.099
0	10.24
0	3.301
0	6.526
0	9.575
0	-4.125
0	6.994
0	14.23
0	-1.213
0	5.548
0	14.53
0	6.821
0	14.8
0	8.281
0	-9.333
0	6.305
0	6.915
0	4.63
0	10.38
0	3.312
0	4.847
0	10.44
0	10.54
0	3.568
0	0.9136
0	-5.421
0	-0.4235
0	-3.38
0	15.15
0	-0.9702
0	9.277
0	6.419
0	8.92
0	4.074
0	5.514
0	7.937
0	6.509
0	8.578
0	4.643
0	2.66
0	7.316
0	10.11
0	5.813
0	7.275
0	9.644
0	4.637
0	5.37
0	5.685
0	18.9
0	0.8024
0	3.682
0	8.661
0	4.834
0	2.477
0	6.489
0	14.15
0	14.53
0	-0.7451
0	0.578
0	13.88
0	7.561
0	7.409
0	10.08
0	7.493
0	-2.827
0	12.24
0	1.152
0	8.966
0	2.123
0	5.874
0	-2.709
0	11.15
0	7.569
0	7.569
0	7.569
0	3.736
0	13.66
0	12.38
0	3.535
0	0.1779
0	7.856
0	5.91
0	15.11
0	15.81
0	5.58
0	5.512
0	-3.423
0	6.377
0	7.888
0	10.78
0	8.864
0	-2.959
0	9.052
0	9.925
0	-2.106
0	9.607
0	6.035
0	-2.734
0	-2.26
0	2.947
0	9.832
0	1.527
0	3.703
0	4.306
0	15.13
0	-0.3722
0	5.452
0	1.05
0	15.23
0	6.791
0	5.857
0	3.857
0	3.587
0	-2.937
0	5.583
0	4.678
0	4.978
0	4.735
0	7.983
0	10.55
0	2.596
0	8.494
0	6.666
0	6.666
0	3.481
0	9.038
0	1.522
0	8.278
0	11.27
0	11.42
0	7.632
0	1.46
0	-1.145
0	6.214
0	2.777
0	11.96
0	1.481
0	6.089
0	1.928
0	4.026
0	4.827
0	11.62
0	3.273
0	10.74
0	4.739
0	4.739
0	4.739
0	4.739
0	4.739
0	4.739
0	4.739
0	4.739
0	4.739
0	4.739
0	4.739
0	4.739
0	4.739
0	4.739
0	4.739
0	4.739
0	4.739
0	4.739
0	4.739
0	4.739
0	4.739
0	4.739
0	4.739
0	4.739
0	4.739
0	4.739
0	4.739
0	4.739
0	4.739
0	4.739
0	4.739
0	4.739
0	4.739
0	4.739
0	4.739
0	4.739
0	4.739
0	4.739
0	4.739
0	4.739
0	4.739
0	4.739
0	4.739
0	4.739
0	4.739
0	4.739
0	4.739
0	4.739
0	4.739
0	4.739
0	4.739
0	4.739
0	4.739
0	4.739
0	4.739
0	4.739
0	4.739
0	4.739
0	4.739
0	4.739
0	4.739
0	4.739
0	4.739
0	4.739
0	4.739
0	4.739
0	4.739
0	4.739
0	4.739
0	4.739
0	4.739
0	4.739
0	4.739
0	4.739
0	4.739
0	4.739
0	4.739
0	4.739
0	4.739
0	4.739
0	4.739
0	4.739
0	4.739
0	4.739
0	4.739
0	4.739
0	4.739
0	4.739
0	4.739
0	4.739
0	4.739
0	4.739
0	4.739
0	4.739
0	4.739
0	4.739
0	4.739
0	4.739
0	4.739
0	4.739
0	4.739
0	4.739
0	4.739
0	4.739
0	4.739
0	4.739
0	4.739
0	4.739
0	4.739
0	-2.098
0	2.032
0	5.468
0	6.978
0	3.514
0	2.343
0	7.628
0	11.13
0	8.578
0	4.146
0	11
0	7.674
0	18.52
0	4.116
0	5.527
0	14.47
0	0.4889
0	6.245
0	0.3491
0	5.604
0	6.723
0	7.369
0	-0.2957
0	4.401
0	4.511
0	4.544
0	-0.7437
0	4.364
0	6.231
0	-3.615
0	3.031
0	5.42
0	2.856
0	2.562
0	-4.956
0	6.123
0	-0.8121
0	7.9
0	8.863
0	4.239
0	5.301
0	4.812
0	8.612
0	-0.5115
0	5.31
0	3.761
0	7.556
0	2.571
0	1.87
0	5.735
0	1.074
0	1.414
0	14.07
0	4.979
0	3.294
0	1.776
0	7.298
0	3.977
0	4.075
0	5.994
0	6.95
0	3.911
0	-0.5152
0	9.874
0	6.114
0	10.43
0	-1.654
0	14.65
0	7.61
0	7.61
0	7.61
0	7.61
0	7.61
0	7.61
0	7.61
0	7.61
0	2.279
0	1.86
0	0.6349
0	9.003
0	-1.304
0	3.706
0	4.286
0	4.931
0	1.727
0	1.875
0	3.844
0	1.461
0	1.566
0	2.717
0	4.651
0	2.709
0	3.431
0	5.062
0	6.745
0	2.608
0	5.701
0	4.585
0	-1.302
0	3.806
0	1.923
0	5.753
0	7.281
0	7.281
0	7.281
0	5.24
0	1.68
0	6.625
0	3.634
0	8.98
0	1.445
0	5.829
0	4.282
0	9.334
0	0.5502
0	-2.814
0	2.387
0	2.216
0	-0.9116
0	7.461
0	-2.843
0	-1.592
0	0.03597
0	2.433
0	11.58
0	1.56
0	4.61
0	7.821
0	5.729
0	6.167
0	10.03
0	10.21
0	6.666
0	2.58
0	3.428
0	4.277
0	6.993
0	-0.4482
0	3.023
0	4.338
0	2.384
0	-1.536
0	9.189
0	9.451
0	1.625
0	2.494
0	10.65
0	7.974
0	-2.421
0	-4.469
0	5.922
0	10.37
0	0.3445
0	6.633
0	5.486
0	4.227
0	3.281
0	7.016
0	0.4534
0	9.816
0	1.311
0	12.64
0	-1.468
0	-0.8181
0	1.464
0	1.464
0	1.464
0	1.464
0	2.284
0	6.167
0	2.674
0	4.927
0	8.732
0	3.094
0	2.348
0	-1.085
0	4.642
0	9.077
0	6.843
0	4.893
0	2.397
0	13.47
0	6.121
0	2.313
0	9.744
0	9.454
0	-3.858
0	3.639
0	5.44
0	5.643
0	9.729
0	-2.516
0	6.261
0	7.057
0	8.221
0	2.924
0	6.234
0	7.514
0	-1.055
0	2.07
0	8.127
0	1.558
0	-0.2036
0	7.924
0	4.791
0	7.582
0	6.642
0	6.154
0	4.145
0	5.144
0	1.543
0	8.051
0	10
0	11.99
0	7.404
0	3.699
0	4.417
0	4.997
0	2.79
0	-0.02795
0	6.808
0	0.7065
0	3.669
0	6.148
0	5.652
0	6.199
0	7.135
0	1.174
0	0.9705
0	4.05
0	6.966
0	2.807
0	11.02
0	-4.055
0	4.157
0	4.56
0	2.054
0	1.21
0	4.043
0	10.54
0	5.475
0	4.082
0	2.602
0	-0.6327
0	1.834
0	-3.891
0	-2.302
0	9.015
0	2.212
0	-1.163
0	0.9897
0	6.28
0	-3.082
0	2.177
0	3.302
0	4.345
0	2.34
0	2.908
0	3.52
0	6.197
0	7.11
0	3.884
0	1.882
0	4.197
0	8.606
0	5.809
0	6.136
0	9.803
0	7.229
0	0.9174
0	0.4955
0	-0.3611
0	5.663
0	4.366
0	5.851
0	2.661
0	1.683
0	5.484
0	8.927
0	6.217
0	2.333
0	2.85
0	9.452
0	6.64
0	3.044
0	-4.043
0	3.74
0	9.362
0	-0.3929
0	3.849
0	3.674
0	4.776
0	4.317
0	0.01481
0	8.825
0	4.364
0	2.707
0	-1.269
0	6.117
0	5.637
0	2.099
0	4.225
0	-0.2365
0	4.828
0	2.652
0	0.6438
0	6.337
0	9.316
0	-1.282
0	4.953
0	1.133
0	4.565
0	7.991
0	3.894
0	4.149
0	5.62
0	3.603
0	8.435
0	2.106
0	2.996
0	7.346
0	7.344
0	2.948
0	4.178
0	6.242
0	0.3511
0	1.518
0	4.181
0	7.117
0	3.356
0	0.9837
0	4.53
0	3.985
0	9.95
0	-0.238
0	6.998
0	5.159
0	-0.405
0	2.946
0	6.522
0	3.35
0	0.5533
0	0.3612
0	0.04608
0	0.1893
0	0.1893
0	7.497
0	3.251
0	4.177
0	-1.344
0	-0.6153
0	3.871
0	6.628
0	0.6301
0	3.753
0	0.904
0	6.956
0	0.8601
0	2.052
0	2.25
0	7.546
0	3.593
0	7.272
0	1.427
0	3.852
0	2.322
0	7.356
0	3.769
0	-0.6376
0	7.964
0	0.128
0	2.399
0	-0.1272
0	8.205
0	4.222
0	1.06
0	3.648
0	6.987
0	-0.4904
0	7.344
0	5.391
0	7.808
0	-0.1608
0	-2.57
0	-0.6456
0	3.67
0	3.67
0	3.67
0	3.67
0	3.67
0	3.67
0	3.67
0	3.67
0	3.67
0	3.67
0	3.67
0	3.67
0	3.67
0	3.67
0	3.67
0	3.67
0	3.67
0	3.67
0	3.67
0	3.67
0	3.67
0	3.67
0	3.67
0	3.67
0	3.67
0	3.67
0	3.67
0	3.67
0	3.67
0	3.67
0	3.67
0	3.67
0	3.67
0	3.67
0	3.67
0	3.67
0	3.67
0	3.67
0	3.67
0	3.67
0	3.67
0	3.67
0	3.67
0	3.67
0	3.67
0	3.67
0	3.67
0	3.67
0	3.67
0	2.461
0	6.044
0	7.4
0	1.153
0	2.401
0	2.397
0	2.397
0	2.397
0	2.397
0	2.397
0	2.397
0	2.397
0	2.397
0	2.397
0	2.397
0	2.397
0	2.397
0	1.878
0	8.219
0	9.021
0	1.137
0	3.845
0	10.69
0	4.082
0	2.306
0	2.474
0	6.428
0	4.108
0	7.344
0	4.094
0	2.498
0	5.551
0	2.346
0	1.077
0	4.63
0	4.63
0	4.63
0	4.63
0	4.63
0	4.63
0	4.63
0	4.63
0	4.63
0	4.63
0	4.63
0	4.63
0	4.63
0	4.63
0	4.63
0	4.63
0	4.63
0	4.63
0	4.63
0	4.63
0	4.63
0	4.63
0	4.63
0	4.63
0	4.63
0	4.63
0	4.63
0	4.63
0	4.63
0	4.63
0	4.63
0	4.63
0	4.63
0	4.63
0	4.63
0	4.63
0	4.63
0	4.628
0	4.628
0	4.628
0	4.628
0	2.384
0	0.4089
0	2.427
0	-2.525
0	3.747
0	0.8958
0	3.04
0	0.3258
0	-2.586
0	-0.1648
0	3.674
0	0.7031
0	0.8599
0	5.006
0	2.763
0	8.216
0	6.138
0	8.523
0	8.799
0	6.914
0	5.766
0	6.032
0	8.495
0	0.3818
0	1.953
0	1.199
0	1.199
0	1.199
0	1.199
0	1.199
0	1.199
0	1.199
0	1.199
0	1.199
0	1.199
0	1.199
0	1.199
0	1.199
0	1.199
0	1.199
0	1.199
0	1.199
0	1.199
0	1.199
0	1.199
0	1.199
0	1.199
0	1.199
0	1.199
0	1.199
0	1.199
0	-5.695
0	0.4813
0	4.328
0	-0.5029
0	1.145
0	3.159
0	1.114
0	5.392
0	3.11
0	0.05107
0	4.565
0	3.981
0	5.682
0	3.083
0	-1.164
0	5.001
0	5.626
0	-1.023
0	7.158
0	0.8756
0	1.91
0	0.4309
0	-0.9375
0	7.638
0	-1.727
0	4.361
0	4.137
0	3.072
0	6.381
0	-0.5256
0	3.786
0	8.711
0	11.06
0	0.8108
0	0.8108
0	0.8108
0	0.8108
0	0.8108
0	0.8108
0	0.8108
0	0.8108
0	0.8108
0	0.8108
0	0.8108
0	-4.075
0	2.677
0	0.6573
0	7.387
0	7.229
0	2.465
0	1.097
0	5.845
0	5.151
0	2.122
0	1.048
0	-7.433
0	-7.433
0	-7.433
0	-7.433
0	-7.433
0	-7.433
0	-7.433
0	-7.433
0	-7.433
0	-7.433
0	-7.433
0	-7.433
0	-7.433
0	-7.433
0	-7.433
0	-7.433
0	-7.433
0	-7.433
0	-7.433
0	-7.433
0	-7.433
0	-7.433
0	-7.433
0	-7.433
0	-7.433
0	-7.433
0	-7.433
0	-7.433
0	-7.433
0	-7.433
0	-7.433
0	-7.433
0	-7.433
0	-7.433
0	-7.433
0	-7.433
0	-7.433
0	-7.433
0	-7.433
0	-7.433
0	-7.433
0	-7.433
0	-7.433
0	-7.433
0	-7.433
0	-7.433
0	-7.433
0	-7.433
0	-7.433
0	-7.433
0	-7.433
0	-7.433
0	-7.433
0	-7.433
0	-7.433
0	-7.433
0	-7.433
0	-7.433
0	-7.433
0	-7.433
0	-7.433
0	-7.433
0	-7.433
0	-7.433
0	-7.433
0	-8.175
0	-0.2536
0	2.82
0	6.83
0	6.734
0	6.132
0	2.047
0	3.53
0	1.056
0	-4.997
0	0.9862
0	5.292
0	3.903
0	7.013
0	9.341
0	3.212
0	7.991
0	4.687
0	1.861
0	-0.3751
0	5.96
0	3.81
0	3.686
0	6.854
0	3.924
0	3.279
0	1.815
0	5.76
0	2.976
0	2.23
0	7.802
0	1.636
0	6.302
0	2.607
0	4.827
0	3.483
0	2.672
0	6.871
0	1.451
0	5.311
0	5.258
0	5.841
0	6.444
0	-1.429
0	3.027
0	-0.4535
0	11.83
0	4.777
0	-1.24
0	5.355
0	6.376
0	3.477
0	-2.844
0	2.238
0	4.974
0	0.9823
0	4.987
0	1.894
0	2.326
0	8.274
0	8.274
0	8.274
0	-8.246
0	2.309
0	0.838
0	2.839
0	2.417
0	1.789
0	4.091
0	7.88
0	7.88
0	-0.2942
0	1.567
0	3.432
0	1.924
0	4.136
0	3.559
0	9.311
0	2.835
0	3.061
0	1.079
0	-0.09756
0	2.399
0	4.894
0	2.696
0	4.781
0	0.4633
0	-0.6402
0	5.586
0	2.89
0	2.588
0	1.745
0	1.745
0	-0.3938
0	-0.8994
0	5.105
0	4.662
0	-1.65
0	8.568
0	5.608
0	4.664
0	5.866
0	3.397
0	3.122
0	7.296
0	3.23
0	5.437
0	1.534
0	4.948
0	2.987
0	5.597
0	0.4572
0	0.4572
0	-10.97
0	-8.007
0	-0.4199
0	2.714
0	4.279
0	10.07
0	2.95
0	8.64
0	7.277
0	7.031
0	-0.3936
0	1.96
0	2.624
0	8.759
0	-2.148
0	4.782
0	3.384
0	2.38
0	4.551
0	2.074
0	0.8609
0	3.669
0	9.979
0	3.09
0	8.729
0	4.735
0	2.427
0	6.407
0	4.873
0	4.132
0	2.528
0	0.3216
0	-1.892
0	-1.892
0	-2.381
0	5.847
0	3.947
0	3.222
0	5.429
0	5.75
0	5.512
0	5.512
0	3.103
0	1.212
0	3.319
0	7.562
0	1.73
0	7.192
0	5.35
0	5.877
0	2.386
0	6.115
0	-0.9884
0	-0.9884
0	0.33
0	2.961
0	2.224
0	3.531
0	3.019
0	2.118
0	4.75
0	3.288
0	4.595
0	-0.2925
0	-0.9357
0	3.658
0	4.607
0	6.077
0	1.752
0	10.24
0	0.1614
0	4.038
0	-0.2286
0	3.834
0	6.679
0	2.603
0	7.61
0	4.121
0	-1.112
0	-2.386
0	5.303
0	2.1
0	2.487
0	2.293
0	1.987
0	1.477
0	1.477
0	-3.459
0	3.435
0	0.7821
0	2.15
0	9.751
0	11.45
0	-4.461
0	-0.04492
0	2.328
0	3.58
0	4.516
0	-1.887
0	1.565
0	6.061
0	5.353
0	-0.4977
0	1.82
0	-0.5261
0	1.141
0	5.157
0	5.651
0	5.45
0	2.522
0	-0.3951
0	1.636
0	1.845
0	-2.491
0	7.366
0	2.69
0	-0.7011
0	7.641
0	4.037
0	0.8366
0	0.8326
0	1.265
0	0.8341
0	6.922
0	5.293
0	7.355
0	1.931
0	0.9565
0	6.125
0	1.431
0	2.964
0	5.743
0	1.736
0	-0.0804
0	7.456
0	4.64
0	2.749
0	0.1138
0	-0.2403
0	0.7069
0	1.805
0	1.805
0	-6.168
0	-2.775
0	5.448
0	1.361
0	2.867
0	0.7058
0	0.6004
0	-9.464
0	-0.8895
0	3.293
0	8.059
0	4.091
0	5.445
0	3.549
0	4.972
0	0.7486
0	-5.761
0	1.412
0	3.826
0	8.907
0	-0.4686
0	-0.8328
0	1.269
0	3.884
0	2.265
0	1.621
0	4.551
0	1.057
0	1.51
0	3.022
0	4.445
0	2.409
0	-0.08166
0	-0.08166
0	1.756
0	5.257
0	5.528
0	1.594
0	0.5391
0	7.251
0	1.469
0	4.787
0	2.604
0	4.907
0	4.958
0	4.182
0	-0.07976
0	4.157
0	5.125
0	6.797
0	2.93
0	0.2222
0	4.677
0	1.366
0	4.614
0	8.62
0	3.616
0	6.257
0	5.631
0	9.957
0	2.452
0	3.275
0	3.275
0	3.361
0	3.274
0	3.006
0	5.164
0	6.557
0	2.61
0	9.16
0	4.469
0	8.226
0	5.393
0	-0.7001
0	5.596
0	2.081
0	1.577
0	3.139
0	2.201
0	3.284
0	4.661
0	1.887
0	2.821
0	12.41
0	0.8145
0	3.067
0	5.094
0	2.869
0	6.548
0	5.281
0	3.895
0	6.659
0	3.854
0	2.382
0	2.382
0	-7.036
0	-0.4619
0	3.321
0	2.819
0	3.351
0	5.339
0	5.339
0	-2.39
0	5.011
0	-1.595
0	-0.4702
0	8.954
0	4.64
0	0.6851
0	7.916
0	4.143
0	6.611
0	1.934
0	3.475
0	-0.5903
0	0.9798
0	-1.698
0	3.014
0	0.1025
0	3.75
0	-0.643
0	-3.018
0	1.822
0	3.999
0	6.04
0	4.014
0	3.68
0	1.831
0	4.324
0	6.838
0	3.405
0	3.405
0	-3.584
0	2.441
0	8.136
0	-1.822
0	6.155
0	4.091
0	-8.644
0	1.008
0	4.809
0	2.461
0	6.702
0	6.481
0	4.761
0	3.922
0	4.034
0	5.847
0	9.314
0	2.198
0	3.465
0	5.635
0	2.38
0	5.449
0	-1.575
0	2.45
0	5.326
0	-1.77
0	4.388
0	0.5181
0	3.19
0	2.032
0	0.9151
0	0.2933
0	7.395
0	2.958
0	2.958
0	3.922
0	1.425
0	2.419
0	2.183
0	6.348
0	5.061
0	1.768
0	4.079
0	6.41
0	1.062
0	1.091
0	3.206
0	7.491
0	-3.571
0	3.034
0	4.106
0	1.256
0	3.394
0	2.992
0	4.468
0	5.462
0	4.702
0	2.595
0	-0.866
0	4.909
0	0.8784
0	5.469
0	6.79
0	1.504
0	2.454
0	0.07183
0	0.07016
0	3.638
0	1.64
0	3.439
0	4.525
0	5.201
0	7.577
0	4.105
0	7.084
0	2.757
0	4.768
0	4.6
0	4.592
0	1.665
0	7.464
0	4.667
0	6.757
0	5.619
0	1.784
0	5.649
0	2.108
0	7.617
0	4.732
0	3.919
0	-0.08028
0	-0.3099
0	1.814
0	5.019
0	3.073
0	7.295
0	3.396
0	1.366
0	4.759
0	1.799
0	5.193
0	8.933
0	0.9891
0	-0.5979
0	-1.125
0	7.641
0	7.699
0	0.3416
0	0.8329
0	1.547
0	4.97
0	0.934
0	2.8
0	5.485
0	2.899
0	7.206
0	2.953
0	2.632
0	2.246
0	-3.155
0	-1.364
0	5.751
0	2.442
0	6.414
0	3.855
0	-1.724
0	6.516
0	0.5557
0	3.907
0	1.199
0	1.009
0	3.387
0	5.211
0	5.211
0	-2.484
0	1.334
0	0.8437
0	4.827
0	5.647
0	5.741
0	0.4824
0	3.002
0	2.697
0	2.921
0	2.041
0	3.867
0	5.581
0	1.195
0	3.084
0	5.671
0	-0.514
0	4.778
0	0.5839
0	4.507
0	0.9435
0	7.107
0	4.365
0	2.265
0	1.438
0	4.476
0	4.476
0	0.8742
0	-0.3416
0	6.771
0	3.513
0	2.745
0	3.253
0	4.679
0	4.379
0	3.247
0	4.168
0	4.168
0	1.052
0	3.571
0	4.675
0	0.205
0	2.376
0	5.361
0	-1.55
0	0.222
0	0.222
0	-2.406
0	-1.373
0	4.83
0	2.903
0	1.925
0	2.886
0	6.811
0	3.989
0	4.695
0	4.695
0	-2.385
0	2.151
0	6.243
0	3.32
0	7.106
0	1.836
0	5.024
0	0.6271
0	2.947
0	-1.363
0	5.037
0	3.968
0	1.948
0	6.797
0	3.099
0	0.2323
0	3.41
0	8.87
0	4.829
0	8.237
0	1.102
0	2.434
0	2.674
0	-0.4228
0	-0.4854
0	4.174
0	3.798
0	5.536
0	3.714
0	4.914
0	6.955
0	2.714
0	6.857
0	0.5587
0	0.5587
0	-5.204
0	-1.697
0	4.814
0	6.929
0	6.929
0	6.929
0	6.929
0	6.929
0	6.929
0	6.929
0	5.83
0	0.4191
0	5.903
0	2.618
0	1.879
0	3.163
0	4.595
0	4.986
0	4.747
0	2.715
0	0.7531
0	5.961
0	1.918
0	2.227
0	3.189
0	3.772
0	3.016
0	5.306
0	2.373
0	-0.6745
0	4.69
0	0.97
0	-0.1977
0	2.033
0	0.9289
0	1.204
0	3.743
0	4.7
0	3.455
0	6.399
0	4.42
0	2.966
0	0.8486
0	-0.4981
0	5.421
0	5.548
0	2.412
0	-0.1615
0	3.372
0	0.9478
0	-3.909
0	0.08569
0	1.483
0	3.542
0	4.463
0	-0.03432
0	5.129
0	3.782
0	5.592
0	4.166
0	10.86
0	2.355
0	1.79
0	1.052
0	4.312
0	3.387
0	2.491
0	0.3627
0	0.8534
0	4.779
0	4.893
0	4.945
0	4.701
0	4.701
0	4.7
0	-4.547
0	-1.63
0	1.852
0	4.698
0	6.811
0	3.906
0	5.278
0	4.205
0	-0.5815
0	6.462
0	-1.646
0	0.6622
0	0.2711
0	2.171
0	5.107
0	4.174
0	-1.043
0	2.68
0	0.4424
0	0.3356
0	8.324
0	1.305
0	1.305
0	-2.533
0	-4.922
0	3.608
0	3.155
0	6.955
0	-2.79
0	1.556
0	6.066
0	0.9758
0	0.03147
0	1.696
0	3.665
0	4.497
0	5.169
0	3.926
0	3.926
0	3.926
0	3.926
0	3.926
0	3.926
0	3.926
0	3.926
0	3.926
0	3.926
0	3.926
0	3.926
0	3.926
0	3.926
0	3.926
0	3.926
0	3.926
0	3.926
0	3.926
0	3.926
0	3.926
0	3.926
0	3.926
0	3.926
0	3.926
0	3.926
0	3.926
0	3.926
0	3.926
0	3.926
0	3.926
0	3.926
0	3.926
0	3.926
0	3.926
0	3.926
0	3.926
0	3.926
0	3.926
0	3.926
0	3.926
0	3.926
0	3.926
0	3.926
0	3.926
0	3.926
0	3.926
0	3.926
0	3.926
0	3.926
0	3.926
0	3.926
0	3.926
0	3.926
0	3.926
0	3.926
0	3.926
0	3.926
0	3.926
0	3.926
0	3.926
0	3.926
0	3.926
0	3.926
0	3.926
0	3.926
0	3.926
0	3.926
0	3.926
0	3.926
0	3.926
0	3.926
0	3.926
0	3.926
0	3.926
0	3.926
0	3.926
0	3.926
0	3.926
0	3.926
0	3.926
0	3.926
0	3.926
0	3.926
0	3.926
0	3.926
0	3.926
0	3.926
0	3.926
0	3.926
0	3.926
0	3.926
0	3.926
0	3.926
0	3.926
0	3.926
0	3.926
0	3.926
0	3.926
0	3.926
0	3.926
0	3.926
0	3.926
0	3.926
0	3.926
0	3.926
0	3.926
0	3.926
0	3.926
0	3.926
0	3.926
0	3.926
0	3.926
0	3.926
0	3.926
0	3.926
0	3.926
0	3.926
0	3.926
0	3.926
0	3.926
0	3.926
0	3.926
0	3.926
0	3.926
0	3.926
0	3.926
0	3.926
0	3.926
0	3.926
0	3.926
0	3.926
0	3.926
0	3.926
0	3.926
0	3.926
0	3.926
0	3.926
0	3.926
0	3.926
0	3.926
0	3.926
0	3.926
0	3.926
0	3.926
0	3.926
0	3.926
0	3.926
0	3.926
0	3.926
0	3.926
0	3.926
0	3.926
0	3.926
0	3.926
0	3.926
0	3.926
0	3.926
0	3.926
0	3.926
0	3.926
0	3.926
0	3.926
0	3.926
0	3.926
0	3.926
0	3.926
0	3.926
0	3.926
0	3.926
0	3.926
0	3.926
0	3.926
0	3.926
0	3.926
0	3.926
0	3.926
0	3.926
0	3.926
0	3.926
0	3.926
0	3.926
0	3.926
0	3.926
0	3.926
0	3.926
0	3.926
0	3.926
0	3.926
0	3.926
0	3.926
0	3.926
0	3.926
0	3.926
0	3.926
0	3.926
0	3.926
0	3.926
0	3.926
0	3.926
0	3.926
0	3.926
0	3.926
0	3.926
0	3.926
0	3.926
0	3.926
0	3.926
0	3.926
0	3.926
0	3.926
0	3.926
0	3.926
0	3.926
0	3.926
0	3.926
0	3.926
0	3.926
0	3.926
0	3.926
0	3.926
0	3.926
0	3.926
0	3.926
0	3.926
0	3.926
0	3.926
0	3.926
0	3.926
0	3.926
0	3.926
0	3.926
0	3.926
0	3.926
0	3.926
0	3.926
0	3.926
0	3.926
0	3.926
0	3.926
0	3.926
0	3.926
0	3.926
0	3.926
0	3.926
0	3.926
0	3.926
0	3.926
0	3.926
0	3.926
0	3.926
0	3.926
0	3.926
0	3.926
0	3.926
0	3.926
0	3.926
0	3.926
0	3.926
0	3.926
0	3.926
0	3.926
0	3.926
0	3.926
0	3.926
0	3.926
0	3.926
0	3.926
0	3.926
0	3.926
0	3.926
0	3.926
0	3.926
0	3.926
0	3.926
0	3.926
0	3.926
0	3.926
0	3.926
0	3.926
0	3.926
0	3.926
0	3.926
0	3.926
0	3.926
0	3.926
0	3.926
0	3.926
0	3.926
0	3.926
0	3.926
0	3.926
0	3.926
0	3.926
0	3.926
0	3.926
0	3.926
0	3.926
0	3.926
0	3.926
0	3.926
0	3.926
0	3.926
0	3.926
0	3.926
0	3.926
0	3.926
0	3.926
0	3.926
0	3.926
0	3.926
0	3.926
0	3.926
0	3.926
0	3.926
0	3.926
0	3.926
0	3.926
0	3.926
0	3.926
0	3.926
0	3.926
0	3.926
0	3.926
0	3.926
0	3.926
0	3.926
0	3.926
0	3.926
0	3.926
0	3.926
0	3.926
0	3.926
0	3.926
0	3.926
0	3.926
0	3.926
0	3.926
0	3.926
0	3.926
0	3.926
0	3.926
0	3.926
0	3.926
0	3.926
0	3.926
0	3.926
0	3.926
0	3.926
0	3.926
0	3.926
0	3.926
0	3.926
0	3.926
0	3.926
0	3.926
0	3.926
0	3.926
0	3.926
0	3.926
0	3.926
0	3.926
0	3.926
0	3.926
0	3.926
0	3.926
0	3.926
0	3.926
0	3.926
0	3.926
0	3.926
0	3.926
0	3.926
0	3.926
0	3.926
0	3.926
0	3.926
0	3.926
0	3.926
0	3.926
0	3.926
0	3.926
0	3.926
0	3.926
0	3.926
0	3.926
0	3.926
0	3.926
0	3.926
0	3.926
0	5.039
0	5.039
0	5.039
0	5.039
0	5.039
0	5.039
0	5.039
0	5.039
0	5.039
0	5.039
0	5.039
0	5.039
0	5.039
0	5.039
0	5.039
0	5.039
0	5.039
0	5.039
0	5.039
0	5.039
0	5.039
0	5.039
0	5.039
0	5.039
0	5.039
0	5.039
0	5.039
0	5.039
0	5.039
0	5.039
0	5.039
0	5.039
0	5.039
0	5.039
0	5.039
0	5.039
0	5.039
0	5.039
0	5.039
0	5.039
0	5.039
0	5.039
0	5.039
0	5.039
0	5.039
0	5.039
0	5.039
0	5.039
0	5.039
0	5.039
0	5.039
0	5.039
0	5.039
0	5.039
0	5.039
0	5.039
0	5.039
0	5.039
0	5.039
0	-5.808
0	-1.766
0	4.818
0	0.5721
0	6.282
0	1.562
0	-3.656
0	2.583
0	1.118
0	5.634
0	2.213
0	6.685
0	2.447
0	4.346
0	4.205
0	0.2087
0	2.075
0	2.157
0	1.444
0	1.404
0	2.677
0	1.776
0	-0.5656
0	2.095
0	3.74
0	-0.8825
0	-6.825
0	-3.359
0	-0.5728
0	4.383
0	2.708
0	5.969
0	3.068
0	-0.9797
0	-1.014
0	0.01095
0	2.151
0	4.012
0	2.051
0	4.749
0	3.79
0	4.476
0	1.951
0	4.777
0	4.289
0	2.196
0	6.172
0	2.515
0	4.986
0	5.831
0	4.099
0	5.193
0	5.984
0	5.984
0	1.74
0	4.384
0	3.748
0	4.634
0	-1.736
0	4.904
0	0.9951
0	2.038
0	4.374
0	0.3373
0	2.391
0	2.766
0	2.766
0	-0.5412
0	-1.143
0	-0.09344
0	5.135
0	3.469
0	3.988
0	3.793
0	6.405
0	2.838
0	5.727
0	2.677
0	4.739
0	4.534
0	1.478
0	2.916
0	3.397
0	3.397
0	-4.131
0	0.6957
0	2.799
0	5.684
0	6.56
0	2.15
0	3.897
0	1.063
0	2.562
0	2.292
0	3.978
0	3.27
0	-7.156
0	-2.27
0	2.242
0	5.022
0	3.26
0	4.745
0	-0.4692
0	1.507
0	4.142
0	3.894
0	5.254
0	2.264
0	0.1163
0	2.865
0	2.085
0	4.784
0	1.182
0	4.189
0	3.448
0	3.685
0	1.45
0	4.573
0	6.358
0	2.73
0	1.952
0	3.941
0	3.941
0	3.621
0	0.541
0	4.533
0	0.168
0	5.819
0	5.511
0	4.546
0	1.233
0	2.889
0	6.701
0	2.242
0	1.494
0	5.416
0	1.531
0	1.531
0	-3.874
0	-0.8198
0	-1.366
0	4.702
0	1.289
0	2.151
0	3.144
0	8.615
0	1.671
0	-2.351
0	0.9215
0	0.584
0	3.71
0	3.436
0	1.506
0	0.8808
0	2.29
0	3.152
0	4.476
0	1.611
0	1.058
0	-2.029
0	2.143
0	2.441
0	5.593
0	4.512
0	3.243
0	-1.79
0	1.995
0	2.618
0	2.81
0	3.978
0	3.498
0	2.199
0	3.652
0	3.355
0	-2.601
0	2.591
0	3.218
0	0.6609
0	5.633
0	3.049
0	5.21
0	0.2944
0	1.501
0	3.477
0	4.491
0	3.439
0	-0.05981
0	4.394
0	0.5981
0	2.641
0	2.489
0	-1.85
0	5.282
0	4.263
0	3.648
0	3.748
0	2.526
0	4.373
0	1.386
0	1.603
0	2.98
0	2.98
0	3.587
0	1.728
0	2.579
0	4.647
0	1.493
0	5.265
0	-0.5403
0	3.848
0	2.31
0	2.869
0	-0.06332
0	-0.06332
0	-3.957
0	-0.5309
0	0.6677
0	1.756
0	-1.386
0	4.479
0	1.443
0	0.8152
0	1.61
0	1.736
0	0.2488
0	3.329
0	1.899
0	3.796
0	3.221
0	5.51
0	2.706
0	3.18
0	4.054
0	1.558
0	4.531
0	3.65
0	-3.963
0	-5.96
0	-0.9594
0	1.153
0	2.857
0	7.073
0	2.604
0	4.706
0	4.706
0	4.706
0	4.133
0	-4.348
0	-0.5795
0	0.4166
0	2.912
0	0.4658
0	0.1649
0	-2.045
0	-2.027
0	2.053
0	3.446
0	6.633
0	8.769
0	1.072
0	2.254
0	3.889
0	6.259
0	1.153
0	3.329
0	1.382
0	-4.406
0	-3.443
0	2.367
0	2.741
0	2.001
0	1.633
0	1.418
0	3.159
0	5.809
0	3.979
0	4.246
0	1.949
0	3.03
0	2.557
0	1.693
0	1.693
0	0.7793
0	0.5489
0	2.504
0	0.6395
0	3.847
0	6.043
0	-0.8954
0	-3.411
0	-3.411
0	-3.411
0	-3.411
0	-3.411
0	-3.411
0	-3.411
0	-3.411
0	-3.411
0	-3.411
0	-3.411
0	-3.411
0	-3.411
0	-3.411
0	-3.411
0	-3.411
0	-3.411
0	-3.411
0	-3.411
0	-3.411
0	-3.411
0	-3.411
0	-3.411
0	-3.411
0	-3.411
0	-3.411
0	-3.411
0	-3.411
0	-3.411
0	-3.411
0	-3.411
0	-3.411
0	-3.411
0	-3.411
0	-3.411
0	-3.411
0	-3.411
0	-3.411
0	-3.411
0	-3.411
0	-3.411
0	-3.411
0	-3.411
0	-3.411
0	-3.411
0	-3.411
0	-3.411
0	-3.411
0	-3.411
0	-3.411
0	-3.411
0	-3.411
0	-3.411
0	-3.411
0	-3.411
0	-3.411
0	-3.411
0	-3.411
0	-3.411
0	-3.411
0	-3.411
0	-3.411
0	-3.411
0	-3.411
0	-3.411
0	-3.411
0	-3.411
0	-3.411
0	-3.411
0	-3.411
0	-3.411
0	-3.411
0	-3.411
0	-3.411
0	-3.411
0	-3.411
0	-3.411
0	-3.411
0	-3.411
0	-3.411
0	-3.411
0	-3.411
0	-3.411
0	-3.411
0	-3.411
0	-3.411
0	-0.9971
0	4.631
0	0.9801
0	3.673
0	1.282
0	-2.643
0	-2.643
0	-2.643
0	-4.749
0	-1.637
0	5.526
0	1.976
0	4.656
0	-0.03448
0	-8.051
0	-3.478
0	2.075
0	0.2104
0	4.186
0	2.951
0	2.86
0	0.2588
0	1.505
0	1.243
0	2.829
0	3
0	-3.408
0	-4.656
0	4.251
0	0.6186
0	1.66
0	0.3831
0	-5.942
0	-0.9006
0	2.568
0	4.226
0	2.807
0	3.328
0	1.749
0	1.415
0	4.515
0	0.1196
0	4.067
0	5.941
0	3.128
0	3.309
0	1.405
0	3.576
0	1.765
0	0.2074
0	3.252
0	1.687
0	4.207
0	3.476
0	1.685
0	-1.9
0	2.292
0	5.85
0	2.477
0	0.07039
0	-4.393
0	-1.061
0	0.6001
0	1.061
0	1.448
0	-0.1703
0	4.285
0	2.752
0	1.756
0	-6.167
0	-1.976
0	2.776
0	1.488
0	6.348
0	5.093
0	1.559
0	-2.184
0	-1.205
0	0.2627
0	1.94
0	5.801
0	4.955
0	5.236
0	2.885
0	-3.222
0	-0.7762
0	0.1561
0	5.803
0	5.852
0	-1.816
0	3.262
0	5.639
0	1.841
0	4.101
0	3.56
0	3.407
0	4.409
0	6.846
0	2.368
0	1.807
0	6.036
0	2.6
0	4.525
0	3.845
0	3.163
0	2.248
0	4.325
0	-0.361
0	-0.361
0	0.9762
0	0.3036
0	6.82
0	3.527
0	4.801
0	1.322
0	5.381
0	1.957
0	4.355
0	0.5919
0	4.448
0	3.895
0	-2.029
0	4.606
0	2.808
0	3.054
0	3.929
0	2.189
0	2.552
0	3.757
0	3.997
0	3.893
0	6.257
0	0.6141
0	1.523
0	3.311
0	2.389
0	2.553
0	3.515
0	3.471
0	3.471
0	3.471
0	-6.629
0	-1.334
0	0.1115
0	0.6461
0	1.706
0	0.7974
0	1.981
0	1.761
0	-6.431
0	-4.047
0	-1.574
0	0.5808
0	2.175
0	2.611
0	-0.1916
0	-2.064
0	0.8313
0	5.216
0	1.448
0	3.889
0	2.869
0	3.422
0	3.043
0	3.255
0	5.686
0	4.972
0	2.71
0	4.402
0	4.272
0	3.411
0	3.203
0	-3.704
0	-3.704
0	-3.704
0	-3.704
0	-3.029
0	0.6624
0	5.419
0	3.205
0	5.713
0	1.393
0	1.847
0	3.691
0	2.704
0	-0.993
0	2.49
0	1.885
0	-4.965
0	-0.2235
0	1.658
0	2.622
0	1.563
0	1.809
0	1.93
0	0.8162
0	5.664
0	2.994
0	3.404
0	2.897
0	3.561
0	2.536
0	4.071
0	4.071
0	4.058
0	2.476
0	6.303
0	2.242
0	1.637
0	1.924
0	4.34
0	2.291
0	1.832
0	2.689
0	4.26
0	-2.427
0	-2.305
0	-0.1723
0	4.676
0	4.731
0	5.94
0	2.469
0	-1.854
0	1.255
0	0.7431
0	3.521
0	4.68
0	2.841
0	2.271
0	1.618
0	2.78
0	3.203
0	2.774
0	6.431
0	4.379
0	3.048
0	-1.892
0	-8.247
0	-6.885
0	-2.591
0	1.945
0	0.1332
0	5.308
0	2.82
0	2.051
0	6.876
0	5.08
0	3.565
0	2.353
0	2.504
0	2.704
0	5.852
0	4.692
0	4.692
0	-1.802
0	-0.3029
0	4.225
0	5.129
0	0.7998
0	8.07
0	2.7
0	-0.9142
0	1.657
0	4.513
0	0.3593
0	3.53
0	3.001
0	0.0307
0	4.424
0	2.265
0	2.265
0	2.265
0	2.265
0	-5.22
0	-2.438
0	-1.463
0	2.323
0	4.964
0	3.506
0	3.322
0	2.044
0	2.859
0	1.984
0	-5.293
0	-2.359
0	-1.575
0	0.249
0	3.257
0	1.107
0	2.813
0	1.418
0	2.466
0	2.549
0	1.016
0	1.016
0	-5.697
0	-3.814
0	-0.02088
0	1.775
0	4.819
0	5.128
0	3.446
0	-0.6781
0	6.035
0	1.859
0	4.723
0	2.073
0	-2.158
0	-5.476
0	-6.499
0	-1.496
0	1.206
0	1.619
0	3.343
0	2.28
0	3.846
0	3.916
0	0.1172
0	3.015
0	2.593
0	0.6583
0	2.945
0	1.895
0	5.913
0	4.227
0	4.227
0	4.227
0	4.227
0	3.07
0	-3.814
0	-2.324
0	-1.109
0	2.926
0	3.473
0	4.5
0	5.786
0	-0.2126
0	4.483
0	3.486
0	3.077
0	5.327
0	-0.08546
0	3.675
0	0.5122
