0	0.00876262620151867	
0.05	0.00885142782788757	
0.1	0.00894379747323325	
0.15	0.00903560919646027	
0.2	0.00912462171958469	
0.25	0.00922027058883038	
0.3	0.00930860631173214	
0.35	0.00939878102075719	
0.4	0.00949396037207981	
0.45	0.00958395915717238	
0.5	0.00967384070830092	
0.55	0.00976614955397111	
0.6	0.00985538039785623	
0.65	0.00994823119111627	
0.7	0.0100398766623231	
0.75	0.0101293435826389	
0.8	0.010224003169804	
0.85	0.0103138346237595	
0.9	0.0104032111244664	
0.95	0.0104976705412468	
1	0.0105871777514781	
1.05	0.0106595548571486	
1.1	0.0106585917465128	
1.15	0.0106565269516932	
1.2	0.0106613445791695	
1.25	0.0106590612676891	
1.3	0.0106580544202765	
