# iterations	 errorinentropy	 maxerror	(generated with python figs/comparison.py 0 s000/periodic-ww1.30-ff0.30-N50-samc-100000-movie/004660 s000/periodic-ww1.30-ff0.30-N50
496	61.98	244.8
4.92e+07	6.398	49.7
4.981e+07	6.273	49.25
5.021e+07	6.299	49.41
5.071e+07	6.324	49.5
5.13e+07	6.34	49.61
5.2e+07	6.359	49.71
5.28e+07	6.388	49.83
5.371e+07	6.272	49.38
5.473e+07	6.255	48.91
5.585e+07	6.134	48.3
5.706e+07	6.172	48.48
5.837e+07	6.18	48.69
5.978e+07	6.198	48.79
6.129e+07	6.168	48.73
6.292e+07	6.017	48.55
6.463e+07	6.054	48.7
6.645e+07	6.104	49.29
6.84e+07	6.144	49.5
7.044e+07	6.147	49.47
7.258e+07	6.191	49.79
7.473e+07	6.229	49.96
7.706e+07	6.287	50.2
7.951e+07	6.344	50.65
8.205e+07	6.373	50.87
8.466e+07	6.317	48.32
8.734e+07	6.356	48.5
8.973e+07	6.415	48.85
9.239e+07	6.44	48.99
9.541e+07	6.22	41.67
9.82e+07	6.274	41.9
1.014e+08	5.668	39.72
1.048e+08	5.602	39.9
1.083e+08	5.626	39.98
1.118e+08	5.687	40.35
1.155e+08	5.754	40.63
1.191e+08	5.824	41.06
1.23e+08	5.887	41.36
1.269e+08	5.899	41.44
1.308e+08	5.978	41.94
1.349e+08	5.995	41.87
1.392e+08	5.983	41.92
1.428e+08	6.038	42.23
1.472e+08	6.075	42.51
1.516e+08	6.095	42.67
1.563e+08	6.113	42.91
1.607e+08	6.132	42.82
1.653e+08	5.921	41.58
1.694e+08	5.871	41.08
1.735e+08	5.882	41.15
1.782e+08	5.829	40.86
1.831e+08	5.874	41.01
1.874e+08	5.813	40.94
1.928e+08	5.875	41.33
1.977e+08	5.877	41.36
2.022e+08	5.824	41.3
2.071e+08	5.867	41.59
2.117e+08	5.887	41.75
2.158e+08	5.908	41.87
2.208e+08	5.938	42.03
2.249e+08	5.967	42.18
2.292e+08	5.936	42.55
2.353e+08	5.862	42.33
2.399e+08	5.87	42.47
2.447e+08	5.763	42.19
2.513e+08	5.795	42.41
2.579e+08	5.788	42.52
2.648e+08	5.815	42.74
2.717e+08	5.696	42.22
2.784e+08	5.613	41.91
2.854e+08	5.558	41.76
2.925e+08	5.585	42.01
2.997e+08	5.598	42.08
3.069e+08	5.605	42.24
3.144e+08	5.652	42.46
3.221e+08	5.493	42
3.298e+08	5.513	42.18
3.375e+08	5.543	42.37
3.455e+08	5.453	42
3.537e+08	5.472	42.13
3.619e+08	5.479	42.38
3.704e+08	5.525	42.6
3.788e+08	5.477	42.3
3.874e+08	5.518	42.53
3.961e+08	5.301	40.56
4.048e+08	5.342	40.75
4.137e+08	5.364	40.91
4.226e+08	5.395	41.07
4.316e+08	5.383	41.07
4.408e+08	5.404	41.26
4.501e+08	5.413	41.3
4.593e+08	5.392	41.09
4.688e+08	5.311	40.86
4.783e+08	5.193	39.33
4.88e+08	5.217	39.46
4.977e+08	5.22	39.58
5.076e+08	5.237	39.71
5.175e+08	5.193	39.59
5.276e+08	5.226	39.83
5.378e+08	5.237	39.91
5.481e+08	5.213	39.76
5.584e+08	5.233	39.18
5.689e+08	5.242	39.29
5.794e+08	5.277	39.49
5.9e+08	5.286	39.2
6.008e+08	5.316	39.38
6.117e+08	5.323	39.49
6.227e+08	5.335	39.59
6.338e+08	5.36	39.73
6.45e+08	5.18	39.14
6.563e+08	5.204	39.31
6.677e+08	5.229	39.5
6.791e+08	5.241	39.59
6.907e+08	5.254	39.73
7.022e+08	5.274	39.85
7.131e+08	5.117	39.38
7.227e+08	4.958	38.28
7.338e+08	4.969	38.38
7.456e+08	4.976	38.47
7.575e+08	4.986	38.51
7.696e+08	4.776	37.81
7.818e+08	4.793	37.93
7.943e+08	4.815	38.08
8.068e+08	4.838	38.19
8.194e+08	4.836	38.27
8.321e+08	4.854	38.38
8.449e+08	4.873	38.53
8.579e+08	4.898	38.68
8.709e+08	4.914	38.75
8.841e+08	4.863	38.7
8.974e+08	4.872	38.76
9.107e+08	4.881	38.86
9.242e+08	4.897	38.93
9.378e+08	4.916	39.07
9.515e+08	4.927	39.14
9.652e+08	4.945	39.23
9.791e+08	4.961	39.33
9.931e+08	4.986	39.46
1.007e+09	4.975	39.44
1.021e+09	4.99	39.54
1.036e+09	5.005	39.67
1.05e+09	5.006	39.71
1.064e+09	5.017	39.76
1.079e+09	5.037	39.6
1.094e+09	5.037	39.64
1.108e+09	5.05	39.74
1.123e+09	5.052	39.81
1.138e+09	5.069	39.9
1.153e+09	5.089	40.04
1.168e+09	5.09	40.07
1.184e+09	5.104	40.17
1.199e+09	5.109	40.24
1.215e+09	5.124	40.36
1.23e+09	5.094	40.31
1.246e+09	5.111	40.41
1.262e+09	5.125	40.51
1.278e+09	5.147	40.6
1.294e+09	5.074	40.5
1.31e+09	5.077	40.52
1.326e+09	5.088	40.61
1.342e+09	5.102	40.71
1.358e+09	5.112	40.76
1.375e+09	5.127	40.86
1.391e+09	5.12	40.83
1.408e+09	5.134	40.88
1.425e+09	5.133	40.93
1.442e+09	5.147	41.03
1.459e+09	5.166	41.15
1.476e+09	5.099	40.91
1.493e+09	5.098	40.96
1.51e+09	5.086	40.88
1.528e+09	5.086	40.93
1.545e+09	5.1	41.03
1.563e+09	5.112	41.1
1.58e+09	5.124	41.15
1.598e+09	5.114	41.12
1.616e+09	5.116	41.15
1.634e+09	5.085	40.8
1.652e+09	4.008	36.1
1.67e+09	4.02	36.19
1.688e+09	4.031	36.27
1.707e+09	4.038	36.1
1.725e+09	4.054	36.21
1.744e+09	4.071	36.31
1.762e+09	4.088	36.4
1.781e+09	3.995	35.71
1.8e+09	4.008	35.8
1.819e+09	4.026	35.92
1.838e+09	4.028	35.91
1.857e+09	4.028	35.96
1.877e+09	4.024	35.98
1.896e+09	4.042	36.08
1.915e+09	4.046	36.08
1.935e+09	4.059	36.16
1.954e+09	4.045	36.16
1.974e+09	4.059	36.25
1.994e+09	4.074	36.34
2.014e+09	4.08	36.24
2.034e+09	4.081	36.28
2.054e+09	4.095	36.37
2.075e+09	4.106	36.41
2.095e+09	4.098	36.38
2.115e+09	4.099	36.41
2.136e+09	4.103	35.67
2.156e+09	4.118	35.75
2.177e+09	4.128	35.82
2.198e+09	4.14	35.9
2.219e+09	4.142	35.95
2.24e+09	4.15	36.01
2.261e+09	4.14	35.97
2.282e+09	4.14	35.88
2.303e+09	4.155	35.96
2.324e+09	4.167	36.05
2.346e+09	4.176	36.11
2.368e+09	4.183	36.17
2.389e+09	4.191	36.25
2.411e+09	4.193	36.26
2.433e+09	4.2	36.33
2.455e+09	4.203	36.33
2.477e+09	4.201	36.35
2.499e+09	4.188	36.12
2.521e+09	4.186	36.14
2.544e+09	4.189	36.16
2.566e+09	4.201	36.24
2.589e+09	4.206	36.28
2.611e+09	4.217	36.29
2.634e+09	4.224	36.27
2.657e+09	4.227	36.32
2.68e+09	4.214	36.14
2.703e+09	4.222	36.19
2.726e+09	4.211	36.07
2.749e+09	4.21	36.09
2.773e+09	4.22	36.16
2.796e+09	4.218	36.17
2.82e+09	4.225	36.21
2.843e+09	4.236	36.29
2.867e+09	4.241	36.34
2.891e+09	4.237	36.31
2.914e+09	4.237	36.34
2.939e+09	4.242	36.38
2.963e+09	4.242	36.42
2.987e+09	4.245	36.44
3.011e+09	4.244	36.44
3.036e+09	4.234	36.42
3.061e+09	4.222	36.28
3.085e+09	4.194	36.26
3.11e+09	4.194	36.26
3.135e+09	4.194	36.29
3.16e+09	4.2	36.36
3.185e+09	4.077	34.51
3.21e+09	4.079	34.54
3.235e+09	4.072	34.54
3.261e+09	4.074	34.57
3.286e+09	3.998	34.06
3.312e+09	3.999	34.11
3.338e+09	3.987	34.08
3.363e+09	3.986	34.1
3.389e+09	3.98	34.07
3.414e+09	3.978	34.06
3.439e+09	3.975	34.04
3.465e+09	3.971	34.02
3.49e+09	3.968	34
3.516e+09	3.966	33.99
3.541e+09	3.965	33.98
3.567e+09	3.962	33.97
3.593e+09	3.947	33.89
3.619e+09	3.945	33.88
3.645e+09	3.944	33.87
3.671e+09	3.94	33.85
3.697e+09	3.938	33.84
3.723e+09	3.934	33.82
3.75e+09	3.927	33.79
3.776e+09	3.925	33.78
3.803e+09	3.922	33.76
3.83e+09	3.916	33.73
3.857e+09	3.89	33.61
3.884e+09	3.885	33.58
3.911e+09	3.88	33.55
3.938e+09	3.848	33.41
3.965e+09	3.846	33.4
3.992e+09	3.843	33.38
4.02e+09	3.836	33.35
4.047e+09	3.816	33.3
4.075e+09	3.814	33.3
4.103e+09	3.808	33.31
4.131e+09	3.801	33.27
4.159e+09	3.786	33.21
4.187e+09	3.776	33.18
4.215e+09	3.767	33.19
4.243e+09	3.763	33.17
4.272e+09	3.761	33.15
4.3e+09	3.743	33.08
4.329e+09	3.744	33.08
4.357e+09	3.743	33.07
4.386e+09	3.736	33.04
4.415e+09	3.736	33.04
4.444e+09	3.731	33.02
4.473e+09	3.728	33.02
4.502e+09	3.72	33.01
4.531e+09	3.717	33
4.561e+09	3.705	32.98
4.59e+09	3.705	32.98
4.62e+09	3.689	33.08
4.649e+09	3.674	33.07
4.679e+09	3.643	32.97
4.709e+09	3.641	32.97
4.739e+09	3.63	33.06
4.769e+09	3.63	33.06
4.799e+09	3.63	33.05
4.829e+09	3.629	33.04
4.86e+09	3.627	33.03
4.89e+09	3.623	33.01
4.921e+09	3.622	33
4.951e+09	3.609	32.97
4.982e+09	3.587	32.97
5.013e+09	3.581	32.96
5.044e+09	3.578	32.96
5.075e+09	3.567	32.92
5.106e+09	3.553	32.89
5.137e+09	3.51	33.12
5.168e+09	3.484	33.09
5.2e+09	3.479	33.06
5.231e+09	3.473	33.05
5.263e+09	3.448	33.02
5.295e+09	3.446	33.02
5.326e+09	3.431	32.98
5.358e+09	3.427	32.99
5.39e+09	3.424	33.01
5.422e+09	3.421	33
5.455e+09	3.42	32.99
5.487e+09	3.418	33.01
5.519e+09	3.415	32.99
5.552e+09	3.415	32.99
5.584e+09	3.417	32.98
5.617e+09	3.418	32.98
5.65e+09	3.41	32.95
5.683e+09	3.404	32.93
5.716e+09	3.406	32.93
5.749e+09	3.406	32.93
5.782e+09	3.401	32.92
5.816e+09	3.385	32.88
5.849e+09	3.382	32.88
5.883e+09	3.382	32.88
5.916e+09	3.381	32.88
5.95e+09	3.381	32.88
5.984e+09	3.381	32.88
6.018e+09	3.349	32.9
6.052e+09	3.348	32.89
6.086e+09	3.347	32.88
6.12e+09	3.329	33
6.154e+09	3.327	32.99
6.189e+09	3.326	32.98
6.223e+09	3.323	32.97
6.258e+09	3.323	32.97
6.293e+09	3.322	32.96
6.327e+09	3.297	32.84
6.362e+09	3.285	32.82
6.397e+09	3.285	32.83
6.432e+09	3.285	32.83
6.468e+09	3.283	32.83
6.503e+09	3.284	32.83
6.538e+09	3.284	32.83
6.574e+09	3.264	32.93
6.609e+09	3.263	32.92
6.645e+09	3.263	32.91
6.681e+09	3.257	32.88
6.716e+09	3.247	32.9
6.752e+09	3.226	32.79
6.789e+09	3.21	32.76
6.825e+09	3.147	32.86
6.861e+09	3.125	32.74
6.898e+09	3.121	32.75
6.934e+09	3.121	32.76
6.971e+09	3.119	32.76
7.007e+09	3.118	32.76
7.044e+09	3.119	32.75
7.081e+09	3.115	32.73
7.118e+09	3.112	32.73
7.155e+09	3.101	32.69
7.192e+09	3.101	32.68
7.229e+09	3.101	32.68
7.267e+09	3.101	32.67
7.304e+09	3.093	32.63
7.342e+09	3.094	32.63
7.379e+09	3.091	32.62
7.417e+09	3.09	32.61
7.455e+09	3.077	32.57
7.493e+09	3.078	32.58
7.531e+09	3.077	32.57
7.569e+09	3.076	32.56
7.607e+09	3.067	32.56
7.645e+09	3.068	32.56
7.684e+09	3.05	32.54
7.722e+09	3.052	32.54
7.761e+09	3.053	32.55
7.799e+09	3.052	32.53
7.838e+09	3.053	32.53
7.877e+09	3.053	32.52
7.916e+09	3.051	32.52
7.955e+09	3.049	32.53
7.994e+09	3.05	32.53
8.034e+09	3.044	32.53
8.073e+09	3.045	32.53
8.113e+09	3.022	32.69
8.153e+09	3.023	32.69
8.192e+09	3.018	32.73
8.232e+09	3.018	32.72
8.272e+09	3.019	32.73
8.312e+09	3.017	32.73
8.353e+09	3.014	32.71
8.393e+09	3.01	32.69
8.433e+09	3.002	32.65
8.474e+09	3.004	32.66
8.514e+09	3.004	32.65
8.55e+09	2.987	32.65
8.59e+09	2.972	32.57
8.628e+09	2.971	32.56
8.669e+09	2.943	32.51
8.71e+09	2.94	32.49
8.752e+09	2.934	32.52
8.793e+09	2.932	32.51
8.834e+09	2.933	32.51
8.876e+09	2.923	32.48
8.917e+09	2.922	32.5
8.959e+09	2.904	32.74
9.001e+09	2.878	32.85
9.043e+09	2.865	32.79
9.085e+09	2.861	32.81
9.127e+09	2.859	32.79
9.169e+09	2.857	32.77
9.211e+09	2.851	32.79
9.253e+09	2.853	32.8
9.295e+09	2.852	32.78
9.337e+09	2.853	32.78
9.379e+09	2.854	32.77
9.422e+09	2.802	32.57
9.465e+09	2.764	32.62
9.508e+09	2.762	32.6
9.551e+09	2.76	32.59
9.594e+09	2.753	32.56
9.637e+09	2.752	32.55
9.68e+09	2.752	32.55
9.723e+09	2.747	32.55
9.767e+09	2.741	32.5
9.81e+09	2.738	32.52
9.854e+09	2.605	32.78
9.898e+09	2.607	32.78
9.941e+09	2.608	32.78
9.986e+09	2.609	32.78
1.003e+10	2.609	32.77
1.007e+10	2.604	32.73
1.012e+10	2.605	32.72
1.016e+10	2.592	32.69
1.021e+10	2.594	32.68
1.025e+10	2.596	32.69
1.029e+10	2.598	32.69
1.034e+10	2.6	32.68
1.038e+10	2.594	32.65
1.043e+10	2.592	32.65
1.047e+10	2.565	32.62
1.051e+10	2.559	32.6
1.056e+10	2.559	32.6
1.06e+10	2.552	32.63
1.065e+10	2.55	32.61
1.069e+10	2.538	32.6
