# iterations	 errorinentropy	 maxerror	(generated with python figs/comparison.py 0 data/samc-500-1e5-reference-lndos.dat s000/periodic-ww1.30-ff0.30-N500
1.395e+05	8655	4.229e+04
1.575e+05	1.121e+04	5.252e+04
1.8e+05	1.044e+04	5.822e+04
2.115e+05	8667	5.034e+04
2.476e+05	1.242e+04	6.601e+04
2.926e+05	7533	4.121e+04
3.421e+05	1.169e+04	5.415e+04
4.006e+05	1.19e+04	7.452e+04
4.681e+05	9751	5.517e+04
4.816e+05	6728	3.185e+04
5.401e+05	5416	2.287e+04
6.211e+05	2401	1.394e+04
7.112e+05	1876	1.07e+04
7.472e+05	2715	1.317e+04
8.102e+05	713.5	3596
9.092e+05	1239	5996
9.452e+05	1557	7900
1.022e+06	501.4	2511
1.139e+06	604.5	3634
1.211e+06	676.2	3240
1.265e+06	259.5	1051
1.395e+06	181.6	1114
1.458e+06	311.3	1403
1.535e+06	105.4	526.1
1.62e+06	170.3	739
1.683e+06	93.93	512.5
1.836e+06	39.45	255.4
1.908e+06	73.76	339.6
1.998e+06	28.08	160.4
2.061e+06	67.16	293.7
2.169e+06	12.18	110.5
2.345e+06	24.26	179.5
2.512e+06	21.66	142.5
2.521e+06	23.54	142.5
2.705e+06	16.56	116.7
2.773e+06	14.12	103.6
2.899e+06	21.94	128.3
3.101e+06	10.04	97.87
3.295e+06	10.12	100.6
3.304e+06	10.47	100.6
3.524e+06	5.429	67.94
3.749e+06	8.385	68.72
3.97e+06	7.607	69.79
3.983e+06	7.048	69.79
4.226e+06	6.094	65.12
4.465e+06	6.611	77.61
4.708e+06	9.435	88.4
4.974e+06	8.039	77.4
5.244e+06	8.04	78.28
5.325e+06	6.976	72.22
5.518e+06	7.026	75.5
5.793e+06	7.434	67.8
6.076e+06	5.464	58.99
6.351e+06	5.862	66.28
6.661e+06	9.394	75.45
6.801e+06	7.2	75.45
6.972e+06	7.234	75.45
7.283e+06	5.413	59.78
7.589e+06	6.133	62.42
7.926e+06	5.426	57.13
8.273e+06	5.853	59.61
8.615e+06	6.637	63.45
8.975e+06	7.792	67.75
9.286e+06	7.075	71.07
9.344e+06	6.568	69.44
9.682e+06	5.962	61.65
1.002e+07	6.394	63.64
1.039e+07	7.029	65.34
1.08e+07	7.897	70.27
1.121e+07	7.182	71.51
1.159e+07	7.637	71.51
1.197e+07	6.485	70.58
1.236e+07	6.958	72.27
1.28e+07	7.634	76.13
1.325e+07	8.339	78.55
1.37e+07	8.319	71.87
1.376e+07	7.817	70.55
1.414e+07	6.664	63.53
1.455e+07	5.521	55.11
1.497e+07	4.587	49.53
1.539e+07	4.02	46.64
1.583e+07	4.185	47.74
1.63e+07	4.434	48.02
1.681e+07	4.701	50.65
1.729e+07	4.977	51.99
1.781e+07	4.554	51.17
1.833e+07	4.82	52.59
1.887e+07	5.126	54.02
1.941e+07	5.476	55.58
1.962e+07	5.633	56.92
1.993e+07	5.66	57.05
2.046e+07	5.462	56.82
2.098e+07	5.62	58.22
2.155e+07	5.815	59.07
2.213e+07	5.614	58.77
2.273e+07	5.333	58.08
2.332e+07	5.491	58.08
2.391e+07	5.653	59.34
2.452e+07	5.802	60.34
2.511e+07	5.962	61.15
2.57e+07	5.893	60.53
2.63e+07	6.067	61.68
2.695e+07	6.27	63.01
2.759e+07	6.536	65.2
2.824e+07	5.945	60.27
2.872e+07	5.471	58.04
2.889e+07	5.464	57.35
2.955e+07	5.346	51.44
3.021e+07	5.002	42.35
3.087e+07	4.533	35.3
3.152e+07	4.051	30.14
3.217e+07	3.585	25.44
3.283e+07	3.02	20.97
3.351e+07	2.505	16.88
3.416e+07	1.954	13.46
3.48e+07	1.507	10.83
3.54e+07	1.204	7.719
3.605e+07	0.9581	4.18
3.666e+07	1.151	6.236
3.727e+07	1.407	7.921
3.789e+07	1.757	10.23
3.852e+07	2.229	13.75
3.918e+07	2.721	16.03
3.991e+07	3.285	17.73
4.064e+07	3.964	21.19
4.14e+07	4.681	23.77
4.216e+07	5.316	26.12
4.293e+07	5.98	29.13
4.37e+07	6.666	31.45
4.448e+07	7.312	33.95
4.528e+07	8.039	36.53
4.607e+07	8.678	38.94
4.686e+07	9.046	39.94
4.767e+07	8.851	38.92
4.852e+07	8.651	38.37
4.932e+07	8.462	37.23
5.018e+07	8.259	36.42
5.105e+07	8.056	36
5.187e+07	7.866	35.09
5.277e+07	7.66	35.03
5.366e+07	7.459	33.5
5.459e+07	7.25	32.84
5.548e+07	7.051	32.63
5.638e+07	6.853	31.46
5.732e+07	6.647	30.52
5.825e+07	6.446	29.74
5.916e+07	6.251	29.11
6.013e+07	6.044	28.46
6.11e+07	5.842	27.42
6.206e+07	5.642	26.73
6.302e+07	5.443	26.39
6.399e+07	5.245	25.75
6.496e+07	5.049	25.75
6.597e+07	4.846	24.25
6.691e+07	4.661	23.2
6.788e+07	4.47	22.34
6.885e+07	4.282	22.32
6.987e+07	4.086	22.22
7.091e+07	3.889	22.22
7.195e+07	3.693	20.54
7.302e+07	3.496	18.32
7.403e+07	3.31	17.42
7.509e+07	3.118	16.32
7.616e+07	2.927	16.32
7.725e+07	2.734	16.32
7.832e+07	2.547	16.15
7.941e+07	2.383	12.94
8.047e+07	2.456	12.5
8.154e+07	2.157	11.89
8.266e+07	1.886	10.39
8.375e+07	1.675	9.626
8.488e+07	1.459	8.788
8.545e+07	1.367	8.776
8.598e+07	1.324	8.409
8.714e+07	1.232	7.484
8.826e+07	1.144	7.33
8.938e+07	1.057	7.33
9.055e+07	1.01	7.33
9.174e+07	1.15	7.33
9.293e+07	0.8415	6.648
9.409e+07	0.9186	6.648
9.529e+07	0.6579	6.558
9.646e+07	0.8601	6.558
9.769e+07	1.166	6.558
9.892e+07	1.204	6.499
1.001e+08	0.9769	5.639
1.013e+08	0.7665	5.357
1.026e+08	0.3992	3.194
1.038e+08	0.3111	3.028
1.05e+08	0.3918	3.208
1.062e+08	0.5864	4.087
1.075e+08	0.3223	3.336
1.086e+08	0.4798	3.752
1.099e+08	0.5207	4.238
1.112e+08	0.6394	4.711
1.125e+08	0.8191	5.358
1.138e+08	0.9055	5.75
1.151e+08	0.8676	6.393
1.163e+08	0.9949	6.692
1.176e+08	1.09	7.297
1.189e+08	1.077	7.724
1.202e+08	1.179	8.086
1.215e+08	1.31	8.883
1.229e+08	1.412	9.163
1.242e+08	1.249	11.53
1.256e+08	1.306	12.54
1.268e+08	1.392	13.2
1.282e+08	1.614	15.28
1.296e+08	1.605	15.28
1.309e+08	1.562	15.28
1.323e+08	1.649	15.28
1.337e+08	1.739	15.28
1.352e+08	1.831	15.28
1.366e+08	1.924	15.28
1.38e+08	1.973	16.12
1.395e+08	2.048	16.55
1.41e+08	2.143	16.55
1.424e+08	2.238	16.56
1.438e+08	2.334	16.83
1.453e+08	2.255	19.02
1.468e+08	2.35	19.02
1.483e+08	2.444	19.07
1.498e+08	2.543	19.07
1.513e+08	2.645	19.66
1.528e+08	2.747	20.17
1.543e+08	2.848	20.77
1.558e+08	2.955	21.29
1.574e+08	2.98	21.63
1.59e+08	2.757	24.43
1.605e+08	2.854	24.43
1.621e+08	2.954	24.43
1.636e+08	3.054	24.43
1.652e+08	3.154	24.46
1.667e+08	3.256	25.14
1.683e+08	3.208	26.17
1.697e+08	3.302	26.25
1.713e+08	3.407	27.21
1.73e+08	3.513	27.39
1.745e+08	3.476	27.87
1.761e+08	3.446	29.95
1.778e+08	3.551	29.95
1.794e+08	3.658	29.95
1.811e+08	3.766	30.25
1.827e+08	3.876	30.68
1.843e+08	3.981	31.24
1.86e+08	4.097	32.13
1.876e+08	4.207	32.61
1.893e+08	4.327	33.44
1.91e+08	4.403	34.05
1.927e+08	4.515	34.62
1.944e+08	4.641	35.1
1.961e+08	4.783	35.99
1.978e+08	4.941	36.9
1.996e+08	4.428	36.9
2.012e+08	3.946	37.88
2.028e+08	4.047	38.01
2.045e+08	4.158	38.01
2.062e+08	4.272	38.8
2.079e+08	4.388	39.36
2.097e+08	4.504	39.96
2.114e+08	4.069	40.47
2.131e+08	3.9	43.1
2.148e+08	4.006	43.1
2.166e+08	4.12	43.1
2.185e+08	4.237	43.1
2.202e+08	4.353	43.91
2.221e+08	4.474	44.22
2.238e+08	4.593	45.26
2.257e+08	4.714	46.11
2.275e+08	4.834	46.34
2.293e+08	4.958	47.56
2.312e+08	5.074	47.85
2.33e+08	4.45	47.55
2.349e+08	4.575	47.92
2.368e+08	4.7	48.56
2.387e+08	4.824	49.28
2.405e+08	4.915	50.62
2.423e+08	5.039	50.8
2.443e+08	5.176	51.75
2.462e+08	5.326	52.96
2.481e+08	5.415	53.49
2.5e+08	4.816	48.96
2.52e+08	4.395	41.66
2.539e+08	3.892	41.99
2.559e+08	4.012	42.15
2.578e+08	4.134	42.15
2.597e+08	4.258	42.26
2.617e+08	4.388	43.45
2.637e+08	4.52	43.63
2.655e+08	4.64	44.36
2.675e+08	4.776	45.11
2.695e+08	4.916	46.07
2.715e+08	5.028	46.7
2.734e+08	5.164	47.69
2.754e+08	4.548	46.62
2.773e+08	4.145	47
2.794e+08	4.274	47
2.814e+08	4.406	47.23
2.835e+08	4.536	47.97
2.854e+08	4.661	48.66
2.875e+08	4.798	49.77
2.895e+08	4.926	50.47
2.916e+08	5.061	51.69
2.936e+08	5.184	52.27
2.957e+08	5.34	52.85
2.978e+08	5.491	53.7
2.999e+08	5.427	54.44
3.019e+08	5.569	55.77
3.04e+08	5.582	56.04
3.061e+08	5.57	56.65
3.082e+08	5.72	56.98
3.104e+08	5.886	58.04
3.125e+08	5.52	49.09
3.145e+08	5.084	39.64
3.165e+08	4.358	31.57
3.184e+08	3.543	23.16
3.202e+08	2.855	17.84
3.222e+08	2.028	11.93
3.225e+08	1.9	11.13
3.242e+08	1.505	8.986
3.26e+08	1.045	7.123
3.279e+08	0.6815	4.566
3.297e+08	0.4319	3.771
3.316e+08	0.4439	5.376
3.335e+08	0.7657	8.192
3.353e+08	1.162	9.578
3.372e+08	1.541	11.02
3.391e+08	1.964	12.87
3.41e+08	2.41	14.71
3.431e+08	2.847	16.4
3.45e+08	3.215	17.5
3.469e+08	3.657	19.25
3.488e+08	4.042	20.75
3.507e+08	4.517	22.76
3.528e+08	4.987	24.24
3.549e+08	5.419	25.78
3.569e+08	5.451	25.64
3.592e+08	5.333	25.31
3.614e+08	5.214	25.18
3.637e+08	5.091	24.14
3.661e+08	4.966	23.68
3.685e+08	4.842	23.44
3.709e+08	4.718	22.69
3.732e+08	4.601	22.27
3.756e+08	4.479	21.89
3.779e+08	4.362	21.41
3.803e+08	4.242	21.26
3.827e+08	4.125	20.58
3.851e+08	4.006	20.46
3.875e+08	3.888	19.83
3.899e+08	3.773	19.41
3.922e+08	3.659	18.98
3.947e+08	3.541	18.27
3.972e+08	3.424	17.97
3.996e+08	3.309	17.92
4.02e+08	3.195	17.84
4.045e+08	3.081	16.24
4.07e+08	2.966	15.8
4.095e+08	2.853	15.17
4.119e+08	2.744	14.76
4.143e+08	2.632	14.25
4.167e+08	2.525	13.84
4.193e+08	2.412	13.71
4.218e+08	2.322	12.93
4.242e+08	2.203	12.29
4.267e+08	2.093	11.78
4.268e+08	2.086	11.78
4.293e+08	2.033	11.47
4.317e+08	1.979	11.39
4.343e+08	1.925	11.08
4.368e+08	1.87	10.78
4.394e+08	1.814	10.77
4.42e+08	1.76	10.43
4.446e+08	1.735	9.932
4.471e+08	1.697	9.713
4.497e+08	1.685	9.635
4.521e+08	1.614	9.289
4.548e+08	1.541	9.088
4.574e+08	1.472	9.003
4.6e+08	1.429	8.77
4.626e+08	1.363	8.521
4.652e+08	1.299	8.252
4.678e+08	1.239	7.865
4.704e+08	1.182	7.507
4.73e+08	1.128	7.295
4.757e+08	1.074	7.088
4.783e+08	1.021	6.805
4.81e+08	0.9682	6.714
4.836e+08	0.9152	6.358
4.863e+08	0.8631	6.357
4.889e+08	0.8109	6.357
4.917e+08	0.7592	6.357
4.944e+08	0.716	6.356
4.972e+08	0.7338	6.356
4.999e+08	0.602	5.693
5.025e+08	0.5576	4.462
5.049e+08	0.5554	4.305
5.075e+08	0.6837	4.198
5.102e+08	0.5892	3.743
5.13e+08	0.5256	3.508
5.158e+08	0.4364	3.271
5.185e+08	0.3495	2.985
5.214e+08	0.2776	2.815
5.242e+08	0.2857	2.613
5.27e+08	0.1814	2.45
5.299e+08	0.2084	2.45
5.327e+08	0.1262	2.45
5.355e+08	0.1612	2.45
5.383e+08	0.2188	2.45
5.411e+08	0.2934	2.45
5.44e+08	0.312	2.45
5.467e+08	0.3367	2.696
5.496e+08	0.4054	2.962
5.524e+08	0.3981	3.412
5.552e+08	0.5263	3.831
5.579e+08	0.4806	3.943
5.608e+08	0.51	4.331
5.636e+08	0.6721	6.233
5.665e+08	0.6083	6.233
5.695e+08	0.6241	6.236
5.724e+08	0.6661	6.24
5.753e+08	0.7108	6.244
5.783e+08	0.7599	6.245
5.812e+08	0.8093	6.278
5.841e+08	0.8589	6.363
5.871e+08	0.9091	6.435
5.901e+08	0.9614	6.76
5.93e+08	1.013	6.998
5.96e+08	1.043	7.397
5.988e+08	1.092	7.573
6.018e+08	1.143	7.93
6.047e+08	1.163	8.823
6.078e+08	1.186	10.15
6.107e+08	1.234	10.15
6.138e+08	1.284	10.17
6.167e+08	1.332	10.17
6.197e+08	1.382	10.17
6.227e+08	1.433	10.18
6.258e+08	1.485	10.31
6.288e+08	1.536	10.67
6.319e+08	1.536	11.66
6.35e+08	1.569	12.18
6.38e+08	1.62	12.18
6.411e+08	1.671	12.18
6.443e+08	1.723	12.18
6.474e+08	1.774	12.25
6.505e+08	1.826	12.26
6.536e+08	1.879	12.46
6.567e+08	1.931	12.83
6.598e+08	1.984	13.13
6.629e+08	2.039	13.52
6.661e+08	2.096	13.85
6.693e+08	2.158	14.06
6.724e+08	2.22	14.44
6.755e+08	2.282	14.76
6.787e+08	2.356	15.13
6.819e+08	2.366	15.29
6.851e+08	2.416	15.67
6.882e+08	2.347	16.04
6.913e+08	2.4	16.2
6.945e+08	2.445	16.58
6.978e+08	2.502	16.83
7.01e+08	2.555	16.99
7.042e+08	2.606	17.29
7.074e+08	2.664	17.47
7.106e+08	2.721	17.88
7.139e+08	2.763	18.33
7.171e+08	2.826	18.69
7.203e+08	2.893	18.91
7.236e+08	2.905	19.22
7.268e+08	2.967	19.4
7.301e+08	3.007	19.83
7.333e+08	3.073	20.03
7.367e+08	2.874	20.33
7.4e+08	2.851	20.82
7.433e+08	2.907	20.97
7.467e+08	2.963	21.25
7.5e+08	3.017	21.67
7.533e+08	3.073	21.67
7.567e+08	3.132	21.87
7.601e+08	3.19	22.24
7.634e+08	3.244	22.59
7.668e+08	3.305	23.22
7.703e+08	3.362	23.48
7.737e+08	3.425	23.77
7.771e+08	3.49	24.03
7.804e+08	3.273	24.03
7.836e+08	3.219	24.74
7.867e+08	3.27	24.8
7.9e+08	3.326	24.8
7.934e+08	3.335	25.22
7.968e+08	3.301	26.09
8.001e+08	3.354	26.11
8.035e+08	3.41	26.11
8.07e+08	3.467	26.4
8.104e+08	3.524	26.79
8.138e+08	3.474	27.11
8.173e+08	3.531	27.23
8.208e+08	3.589	27.6
8.243e+08	3.635	28.29
8.277e+08	3.692	28.34
8.312e+08	3.749	28.71
8.346e+08	3.806	28.9
8.381e+08	3.735	29.07
8.416e+08	3.697	29.57
8.45e+08	3.59	30.94
8.483e+08	3.642	30.94
8.519e+08	3.7	30.94
8.554e+08	3.757	30.94
8.59e+08	3.816	31.12
8.626e+08	3.874	31.32
8.661e+08	3.932	31.89
8.697e+08	3.992	32.24
8.733e+08	3.972	32.39
8.769e+08	4.002	32.52
8.804e+08	3.835	33.68
8.838e+08	3.863	34.03
8.874e+08	3.92	34.03
8.91e+08	3.979	34.03
8.946e+08	4.038	34.37
8.982e+08	4.098	34.71
9.019e+08	4.158	34.94
9.055e+08	4.219	35.51
9.09e+08	4.278	35.52
9.128e+08	4.339	35.79
9.164e+08	4.287	36.07
9.2e+08	4.16	36.41
9.234e+08	4.217	36.54
9.272e+08	4.145	36.88
9.308e+08	4.205	37.24
9.345e+08	4.266	37.52
9.383e+08	4.329	38.03
9.42e+08	4.391	38.24
9.458e+08	4.455	38.79
9.495e+08	4.518	39.21
9.532e+08	4.484	39.34
9.568e+08	4.414	39.58
9.602e+08	4.146	40.59
9.635e+08	3.931	42.08
9.669e+08	3.971	42.17
9.706e+08	4.028	42.23
9.744e+08	4.088	42.23
9.783e+08	4.148	42.23
9.821e+08	4.209	42.23
9.859e+08	4.27	42.23
9.897e+08	4.333	42.26
9.935e+08	4.394	42.57
9.973e+08	4.457	42.88
1.001e+09	4.447	43.3
1.005e+09	4.172	44.32
1.008e+09	4.227	44.32
1.012e+09	4.29	44.33
1.016e+09	4.354	44.33
1.02e+09	4.418	44.94
1.024e+09	4.482	45.27
1.028e+09	4.547	45.65
1.032e+09	4.612	45.92
1.036e+09	4.679	46.31
1.04e+09	4.746	46.91
1.044e+09	4.493	46.58
1.048e+09	4.287	46.61
1.052e+09	4.216	46.92
1.056e+09	4.275	46.92
1.059e+09	4.327	46.91
1.063e+09	4.391	46.92
1.067e+09	4.455	47.07
1.071e+09	4.44	47.18
1.075e+09	4.193	46.39
1.079e+09	4.187	46.65
1.083e+09	4.25	46.75
1.087e+09	4.312	46.77
1.091e+09	4.376	46.77
1.095e+09	4.346	46.63
1.099e+09	4.243	46.72
1.103e+09	4.303	46.74
1.107e+09	4.369	46.94
1.111e+09	4.434	47.03
1.115e+09	4.5	47.54
1.119e+09	4.566	47.65
1.123e+09	4.634	48.23
1.127e+09	4.699	48.51
1.131e+09	4.764	49.16
1.135e+09	4.533	46.64
1.139e+09	4.461	42.36
1.143e+09	4.088	34.57
1.147e+09	3.744	29.96
1.151e+09	3.391	26.15
1.155e+09	3.01	22.69
1.159e+09	2.599	19.5
1.162e+09	2.219	16.63
1.166e+09	1.801	13.58
1.17e+09	1.387	11.38
1.173e+09	1.011	9.099
1.177e+09	0.6911	6.58
1.18e+09	0.4911	5.255
1.184e+09	0.4489	4.344
1.185e+09	0.4864	4.751
1.187e+09	0.5371	4.768
1.191e+09	0.6764	5.811
1.195e+09	0.8639	6.943
1.198e+09	1.066	8.025
1.202e+09	1.296	9.117
1.206e+09	1.535	10.29
1.21e+09	1.737	11.3
1.214e+09	1.944	12.14
1.217e+09	2.154	13.07
1.221e+09	2.358	13.92
1.225e+09	2.575	14.79
1.229e+09	2.801	15.8
1.233e+09	3.03	16.74
1.237e+09	3.232	17.51
1.241e+09	3.444	18.29
1.245e+09	3.681	19.36
1.248e+09	3.891	20.32
1.252e+09	4.126	21.2
1.256e+09	4.346	22.1
1.26e+09	4.554	22.8
1.264e+09	4.641	22.91
1.267e+09	4.785	22.95
1.271e+09	4.96	23.52
1.275e+09	5.178	24.95
1.279e+09	5.385	25.86
1.283e+09	5.599	26.83
1.286e+09	5.797	27.8
1.29e+09	5.994	29.06
1.294e+09	6.224	29.88
1.298e+09	6.447	30.5
1.302e+09	6.659	31.36
1.306e+09	6.874	32.33
1.31e+09	7.101	33.34
1.314e+09	7.341	34.03
1.318e+09	7.551	35.03
1.322e+09	7.625	35.25
1.326e+09	7.572	34.94
1.33e+09	7.512	34.83
1.334e+09	7.453	34.55
1.339e+09	7.393	34.27
1.343e+09	7.333	33.94
1.348e+09	7.273	33.57
1.352e+09	7.212	33.35
1.356e+09	7.154	33.02
1.361e+09	7.094	32.78
1.365e+09	7.035	32.75
1.37e+09	6.976	32.38
1.374e+09	6.917	32.2
1.378e+09	6.86	32.19
1.383e+09	6.801	31.83
1.387e+09	6.744	31.68
1.391e+09	6.685	31.6
1.396e+09	6.627	31.45
1.4e+09	6.57	30.83
1.404e+09	6.513	30.62
1.409e+09	6.456	30.39
1.413e+09	6.399	30.24
1.418e+09	6.341	30.13
1.422e+09	6.285	30
1.426e+09	6.229	29.95
1.431e+09	6.173	29.76
1.435e+09	6.116	29.32
1.439e+09	6.061	29.29
1.444e+09	6.004	28.91
1.448e+09	5.948	28.53
1.452e+09	5.895	28.32
1.457e+09	5.84	28.02
1.461e+09	5.785	27.73
1.465e+09	5.73	27.54
1.47e+09	5.676	27.42
1.474e+09	5.62	27.16
1.478e+09	5.565	26.86
1.483e+09	5.51	26.67
1.487e+09	5.456	26.51
1.491e+09	5.402	26.46
1.496e+09	5.348	26.08
1.5e+09	5.297	25.77
1.504e+09	5.247	25.62
1.508e+09	5.195	25.53
1.512e+09	5.144	25.24
1.517e+09	5.093	25.04
1.521e+09	5.042	24.89
1.525e+09	4.992	24.88
1.529e+09	4.942	24.56
1.533e+09	4.893	24.26
1.537e+09	4.843	24.08
1.541e+09	4.793	23.88
1.545e+09	4.745	23.6
1.549e+09	4.696	23.55
1.554e+09	4.647	23.26
1.558e+09	4.598	23.13
1.562e+09	4.549	22.94
1.566e+09	4.499	22.73
1.57e+09	4.451	22.59
1.574e+09	4.403	22.41
1.578e+09	4.354	22.28
1.582e+09	4.306	21.98
1.587e+09	4.257	21.72
1.591e+09	4.208	21.5
1.595e+09	4.16	21.12
1.597e+09	4.135	21.09
1.599e+09	4.123	21.06
1.603e+09	4.099	20.96
1.607e+09	4.076	20.88
1.612e+09	4.052	20.78
1.616e+09	4.028	20.66
1.62e+09	4.005	20.54
1.624e+09	3.981	20.44
1.628e+09	3.957	20.33
1.632e+09	3.934	20.27
1.636e+09	3.909	20.12
1.64e+09	3.885	19.96
1.645e+09	3.861	19.88
1.649e+09	3.838	19.81
1.653e+09	3.814	19.65
1.657e+09	3.79	19.61
1.661e+09	3.767	19.54
1.665e+09	3.744	19.44
1.669e+09	3.722	19.41
1.673e+09	3.699	19.29
1.678e+09	3.676	19.2
1.682e+09	3.652	19.07
1.686e+09	3.63	19.03
1.69e+09	3.608	18.94
1.694e+09	3.585	18.79
1.698e+09	3.561	18.64
1.702e+09	3.537	18.43
1.706e+09	3.514	18.29
1.711e+09	3.49	18.2
1.715e+09	3.467	18.11
1.719e+09	3.444	18
1.723e+09	3.421	17.9
1.727e+09	3.398	17.77
1.731e+09	3.375	17.76
1.735e+09	3.352	17.6
1.74e+09	3.329	17.52
1.744e+09	3.307	17.47
1.748e+09	3.286	17.35
1.752e+09	3.264	17.26
1.756e+09	3.24	17.17
1.76e+09	3.218	17.14
1.764e+09	3.195	17.03
1.768e+09	3.173	16.96
1.772e+09	3.15	16.9
1.777e+09	3.127	16.74
1.781e+09	3.105	16.66
1.785e+09	3.082	16.53
1.789e+09	3.059	16.45
1.793e+09	3.036	16.32
1.797e+09	3.014	16.15
1.802e+09	2.992	16.03
1.806e+09	2.971	15.92
1.81e+09	2.949	15.83
1.814e+09	2.928	15.77
1.818e+09	2.905	15.7
1.822e+09	2.883	15.53
1.826e+09	2.86	15.42
1.83e+09	2.838	15.29
1.834e+09	2.815	15.2
1.839e+09	2.793	15.05
1.843e+09	2.772	15.03
1.847e+09	2.75	15.02
1.851e+09	2.728	14.92
1.855e+09	2.706	14.87
1.859e+09	2.684	14.74
1.863e+09	2.662	14.54
1.867e+09	2.639	14.37
1.872e+09	2.617	14.28
1.876e+09	2.595	14.17
1.88e+09	2.573	14.14
1.884e+09	2.551	14.11
1.888e+09	2.529	14.02
1.892e+09	2.507	13.86
1.897e+09	2.486	13.83
1.9e+09	2.466	13.63
1.905e+09	2.445	13.47
1.909e+09	2.424	13.4
1.913e+09	2.402	13.29
1.917e+09	2.382	13.28
1.921e+09	2.362	13.2
1.925e+09	2.34	13.03
1.929e+09	2.318	12.92
1.933e+09	2.297	12.84
1.937e+09	2.276	12.7
1.941e+09	2.254	12.62
1.946e+09	2.233	12.52
1.95e+09	2.213	12.45
1.954e+09	2.191	12.34
1.958e+09	2.173	12.29
1.962e+09	2.153	12.23
1.966e+09	2.132	12.17
1.97e+09	2.11	12.03
1.974e+09	2.09	11.98
1.979e+09	2.068	11.84
1.983e+09	2.047	11.67
1.987e+09	2.025	11.56
1.991e+09	2.004	11.5
1.995e+09	1.983	11.41
1.999e+09	1.963	11.35
2.003e+09	1.942	11.24
2.007e+09	1.921	11.09
2.011e+09	1.9	10.94
2.016e+09	1.879	10.88
2.02e+09	1.859	10.77
2.024e+09	1.837	10.64
2.028e+09	1.819	10.54
2.032e+09	1.797	10.48
2.036e+09	1.777	10.46
2.04e+09	1.757	10.35
2.044e+09	1.736	10.18
2.049e+09	1.715	10.01
2.053e+09	1.694	9.904
2.057e+09	1.674	9.812
2.061e+09	1.653	9.789
2.065e+09	1.633	9.73
2.069e+09	1.612	9.682
2.074e+09	1.592	9.63
2.078e+09	1.572	9.62
2.082e+09	1.552	9.268
2.086e+09	1.536	9.194
2.09e+09	1.516	9.141
2.094e+09	1.495	9.03
2.098e+09	1.479	9
2.102e+09	1.46	8.914
2.106e+09	1.438	8.764
2.111e+09	1.417	8.686
2.115e+09	1.396	8.567
2.119e+09	1.376	8.481
2.123e+09	1.356	8.41
2.127e+09	1.335	8.248
2.131e+09	1.332	8.245
2.136e+09	1.307	8.169
2.14e+09	1.284	7.985
2.144e+09	1.307	7.929
2.148e+09	1.281	7.809
2.152e+09	1.301	7.706
2.156e+09	1.272	7.603
2.16e+09	1.244	7.541
2.164e+09	1.215	7.426
2.168e+09	1.187	7.369
2.173e+09	1.16	7.195
2.177e+09	1.134	7.096
2.181e+09	1.108	6.944
2.185e+09	1.083	6.914
2.189e+09	1.073	6.757
2.193e+09	1.073	6.673
2.197e+09	1.058	6.593
2.201e+09	1.031	6.561
2.206e+09	1.004	6.506
2.21e+09	0.9801	6.433
2.214e+09	0.9699	6.362
2.218e+09	0.9435	6.26
2.222e+09	0.917	6.175
2.226e+09	0.8924	6.02
2.23e+09	0.9167	5.903
2.235e+09	0.9075	5.827
2.239e+09	0.8788	5.732
2.243e+09	0.8525	5.503
2.247e+09	0.8423	5.355
2.251e+09	0.8187	5.303
2.255e+09	0.7917	5.191
2.259e+09	0.7662	5.07
2.264e+09	0.776	5.029
2.268e+09	0.7474	4.955
2.272e+09	0.7186	4.853
2.276e+09	0.6917	4.716
2.28e+09	0.6629	4.599
2.284e+09	0.6357	4.478
2.289e+09	0.6396	4.412
2.293e+09	0.6113	4.293
2.297e+09	0.5874	4.194
2.301e+09	0.571	4.169
2.305e+09	0.5862	4.103
2.309e+09	0.5819	4.067
2.313e+09	0.5521	3.96
2.317e+09	0.5298	3.84
2.322e+09	0.4982	3.668
2.326e+09	0.4718	3.576
2.33e+09	0.4579	3.488
2.334e+09	0.4294	3.355
2.338e+09	0.4228	3.205
2.342e+09	0.3975	3.11
2.346e+09	0.3903	2.984
2.351e+09	0.3628	2.927
2.355e+09	0.3353	2.808
2.359e+09	0.3087	2.736
2.363e+09	0.2821	2.708
2.367e+09	0.2579	2.553
2.371e+09	0.2369	2.481
2.375e+09	0.2142	2.45
2.38e+09	0.1963	2.449
2.384e+09	0.2056	2.38
2.388e+09	0.1928	2.23
2.392e+09	0.1796	2.159
2.396e+09	0.1794	1.934
2.4e+09	0.1847	1.823
2.405e+09	0.2102	1.78
2.409e+09	0.1787	1.78
2.413e+09	0.1485	1.78
2.417e+09	0.1356	1.78
2.421e+09	0.1263	1.78
2.425e+09	0.1377	1.78
2.43e+09	0.1362	1.78
2.434e+09	0.1633	1.78
2.438e+09	0.1516	1.78
2.442e+09	0.1822	1.78
2.446e+09	0.1858	1.78
2.45e+09	0.1882	1.78
2.454e+09	0.1767	1.779
2.459e+09	0.1682	1.762
2.463e+09	0.1746	1.803
2.467e+09	0.1912	1.853
2.471e+09	0.195	1.915
2.475e+09	0.2128	2.065
2.479e+09	0.2314	2.147
2.483e+09	0.2514	2.251
2.487e+09	0.2734	2.333
2.492e+09	0.2978	2.424
2.496e+09	0.3246	2.628
2.5e+09	0.3462	2.835
2.504e+09	0.3721	2.862
2.508e+09	0.3967	2.909
2.512e+09	0.426	2.913
2.516e+09	0.4501	3.026
2.521e+09	0.395	3.036
2.525e+09	0.4074	3.225
2.529e+09	0.4255	3.265
2.533e+09	0.4435	3.334
2.537e+09	0.4534	3.687
2.541e+09	0.4704	3.687
2.545e+09	0.4883	3.703
2.549e+09	0.5048	3.775
2.553e+09	0.5203	3.892
2.557e+09	0.5382	3.903
2.562e+09	0.556	4.076
2.566e+09	0.5611	4.507
2.57e+09	0.5637	5.433
2.574e+09	0.5816	5.438
2.578e+09	0.5986	5.44
2.582e+09	0.6158	5.441
2.586e+09	0.6332	5.441
2.591e+09	0.6509	5.441
2.595e+09	0.6684	5.443
2.599e+09	0.6859	5.448
2.603e+09	0.7029	5.47
2.607e+09	0.7204	5.47
2.611e+09	0.7384	5.478
2.616e+09	0.7566	5.48
2.62e+09	0.7678	5.771
2.624e+09	0.7849	5.78
2.628e+09	0.7974	5.991
2.632e+09	0.8152	5.992
2.636e+09	0.8329	6.002
2.64e+09	0.848	6.114
2.645e+09	0.8603	6.316
2.649e+09	0.8774	6.316
2.653e+09	0.891	6.554
2.657e+09	0.8959	6.967
2.661e+09	0.91	7.107
2.665e+09	0.927	7.113
2.669e+09	0.9441	7.118
2.673e+09	0.9615	7.127
2.677e+09	0.9791	7.139
2.682e+09	0.9725	7.898
2.686e+09	0.9688	8.539
2.689e+09	0.9843	8.54
2.694e+09	1.002	8.541
2.698e+09	1.019	8.541
2.702e+09	1.034	8.639
2.706e+09	1.05	8.639
2.71e+09	1.067	8.639
2.714e+09	1.085	8.639
2.718e+09	1.102	8.639
2.723e+09	1.119	8.645
2.727e+09	1.136	8.645
2.731e+09	1.153	8.65
2.735e+09	1.17	8.661
2.739e+09	1.187	8.672
2.743e+09	1.205	8.672
2.748e+09	1.223	8.675
2.752e+09	1.24	8.676
2.756e+09	1.258	8.679
2.76e+09	1.275	8.679
2.764e+09	1.293	8.681
2.768e+09	1.31	8.684
2.772e+09	1.328	8.69
2.777e+09	1.339	8.921
2.781e+09	1.337	9.389
2.784e+09	1.353	9.389
2.788e+09	1.37	9.389
2.793e+09	1.387	9.389
2.797e+09	1.405	9.391
2.801e+09	1.415	9.579
2.805e+09	1.419	9.962
2.809e+09	1.43	10.11
2.813e+09	1.441	10.28
2.817e+09	1.458	10.29
2.821e+09	1.475	10.29
2.825e+09	1.485	10.49
2.829e+09	1.502	10.49
2.834e+09	1.519	10.5
2.838e+09	1.537	10.51
2.842e+09	1.554	10.51
2.846e+09	1.572	10.51
2.85e+09	1.585	10.64
2.855e+09	1.597	10.73
2.859e+09	1.614	10.85
2.863e+09	1.631	10.95
2.867e+09	1.648	11.05
2.871e+09	1.666	11.06
2.875e+09	1.668	11.21
2.879e+09	1.667	11.55
2.883e+09	1.684	11.55
2.887e+09	1.702	11.55
2.891e+09	1.707	11.76
2.896e+09	1.692	12.37
2.9e+09	1.71	12.38
2.904e+09	1.727	12.38
2.908e+09	1.744	12.38
2.912e+09	1.761	12.39
2.916e+09	1.778	12.42
2.921e+09	1.795	12.43
2.925e+09	1.812	12.43
2.929e+09	1.822	12.6
2.933e+09	1.839	12.6
2.937e+09	1.857	12.6
2.941e+09	1.872	12.69
2.945e+09	1.889	12.71
2.95e+09	1.907	12.8
2.954e+09	1.915	12.95
2.958e+09	1.933	13.06
2.962e+09	1.95	13.1
2.966e+09	1.967	13.19
2.97e+09	1.985	13.24
2.974e+09	1.978	13.33
2.978e+09	1.986	13.5
2.982e+09	2.003	13.51
2.986e+09	2.02	13.68
2.991e+09	2.038	13.7
2.995e+09	2.042	13.75
2.999e+09	2.059	13.87
3.003e+09	2.077	13.97
3.007e+09	2.094	14.09
3.011e+09	2.112	14.12
3.016e+09	2.118	14.22
3.02e+09	2.135	14.32
3.024e+09	2.145	14.45
3.028e+09	2.105	14.99
3.031e+09	2.115	15.09
3.035e+09	2.132	15.09
3.04e+09	2.144	15.15
3.044e+09	2.161	15.15
3.048e+09	2.178	15.15
3.052e+09	2.195	15.16
3.056e+09	2.213	15.16
3.06e+09	2.23	15.16
3.064e+09	2.225	15.5
3.069e+09	2.213	16
3.072e+09	2.229	16
3.077e+09	2.246	16
3.081e+09	2.263	16
3.085e+09	2.281	16
3.089e+09	2.298	16.01
3.093e+09	2.277	16.6
3.097e+09	2.281	16.75
3.101e+09	2.298	16.75
3.106e+09	2.315	16.75
3.11e+09	2.333	16.76
3.114e+09	2.35	16.77
3.118e+09	2.367	16.77
3.122e+09	2.384	16.78
3.126e+09	2.379	17.1
3.13e+09	2.396	17.1
3.135e+09	2.413	17.1
3.139e+09	2.42	17.32
3.143e+09	2.437	17.32
3.147e+09	2.454	17.32
3.151e+09	2.472	17.32
3.155e+09	2.489	17.33
3.159e+09	2.506	17.33
3.164e+09	2.523	17.37
3.168e+09	2.523	17.59
3.172e+09	2.536	17.69
3.176e+09	2.546	17.77
3.18e+09	2.562	17.79
3.183e+09	2.534	18.3
3.187e+09	2.55	18.31
3.191e+09	2.566	18.31
3.195e+09	2.569	18.5
3.199e+09	2.586	18.5
3.204e+09	2.604	18.5
3.208e+09	2.591	18.86
3.212e+09	2.576	19.28
3.216e+09	2.593	19.28
3.22e+09	2.61	19.28
3.225e+09	2.627	19.28
3.229e+09	2.645	19.28
3.233e+09	2.662	19.28
3.237e+09	2.679	19.28
3.241e+09	2.697	19.29
3.246e+09	2.714	19.29
3.25e+09	2.724	19.4
3.254e+09	2.742	19.4
3.258e+09	2.759	19.4
3.262e+09	2.725	19.97
3.266e+09	2.727	20.17
3.27e+09	2.699	20.75
3.274e+09	2.716	20.76
3.278e+09	2.726	20.85
3.282e+09	2.743	20.85
3.286e+09	2.759	20.85
3.291e+09	2.777	20.86
3.295e+09	2.793	20.86
3.299e+09	2.81	20.87
3.303e+09	2.827	20.87
3.307e+09	2.844	20.89
3.311e+09	2.86	20.89
3.315e+09	2.877	20.89
3.319e+09	2.895	20.89
3.323e+09	2.895	21.1
3.328e+09	2.896	21.25
3.332e+09	2.913	21.26
3.336e+09	2.93	21.26
3.34e+09	2.947	21.26
3.344e+09	2.964	21.27
3.348e+09	2.981	21.3
3.352e+09	2.998	21.4
3.356e+09	3.015	21.44
3.361e+09	3.011	21.57
3.365e+09	3.028	21.61
3.369e+09	3.045	21.73
3.373e+09	3.035	21.88
3.377e+09	3.051	22
3.381e+09	2.994	22.61
3.385e+09	3.01	22.61
3.389e+09	3.026	22.62
3.393e+09	3.043	22.62
3.397e+09	3.06	22.62
3.401e+09	3.077	22.62
3.405e+09	3.095	22.62
3.41e+09	3.111	22.65
3.414e+09	3.129	22.71
3.418e+09	3.146	22.82
3.422e+09	3.119	23.09
3.426e+09	3.115	23.37
3.431e+09	3.13	23.39
3.435e+09	3.137	23.49
3.439e+09	3.154	23.49
3.443e+09	3.171	23.5
3.447e+09	3.189	23.51
3.451e+09	3.205	23.51
3.455e+09	3.222	23.61
3.459e+09	3.239	23.67
3.464e+09	3.234	23.78
3.468e+09	3.222	24.1
3.472e+09	3.239	24.11
3.476e+09	3.256	24.11
3.48e+09	3.273	24.16
3.484e+09	3.29	24.33
3.489e+09	3.307	24.41
3.493e+09	3.325	24.55
3.497e+09	3.342	24.61
3.501e+09	3.36	24.69
3.505e+09	3.378	24.83
3.509e+09	3.325	24.8
3.513e+09	3.306	25
3.517e+09	3.291	25.34
3.521e+09	3.26	25.77
3.526e+09	3.277	25.77
3.53e+09	3.294	25.77
3.534e+09	3.311	25.77
3.538e+09	3.328	25.77
3.542e+09	3.346	25.77
3.546e+09	3.363	25.77
3.551e+09	3.38	25.78
3.555e+09	3.397	25.78
3.559e+09	3.409	25.87
3.563e+09	3.426	25.87
3.567e+09	3.444	26.01
3.571e+09	3.461	26.09
3.576e+09	3.478	26.17
3.58e+09	3.494	26.22
3.584e+09	3.511	26.32
3.588e+09	3.528	26.43
3.592e+09	3.546	26.52
3.596e+09	3.563	26.65
3.6e+09	3.58	26.76
3.604e+09	3.597	26.87
3.608e+09	3.576	26.92
3.612e+09	3.575	27
3.617e+09	3.568	27.02
3.62e+09	3.584	27.11
3.624e+09	3.58	27.2
3.629e+09	3.598	27.31
3.633e+09	3.587	27.38
3.637e+09	3.578	27.44
3.641e+09	3.54	27.74
3.645e+09	3.557	27.75
3.649e+09	3.575	27.75
3.654e+09	3.591	27.75
3.658e+09	3.609	27.86
3.662e+09	3.617	27.96
3.666e+09	3.547	28.51
3.67e+09	3.55	28.63
3.674e+09	3.567	28.63
3.678e+09	3.584	28.64
3.682e+09	3.601	28.64
3.686e+09	3.618	28.64
3.69e+09	3.635	28.65
3.694e+09	3.621	28.88
3.698e+09	3.6	29.23
3.702e+09	3.613	29.29
3.706e+09	3.594	29.61
3.71e+09	3.611	29.61
3.715e+09	3.628	29.61
3.719e+09	3.645	29.62
3.723e+09	3.662	29.62
3.727e+09	3.679	29.62
3.731e+09	3.696	29.62
3.735e+09	3.713	29.62
3.74e+09	3.723	29.69
3.744e+09	3.74	29.69
3.748e+09	3.708	30.07
3.752e+09	3.681	30.42
3.755e+09	3.696	30.43
3.76e+09	3.713	30.43
3.764e+09	3.73	30.43
3.768e+09	3.748	30.43
3.772e+09	3.765	30.43
3.776e+09	3.782	30.45
3.781e+09	3.799	30.47
3.785e+09	3.816	30.51
3.789e+09	3.834	30.62
3.793e+09	3.822	30.72
3.797e+09	3.801	30.9
3.801e+09	3.818	30.91
3.805e+09	3.834	30.96
3.809e+09	3.851	31.1
3.814e+09	3.815	31.31
3.817e+09	3.806	31.56
3.821e+09	3.823	31.56
3.826e+09	3.84	31.56
3.83e+09	3.852	31.64
3.834e+09	3.869	31.66
3.838e+09	3.886	31.76
3.842e+09	3.903	31.83
3.846e+09	3.92	31.91
3.85e+09	3.937	31.97
3.854e+09	3.954	32.07
3.859e+09	3.971	32.16
3.863e+09	3.976	32.34
3.867e+09	3.993	32.57
3.871e+09	4.01	32.64
3.875e+09	4.027	32.77
3.879e+09	4.01	32.84
3.883e+09	4.006	33.02
3.887e+09	4.023	33.07
3.891e+09	4.04	33.08
3.895e+09	4.057	33.11
3.9e+09	4.074	33.17
3.904e+09	4.092	33.3
3.908e+09	4.066	33.36
3.912e+09	4.081	33.44
3.916e+09	4.028	33.45
3.92e+09	3.962	33.51
3.924e+09	3.936	33.8
3.928e+09	3.899	34.14
3.932e+09	3.914	34.14
3.936e+09	3.931	34.14
3.94e+09	3.948	34.14
3.944e+09	3.965	34.14
3.948e+09	3.982	34.15
3.952e+09	3.973	34.33
3.956e+09	3.989	34.33
3.96e+09	3.984	34.46
3.965e+09	3.972	34.67
3.969e+09	3.989	34.68
3.973e+09	4.006	34.69
3.977e+09	4.023	34.7
3.981e+09	4.039	34.79
3.985e+09	4.056	34.89
3.989e+09	4.074	34.99
3.994e+09	4.091	35
3.998e+09	4.108	35.06
4.002e+09	4.125	35.19
4.006e+09	4.142	35.35
4.01e+09	4.158	35.46
4.014e+09	4.175	35.5
4.018e+09	4.193	35.65
4.023e+09	4.163	35.72
4.027e+09	4.163	35.76
4.031e+09	4.18	35.95
4.035e+09	4.197	36.02
4.039e+09	4.215	36.13
4.043e+09	4.232	36.21
4.047e+09	4.249	36.32
4.051e+09	4.262	36.39
4.056e+09	4.17	36.26
4.06e+09	4.12	36.3
4.063e+09	4.136	36.32
4.068e+09	4.153	36.41
4.072e+09	4.17	36.47
4.076e+09	4.187	36.56
4.08e+09	4.204	36.59
4.084e+09	4.222	36.72
4.089e+09	4.239	36.91
4.093e+09	4.189	36.9
4.097e+09	4.168	36.96
4.1e+09	4.1	37.52
4.104e+09	4.098	37.63
4.108e+09	4.114	37.63
4.112e+09	4.131	37.63
4.116e+09	4.148	37.63
4.12e+09	4.164	37.65
4.124e+09	4.18	37.65
4.129e+09	4.198	37.65
4.133e+09	4.215	37.77
4.137e+09	4.218	37.84
4.141e+09	4.142	38.32
4.145e+09	4.115	38.66
4.149e+09	4.132	38.66
4.153e+09	4.148	38.66
4.157e+09	4.165	38.66
4.162e+09	4.182	38.66
4.166e+09	4.199	38.67
4.17e+09	4.216	38.67
4.174e+09	4.231	38.7
4.178e+09	4.182	38.99
4.182e+09	4.198	38.99
4.186e+09	4.214	39
4.19e+09	4.231	39
4.195e+09	4.22	39.16
4.198e+09	4.196	39.12
4.202e+09	4.168	38.47
4.206e+09	4.04	36.3
4.21e+09	3.93	34.44
4.214e+09	3.825	32.83
4.218e+09	3.717	31.45
4.222e+09	3.621	30.12
4.226e+09	3.526	28.95
4.23e+09	3.429	27.78
4.234e+09	3.326	26.73
4.238e+09	3.225	25.66
4.242e+09	3.126	24.76
4.246e+09	3.038	23.86
4.249e+09	2.955	23.06
4.253e+09	2.865	22.28
4.256e+09	2.782	21.51
4.26e+09	2.68	20.7
4.263e+09	2.597	19.97
4.267e+09	2.508	19.19
4.271e+09	2.398	18.43
4.275e+09	2.298	17.65
4.279e+09	2.201	16.83
4.283e+09	2.095	16.1
4.286e+09	1.999	15.38
4.29e+09	1.899	14.63
4.294e+09	1.805	14.05
4.297e+09	1.71	13.23
4.301e+09	1.6	12.57
4.305e+09	1.498	11.92
4.309e+09	1.392	11.27
4.313e+09	1.295	10.56
4.316e+09	1.197	9.963
4.32e+09	1.085	9.343
4.324e+09	0.9738	8.653
4.328e+09	0.8645	8.001
4.331e+09	0.7648	7.453
4.335e+09	0.673	6.851
4.339e+09	0.5696	6.247
4.342e+09	0.4715	5.668
4.346e+09	0.3628	5.128
4.349e+09	0.2768	4.678
4.353e+09	0.1956	4.407
4.356e+09	0.1542	4.21
4.36e+09	0.1863	4.592
4.363e+09	0.2266	4.276
4.367e+09	0.2956	4.231
4.371e+09	0.3692	3.958
4.375e+09	0.4748	3.895
4.379e+09	0.5941	4.394
4.383e+09	0.7107	4.935
4.386e+09	0.809	5.428
4.39e+09	0.9184	6.018
4.394e+09	1.028	6.509
4.397e+09	1.123	6.957
4.401e+09	1.231	7.609
4.404e+09	1.322	8.034
4.408e+09	1.408	8.38
4.412e+09	1.515	8.885
4.415e+09	1.622	9.446
4.419e+09	1.733	9.961
4.423e+09	1.849	10.47
4.427e+09	1.959	10.95
4.43e+09	2.068	11.44
4.434e+09	2.175	11.99
4.438e+09	2.282	12.49
4.441e+09	2.392	12.97
4.445e+09	2.5	13.43
4.449e+09	2.604	13.89
4.452e+09	2.699	14.31
4.456e+09	2.796	14.67
4.46e+09	2.907	15.19
4.463e+09	2.995	15.55
4.466e+09	3.091	15.97
4.47e+09	3.198	16.41
4.474e+09	3.3	16.84
4.477e+09	3.405	17.32
4.481e+09	3.513	17.8
4.485e+09	3.63	18.33
4.486e+09	3.651	18.4
4.489e+09	3.696	18.57
4.492e+09	3.741	18.75
4.495e+09	3.79	18.95
4.499e+09	3.851	19.23
4.503e+09	3.902	19.47
4.507e+09	3.903	19.49
4.511e+09	3.891	19.44
4.515e+09	3.878	19.4
4.519e+09	3.866	19.31
4.523e+09	3.853	19.25
4.528e+09	3.841	19.22
4.532e+09	3.828	19.18
4.536e+09	3.816	19.16
4.54e+09	3.803	19.1
4.544e+09	3.791	19.07
4.548e+09	3.779	18.96
4.552e+09	3.767	18.93
4.557e+09	3.755	18.91
4.56e+09	3.743	18.88
4.565e+09	3.731	18.83
4.569e+09	3.719	18.77
4.57e+09	3.716	18.74
4.573e+09	3.711	18.72
4.577e+09	3.705	18.68
4.581e+09	3.699	18.66
4.585e+09	3.693	18.62
4.59e+09	3.687	18.6
4.594e+09	3.681	18.59
4.598e+09	3.674	18.57
4.602e+09	3.669	18.52
4.606e+09	3.663	18.49
4.61e+09	3.657	18.47
4.614e+09	3.651	18.45
4.618e+09	3.644	18.44
4.622e+09	3.638	18.4
4.626e+09	3.633	18.39
4.631e+09	3.627	18.36
4.635e+09	3.62	18.33
4.639e+09	3.614	18.3
4.643e+09	3.608	18.29
4.647e+09	3.602	18.25
4.651e+09	3.596	18.22
4.656e+09	3.59	18.17
4.66e+09	3.584	18.15
4.664e+09	3.578	18.11
4.668e+09	3.572	18.09
4.672e+09	3.566	18.06
4.676e+09	3.56	18.04
4.68e+09	3.554	18.02
4.684e+09	3.548	17.99
4.689e+09	3.541	17.96
4.693e+09	3.535	17.94
4.697e+09	3.529	17.92
4.701e+09	3.524	17.92
4.705e+09	3.518	17.88
4.709e+09	3.512	17.85
4.713e+09	3.506	17.82
4.717e+09	3.5	17.79
4.721e+09	3.494	17.78
4.726e+09	3.488	17.76
4.73e+09	3.481	17.73
4.734e+09	3.476	17.71
4.738e+09	3.47	17.69
4.742e+09	3.464	17.66
4.746e+09	3.458	17.64
4.75e+09	3.452	17.63
4.754e+09	3.446	17.6
4.758e+09	3.44	17.58
4.762e+09	3.434	17.56
4.767e+09	3.428	17.55
4.771e+09	3.422	17.54
4.775e+09	3.416	17.53
4.779e+09	3.41	17.48
4.783e+09	3.404	17.47
4.787e+09	3.399	17.43
4.791e+09	3.392	17.4
4.795e+09	3.387	17.36
4.799e+09	3.38	17.34
4.804e+09	3.374	17.31
4.808e+09	3.368	17.27
4.812e+09	3.362	17.24
4.816e+09	3.356	17.23
4.82e+09	3.35	17.19
4.824e+09	3.344	17.18
4.828e+09	3.338	17.16
4.832e+09	3.333	17.12
4.837e+09	3.326	17.09
4.841e+09	3.32	17.06
4.845e+09	3.314	17.04
4.849e+09	3.308	17.03
4.853e+09	3.302	17
4.858e+09	3.296	16.97
4.862e+09	3.29	16.93
4.866e+09	3.284	16.89
4.87e+09	3.278	16.85
4.874e+09	3.272	16.83
4.878e+09	3.266	16.81
4.882e+09	3.26	16.79
4.887e+09	3.255	16.77
4.891e+09	3.249	16.75
4.895e+09	3.243	16.72
4.899e+09	3.237	16.7
4.903e+09	3.231	16.67
4.907e+09	3.225	16.63
4.911e+09	3.219	16.61
4.915e+09	3.213	16.57
4.92e+09	3.207	16.56
4.924e+09	3.201	16.54
4.928e+09	3.195	16.52
4.932e+09	3.189	16.47
4.936e+09	3.183	16.43
4.94e+09	3.177	16.42
4.945e+09	3.171	16.39
4.949e+09	3.165	16.38
4.953e+09	3.159	16.35
4.957e+09	3.153	16.33
4.961e+09	3.147	16.3
4.965e+09	3.141	16.27
4.97e+09	3.136	16.25
4.974e+09	3.13	16.22
4.978e+09	3.124	16.22
4.982e+09	3.118	16.2
4.986e+09	3.113	16.19
4.99e+09	3.107	16.17
4.994e+09	3.101	16.13
4.998e+09	3.095	16.11
5.003e+09	3.089	16.07
5.007e+09	3.083	16.03
5.011e+09	3.077	16
5.015e+09	3.071	15.98
5.019e+09	3.065	15.96
5.023e+09	3.059	15.93
5.027e+09	3.053	15.89
5.032e+09	3.048	15.89
5.036e+09	3.042	15.86
5.04e+09	3.036	15.85
5.044e+09	3.03	15.85
5.048e+09	3.025	15.83
5.052e+09	3.019	15.79
5.056e+09	3.013	15.76
5.061e+09	3.007	15.74
5.065e+09	3.001	15.72
5.069e+09	2.995	15.7
5.073e+09	2.989	15.68
5.077e+09	2.983	15.65
5.081e+09	2.978	15.6
5.085e+09	2.972	15.6
5.089e+09	2.966	15.58
5.094e+09	2.96	15.56
5.098e+09	2.955	15.51
5.102e+09	2.949	15.5
5.106e+09	2.943	15.48
5.11e+09	2.938	15.47
5.114e+09	2.933	15.45
5.118e+09	2.927	15.43
5.122e+09	2.921	15.4
5.126e+09	2.915	15.35
5.13e+09	2.909	15.33
5.135e+09	2.904	15.31
5.139e+09	2.898	15.28
5.143e+09	2.892	15.24
5.147e+09	2.886	15.22
5.151e+09	2.88	15.18
5.155e+09	2.874	15.16
5.159e+09	2.869	15.14
5.164e+09	2.863	15.1
5.168e+09	2.857	15.09
5.172e+09	2.851	15.05
5.176e+09	2.845	15.02
5.18e+09	2.839	15.01
5.184e+09	2.834	14.97
5.188e+09	2.828	14.95
5.193e+09	2.822	14.92
5.197e+09	2.816	14.87
5.201e+09	2.81	14.85
5.205e+09	2.804	14.81
5.209e+09	2.798	14.77
5.213e+09	2.793	14.75
5.218e+09	2.787	14.73
5.222e+09	2.781	14.7
5.226e+09	2.776	14.69
5.23e+09	2.77	14.67
5.234e+09	2.764	14.64
5.238e+09	2.758	14.61
5.242e+09	2.752	14.57
5.246e+09	2.747	14.54
5.251e+09	2.741	14.53
5.255e+09	2.735	14.52
5.259e+09	2.73	14.51
5.263e+09	2.724	14.49
5.267e+09	2.718	14.46
5.271e+09	2.713	14.43
5.275e+09	2.707	14.4
5.28e+09	2.701	14.37
5.284e+09	2.695	14.33
5.288e+09	2.689	14.3
5.292e+09	2.683	14.27
5.296e+09	2.678	14.25
5.3e+09	2.672	14.22
5.304e+09	2.666	14.2
5.309e+09	2.661	14.17
5.313e+09	2.655	14.14
5.317e+09	2.649	14.11
5.321e+09	2.643	14.09
5.325e+09	2.638	14.06
5.329e+09	2.632	14.04
5.333e+09	2.626	14.02
5.338e+09	2.62	14
5.342e+09	2.615	13.97
5.346e+09	2.609	13.93
5.35e+09	2.603	13.9
5.354e+09	2.598	13.88
5.358e+09	2.592	13.86
5.363e+09	2.586	13.86
5.367e+09	2.58	13.83
5.371e+09	2.574	13.8
5.375e+09	2.569	13.78
5.379e+09	2.563	13.76
5.383e+09	2.557	13.73
5.387e+09	2.552	13.72
5.392e+09	2.546	13.69
5.396e+09	2.54	13.66
5.4e+09	2.534	13.62
5.404e+09	2.529	13.61
5.408e+09	2.523	13.58
5.412e+09	2.517	13.55
5.417e+09	2.512	13.52
5.421e+09	2.506	13.5
5.425e+09	2.5	13.47
5.429e+09	2.495	13.44
5.433e+09	2.489	13.42
5.437e+09	2.483	13.4
5.441e+09	2.477	13.37
5.446e+09	2.472	13.36
5.45e+09	2.466	13.34
5.454e+09	2.46	13.31
5.458e+09	2.455	13.28
5.462e+09	2.449	13.25
5.466e+09	2.444	13.2
5.47e+09	2.438	13.18
5.474e+09	2.433	13.16
5.479e+09	2.427	13.14
5.483e+09	2.422	13.11
5.487e+09	2.416	13.09
5.491e+09	2.41	13.06
5.495e+09	2.405	13.04
5.499e+09	2.399	13.02
5.503e+09	2.393	12.98
5.508e+09	2.388	12.96
5.512e+09	2.382	12.94
5.516e+09	2.377	12.9
5.52e+09	2.371	12.87
5.524e+09	2.366	12.86
5.528e+09	2.36	12.83
5.532e+09	2.354	12.8
5.536e+09	2.349	12.78
5.541e+09	2.343	12.77
5.545e+09	2.337	12.74
5.549e+09	2.332	12.73
5.553e+09	2.326	12.69
5.557e+09	2.321	12.66
5.561e+09	2.315	12.63
5.565e+09	2.31	12.61
5.569e+09	2.304	12.58
5.574e+09	2.298	12.57
5.578e+09	2.293	12.56
5.582e+09	2.287	12.52
5.586e+09	2.282	12.5
5.59e+09	2.276	12.5
5.594e+09	2.271	12.49
5.598e+09	2.266	12.46
5.602e+09	2.26	12.43
5.606e+09	2.254	12.39
5.611e+09	2.249	12.36
5.615e+09	2.243	12.34
5.619e+09	2.238	12.32
5.623e+09	2.232	12.3
5.627e+09	2.227	12.29
5.631e+09	2.222	12.27
5.635e+09	2.216	12.24
5.639e+09	2.21	12.21
5.643e+09	2.205	12.19
5.648e+09	2.199	12.16
5.652e+09	2.194	12.12
5.656e+09	2.188	12.09
5.66e+09	2.183	12.06
5.664e+09	2.177	12.04
5.668e+09	2.172	12.01
5.672e+09	2.166	12
5.676e+09	2.161	12
5.681e+09	2.156	11.98
5.685e+09	2.15	11.94
5.689e+09	2.145	11.92
5.693e+09	2.139	11.91
5.697e+09	2.134	11.88
5.701e+09	2.129	11.85
5.705e+09	2.123	11.8
5.709e+09	2.117	11.78
5.714e+09	2.112	11.77
5.718e+09	2.106	11.73
5.722e+09	2.101	11.71
5.726e+09	2.096	11.69
5.73e+09	2.09	11.67
5.734e+09	2.085	11.66
5.738e+09	2.08	11.64
5.742e+09	2.074	11.63
5.746e+09	2.069	11.59
5.751e+09	2.063	11.56
5.755e+09	2.058	11.55
5.759e+09	2.053	11.53
5.763e+09	2.047	11.52
5.767e+09	2.041	11.49
5.771e+09	2.036	11.44
5.775e+09	2.03	11.42
5.78e+09	2.025	11.39
5.784e+09	2.019	11.35
5.788e+09	2.014	11.33
5.792e+09	2.008	11.32
5.796e+09	2.003	11.28
5.8e+09	1.997	11.27
5.804e+09	1.992	11.26
5.808e+09	1.986	11.23
5.813e+09	1.981	11.2
5.817e+09	1.975	11.17
5.821e+09	1.97	11.14
5.825e+09	1.964	11.13
5.829e+09	1.959	11.11
5.833e+09	1.953	11.07
5.837e+09	1.948	11.03
5.842e+09	1.942	11
5.846e+09	1.937	10.98
5.85e+09	1.931	10.95
5.854e+09	1.926	10.92
5.858e+09	1.92	10.88
5.862e+09	1.915	10.85
5.867e+09	1.909	10.83
5.871e+09	1.904	10.8
5.875e+09	1.898	10.77
5.879e+09	1.893	10.75
5.883e+09	1.888	10.74
5.887e+09	1.884	10.74
5.891e+09	1.879	10.69
5.896e+09	1.873	10.66
5.9e+09	1.867	10.62
5.904e+09	1.862	10.59
5.908e+09	1.856	10.58
5.912e+09	1.851	10.55
5.916e+09	1.845	10.52
5.921e+09	1.84	10.5
5.925e+09	1.835	10.48
5.929e+09	1.829	10.45
5.933e+09	1.824	10.43
5.937e+09	1.818	10.4
5.941e+09	1.813	10.38
5.945e+09	1.807	10.34
5.949e+09	1.802	10.33
5.953e+09	1.797	10.31
5.957e+09	1.793	10.3
5.962e+09	1.788	10.29
5.966e+09	1.782	10.26
5.97e+09	1.777	10.25
5.974e+09	1.772	10.21
5.978e+09	1.766	10.18
5.982e+09	1.761	10.14
5.986e+09	1.755	10.11
5.991e+09	1.75	10.08
5.995e+09	1.744	10.07
5.999e+09	1.739	10.04
6.003e+09	1.734	10.02
6.007e+09	1.728	9.994
6.011e+09	1.723	9.965
6.015e+09	1.717	9.95
6.02e+09	1.712	9.933
6.024e+09	1.707	9.903
6.028e+09	1.702	9.878
6.032e+09	1.697	9.856
6.036e+09	1.691	9.826
6.04e+09	1.686	9.798
6.045e+09	1.68	9.756
6.049e+09	1.675	9.735
6.053e+09	1.669	9.713
6.057e+09	1.664	9.668
6.061e+09	1.659	9.656
6.065e+09	1.653	9.647
6.069e+09	1.649	9.638
6.074e+09	1.643	9.598
6.078e+09	1.638	9.574
6.082e+09	1.632	9.543
6.086e+09	1.627	9.512
6.09e+09	1.621	9.49
6.094e+09	1.616	9.457
6.098e+09	1.611	9.434
6.103e+09	1.605	9.408
6.107e+09	1.601	9.402
6.111e+09	1.596	9.373
6.115e+09	1.59	9.356
6.119e+09	1.585	9.33
6.123e+09	1.579	9.313
6.127e+09	1.574	9.3
6.131e+09	1.569	9.268
6.135e+09	1.563	9.24
6.14e+09	1.558	9.226
6.144e+09	1.553	9.185
6.148e+09	1.547	9.15
6.152e+09	1.542	9.137
6.156e+09	1.537	9.124
6.16e+09	1.532	9.101
6.164e+09	1.526	9.065
6.169e+09	1.521	9.04
6.173e+09	1.516	9.009
6.177e+09	1.511	8.989
6.181e+09	1.506	8.961
6.185e+09	1.5	8.92
6.189e+09	1.495	8.892
6.193e+09	1.49	8.867
6.198e+09	1.484	8.845
6.202e+09	1.479	8.827
6.206e+09	1.474	8.813
6.21e+09	1.469	8.786
6.214e+09	1.463	8.758
6.218e+09	1.458	8.729
6.222e+09	1.453	8.699
6.226e+09	1.447	8.669
6.231e+09	1.442	8.667
6.235e+09	1.437	8.627
6.239e+09	1.432	8.612
6.243e+09	1.426	8.577
6.247e+09	1.421	8.555
6.251e+09	1.416	8.514
6.256e+09	1.411	8.477
6.26e+09	1.405	8.437
6.264e+09	1.401	8.433
6.268e+09	1.396	8.416
6.272e+09	1.391	8.393
6.276e+09	1.386	8.384
6.28e+09	1.381	8.344
6.284e+09	1.375	8.329
6.288e+09	1.37	8.282
6.292e+09	1.364	8.242
6.297e+09	1.36	8.216
6.301e+09	1.356	8.21
6.305e+09	1.352	8.199
6.309e+09	1.347	8.151
6.313e+09	1.344	8.147
6.317e+09	1.341	8.122
6.321e+09	1.335	8.075
6.325e+09	1.329	8.063
6.329e+09	1.324	8.049
6.333e+09	1.318	8.015
6.338e+09	1.312	8.008
6.342e+09	1.308	7.988
6.346e+09	1.302	7.953
6.35e+09	1.296	7.916
6.354e+09	1.291	7.896
6.358e+09	1.285	7.872
6.362e+09	1.28	7.857
6.366e+09	1.28	7.835
6.37e+09	1.275	7.817
6.374e+09	1.269	7.794
6.379e+09	1.263	7.771
6.383e+09	1.26	7.766
6.387e+09	1.254	7.728
6.391e+09	1.249	7.709
6.395e+09	1.243	7.691
6.399e+09	1.237	7.671
6.403e+09	1.231	7.647
6.407e+09	1.226	7.626
6.411e+09	1.22	7.599
6.416e+09	1.215	7.579
6.42e+09	1.21	7.559
6.424e+09	1.205	7.548
6.428e+09	1.2	7.525
6.432e+09	1.195	7.505
6.436e+09	1.193	7.49
6.44e+09	1.187	7.441
6.445e+09	1.181	7.394
6.449e+09	1.176	7.375
6.453e+09	1.17	7.339
6.457e+09	1.164	7.308
6.461e+09	1.159	7.273
6.465e+09	1.153	7.254
6.469e+09	1.148	7.234
6.474e+09	1.142	7.209
6.478e+09	1.137	7.17
6.482e+09	1.131	7.132
6.486e+09	1.126	7.112
6.49e+09	1.121	7.091
6.494e+09	1.115	7.054
6.499e+09	1.11	7.023
6.503e+09	1.105	7
6.507e+09	1.1	6.97
6.511e+09	1.095	6.933
6.515e+09	1.089	6.911
6.519e+09	1.084	6.902
6.523e+09	1.079	6.88
6.528e+09	1.075	6.862
6.532e+09	1.07	6.836
6.536e+09	1.065	6.809
6.54e+09	1.06	6.771
6.544e+09	1.055	6.742
6.548e+09	1.049	6.729
6.552e+09	1.044	6.705
6.556e+09	1.039	6.681
6.561e+09	1.034	6.643
6.565e+09	1.029	6.632
6.569e+09	1.025	6.626
6.573e+09	1.02	6.605
6.577e+09	1.014	6.583
6.581e+09	1.009	6.578
6.585e+09	1.004	6.559
6.589e+09	0.9992	6.532
6.593e+09	0.994	6.501
6.597e+09	0.9887	6.465
6.602e+09	0.9834	6.428
6.606e+09	0.9808	6.418
6.61e+09	0.9846	6.416
6.614e+09	0.9787	6.399
6.618e+09	0.9727	6.367
6.622e+09	0.9665	6.328
6.626e+09	0.9609	6.297
6.631e+09	0.955	6.265
6.635e+09	0.9491	6.228
6.639e+09	0.9435	6.196
6.643e+09	0.9377	6.17
6.647e+09	0.932	6.128
6.652e+09	0.9264	6.09
6.656e+09	0.9208	6.056
6.66e+09	0.9152	6.043
6.664e+09	0.9099	6.009
6.668e+09	0.9045	5.996
6.672e+09	0.8993	5.972
6.677e+09	0.8941	5.947
6.681e+09	0.8889	5.928
6.685e+09	0.8853	5.903
6.689e+09	0.8799	5.864
6.693e+09	0.8753	5.838
6.697e+09	0.8727	5.826
6.701e+09	0.8671	5.792
6.706e+09	0.8614	5.772
6.71e+09	0.8558	5.745
6.714e+09	0.8505	5.722
6.718e+09	0.8451	5.701
6.722e+09	0.8397	5.689
6.726e+09	0.8344	5.673
6.73e+09	0.8347	5.671
6.734e+09	0.8325	5.65
6.738e+09	0.8267	5.634
6.743e+09	0.8207	5.595
6.747e+09	0.816	5.582
6.751e+09	0.8145	5.556
6.755e+09	0.8143	5.539
6.759e+09	0.808	5.533
6.763e+09	0.802	5.506
6.767e+09	0.7959	5.487
6.772e+09	0.7897	5.448
6.776e+09	0.7834	5.405
6.78e+09	0.7774	5.388
6.784e+09	0.7715	5.342
6.788e+09	0.7654	5.295
6.792e+09	0.7595	5.256
6.797e+09	0.7537	5.217
6.801e+09	0.7479	5.189
6.805e+09	0.7422	5.17
6.809e+09	0.7371	5.144
6.813e+09	0.7317	5.12
6.817e+09	0.7264	5.1
6.822e+09	0.721	5.089
6.826e+09	0.7157	5.057
6.83e+09	0.7104	5.033
6.834e+09	0.7051	5.003
6.838e+09	0.6999	4.975
6.842e+09	0.6949	4.953
6.846e+09	0.6898	4.952
6.851e+09	0.6846	4.945
6.855e+09	0.6794	4.908
6.859e+09	0.6744	4.901
6.863e+09	0.6696	4.836
6.867e+09	0.665	4.804
6.871e+09	0.66	4.797
6.875e+09	0.6552	4.773
6.879e+09	0.6504	4.747
6.883e+09	0.6453	4.72
6.887e+09	0.6404	4.707
6.892e+09	0.6354	4.692
6.896e+09	0.6303	4.691
6.9e+09	0.6251	4.666
6.904e+09	0.6201	4.665
6.908e+09	0.6156	4.641
6.912e+09	0.6116	4.568
6.916e+09	0.6068	4.549
6.921e+09	0.6029	4.482
6.925e+09	0.5984	4.458
6.929e+09	0.5934	4.437
6.933e+09	0.5884	4.413
6.937e+09	0.5835	4.413
6.941e+09	0.58	4.372
6.945e+09	0.582	4.334
6.949e+09	0.5765	4.313
6.953e+09	0.5709	4.284
6.957e+09	0.5666	4.263
6.961e+09	0.5609	4.244
6.966e+09	0.5568	4.231
6.97e+09	0.5511	4.223
6.974e+09	0.5455	4.209
6.978e+09	0.5402	4.185
6.982e+09	0.5348	4.176
6.986e+09	0.5368	4.169
6.99e+09	0.5326	4.169
6.995e+09	0.5269	4.169
6.999e+09	0.5211	4.169
7.003e+09	0.5212	4.169
7.007e+09	0.5153	4.169
7.011e+09	0.5093	4.169
7.015e+09	0.5036	4.169
7.02e+09	0.498	4.169
7.024e+09	0.4924	4.169
7.028e+09	0.4867	4.169
7.032e+09	0.4813	4.169
7.036e+09	0.4759	4.169
7.04e+09	0.4718	4.169
7.044e+09	0.4675	4.169
7.049e+09	0.4623	4.169
7.053e+09	0.4574	4.169
7.057e+09	0.4526	4.169
7.061e+09	0.454	4.17
7.065e+09	0.4489	4.17
7.069e+09	0.4437	4.17
7.073e+09	0.4385	4.17
7.077e+09	0.4333	4.17
7.081e+09	0.4282	4.17
7.085e+09	0.4232	4.17
7.089e+09	0.4184	4.17
7.094e+09	0.4137	4.17
7.098e+09	0.4091	4.17
7.102e+09	0.4045	4.17
7.106e+09	0.4	4.17
7.11e+09	0.3956	4.17
7.114e+09	0.3911	4.17
7.118e+09	0.3867	4.17
7.122e+09	0.3825	4.17
7.127e+09	0.3907	4.171
7.13e+09	0.4155	4.172
7.134e+09	0.4172	4.173
7.138e+09	0.4191	4.173
7.143e+09	0.4127	4.173
7.147e+09	0.4061	4.173
7.151e+09	0.3997	4.173
7.155e+09	0.3934	4.173
7.159e+09	0.3871	4.173
7.163e+09	0.3811	4.173
7.168e+09	0.375	4.173
7.172e+09	0.3688	4.173
7.176e+09	0.363	4.173
7.18e+09	0.357	4.173
7.184e+09	0.3512	4.173
7.188e+09	0.3459	4.173
7.192e+09	0.3521	4.174
7.196e+09	0.3568	4.174
7.2e+09	0.3602	4.175
7.204e+09	0.3577	4.175
7.209e+09	0.3684	4.176
7.212e+09	0.3638	4.176
7.217e+09	0.3573	4.176
7.221e+09	0.3507	4.176
7.225e+09	0.3445	4.176
7.229e+09	0.3381	4.176
7.233e+09	0.3344	4.176
7.237e+09	0.3285	4.176
7.241e+09	0.3237	4.176
7.245e+09	0.3192	4.176
7.25e+09	0.3126	4.176
7.254e+09	0.3068	4.176
7.258e+09	0.3055	4.176
7.262e+09	0.2992	4.176
7.266e+09	0.2931	4.176
7.27e+09	0.2875	4.176
7.275e+09	0.2901	4.177
7.278e+09	0.284	4.177
7.283e+09	0.2783	4.177
7.287e+09	0.2724	4.177
7.291e+09	0.2671	4.177
7.295e+09	0.2613	4.177
7.299e+09	0.262	4.177
7.303e+09	0.2842	4.18
7.307e+09	0.2864	4.181
7.311e+09	0.2842	4.181
7.315e+09	0.2764	4.181
7.32e+09	0.2718	4.181
7.324e+09	0.2653	4.181
7.328e+09	0.2579	4.181
7.332e+09	0.2536	4.181
7.336e+09	0.2487	4.181
7.34e+09	0.2463	4.181
7.344e+09	0.2411	4.181
7.349e+09	0.2344	4.181
7.353e+09	0.2294	4.181
7.357e+09	0.2299	4.182
7.361e+09	0.2248	4.182
7.365e+09	0.2214	4.182
7.369e+09	0.2179	4.182
7.374e+09	0.212	4.182
7.378e+09	0.2078	4.182
7.382e+09	0.2108	4.183
7.386e+09	0.2081	4.183
7.39e+09	0.2086	4.183
7.394e+09	0.205	4.183
7.398e+09	0.2111	4.185
7.402e+09	0.2071	4.185
7.407e+09	0.2086	4.185
7.411e+09	0.2036	4.185
7.415e+09	0.2015	4.185
7.419e+09	0.1985	4.185
7.423e+09	0.1945	4.185
7.427e+09	0.1862	4.185
7.431e+09	0.1906	4.187
7.435e+09	0.1979	4.189
7.44e+09	0.2051	4.191
7.444e+09	0.1977	4.191
7.448e+09	0.1955	4.191
7.452e+09	0.1905	4.191
7.456e+09	0.1888	4.192
7.46e+09	0.1985	4.199
7.464e+09	0.2177	4.211
7.468e+09	0.2136	4.211
7.472e+09	0.2076	4.211
7.476e+09	0.205	4.211
7.481e+09	0.1993	4.213
7.485e+09	0.2192	4.246
7.489e+09	0.212	4.246
7.493e+09	0.2071	4.246
7.497e+09	0.2056	4.248
7.502e+09	0.1993	4.248
7.506e+09	0.1968	4.253
7.51e+09	0.1955	4.253
7.514e+09	0.1914	4.253
7.518e+09	0.1885	4.253
7.522e+09	0.1866	4.253
7.526e+09	0.187	4.254
7.53e+09	0.1848	4.259
7.535e+09	0.1845	4.259
7.539e+09	0.195	4.349
7.543e+09	0.2014	4.391
7.547e+09	0.1988	4.41
7.551e+09	0.2053	4.439
7.555e+09	0.2029	4.439
7.56e+09	0.2014	4.439
7.564e+09	0.2036	4.439
7.568e+09	0.1991	4.44
7.572e+09	0.2062	4.55
7.576e+09	0.205	4.55
7.58e+09	0.2169	4.552
7.584e+09	0.2222	4.552
7.588e+09	0.209	4.552
7.592e+09	0.2255	4.729
7.596e+09	0.2314	4.73
7.601e+09	0.2358	4.73
7.605e+09	0.2342	4.73
7.609e+09	0.2385	4.731
7.613e+09	0.2367	4.731
7.617e+09	0.2459	4.731
7.621e+09	0.2525	4.731
7.625e+09	0.2526	4.731
7.63e+09	0.2512	4.732
7.634e+09	0.2574	4.733
7.638e+09	0.2505	4.733
7.642e+09	0.2649	4.788
7.646e+09	0.276	4.851
7.65e+09	0.2788	4.851
7.654e+09	0.2694	4.852
7.658e+09	0.2598	4.852
7.663e+09	0.2594	4.852
7.667e+09	0.2601	4.852
7.671e+09	0.2656	4.855
7.675e+09	0.2632	4.855
7.679e+09	0.2661	4.871
7.683e+09	0.2724	4.901
7.688e+09	0.2699	4.901
7.692e+09	0.271	4.902
7.696e+09	0.2755	4.902
7.7e+09	0.2793	4.903
7.704e+09	0.2855	4.907
7.708e+09	0.2902	5.034
7.712e+09	0.2913	5.036
7.717e+09	0.2977	5.048
7.721e+09	0.2992	5.048
7.725e+09	0.3042	5.051
7.729e+09	0.3081	5.053
7.733e+09	0.3145	5.14
7.737e+09	0.3197	5.145
7.741e+09	0.3267	5.192
7.746e+09	0.328	5.193
7.75e+09	0.3343	5.195
7.754e+09	0.3345	5.195
7.758e+09	0.3376	5.196
7.762e+09	0.3419	5.196
7.766e+09	0.3462	5.199
7.77e+09	0.3505	5.199
7.775e+09	0.355	5.2
7.779e+09	0.3591	5.293
7.783e+09	0.3634	5.32
7.787e+09	0.3679	5.32
7.791e+09	0.3723	5.321
7.796e+09	0.3759	5.562
7.8e+09	0.3803	5.562
7.804e+09	0.3847	5.562
7.808e+09	0.3891	5.563
7.812e+09	0.3935	5.564
7.817e+09	0.3979	5.564
7.821e+09	0.4023	5.579
7.825e+09	0.4053	5.898
7.829e+09	0.4087	6.044
7.833e+09	0.4127	6.131
7.837e+09	0.4171	6.133
7.841e+09	0.4214	6.134
7.845e+09	0.4258	6.134
7.849e+09	0.4302	6.134
7.854e+09	0.4342	6.211
7.858e+09	0.4385	6.212
7.862e+09	0.4429	6.218
7.866e+09	0.4471	6.218
7.87e+09	0.4516	6.218
7.874e+09	0.456	6.218
7.878e+09	0.4603	6.218
7.883e+09	0.4647	6.219
7.887e+09	0.4691	6.223
7.891e+09	0.4734	6.225
7.895e+09	0.4776	6.227
7.899e+09	0.4802	6.508
7.903e+09	0.484	6.51
7.907e+09	0.4883	6.51
7.911e+09	0.4927	6.51
7.915e+09	0.497	6.513
7.919e+09	0.5006	6.662
7.923e+09	0.5046	6.677
7.927e+09	0.5086	6.731
7.931e+09	0.5128	6.731
7.935e+09	0.5172	6.732
7.94e+09	0.5215	6.732
7.944e+09	0.5259	6.732
7.948e+09	0.5304	6.732
7.952e+09	0.5347	6.742
7.956e+09	0.539	6.742
7.96e+09	0.5434	6.743
7.965e+09	0.5478	6.743
7.969e+09	0.5523	6.744
7.973e+09	0.5567	6.744
7.977e+09	0.5611	6.745
7.981e+09	0.5653	6.748
7.985e+09	0.5694	6.78
7.989e+09	0.5736	6.782
7.993e+09	0.5766	6.95
7.997e+09	0.5797	7.068
8.001e+09	0.5839	7.068
8.005e+09	0.5882	7.068
8.01e+09	0.5926	7.069
8.014e+09	0.5969	7.069
8.018e+09	0.6012	7.07
8.022e+09	0.6045	7.201
8.026e+09	0.6077	7.314
8.03e+09	0.6118	7.314
8.034e+09	0.6161	7.314
8.038e+09	0.6204	7.314
8.042e+09	0.6247	7.315
8.046e+09	0.6289	7.33
8.05e+09	0.6333	7.331
8.054e+09	0.6376	7.334
8.058e+09	0.6411	7.403
8.062e+09	0.6452	7.403
8.067e+09	0.6494	7.422
8.071e+09	0.6535	7.456
8.075e+09	0.657	7.551
8.079e+09	0.6611	7.551
8.083e+09	0.6655	7.551
8.087e+09	0.6696	7.551
8.091e+09	0.674	7.551
8.095e+09	0.6784	7.551
8.099e+09	0.6828	7.553
8.103e+09	0.687	7.554
8.108e+09	0.6914	7.558
8.112e+09	0.6958	7.559
8.116e+09	0.6993	7.627
8.12e+09	0.7037	7.628
8.124e+09	0.7066	7.763
8.128e+09	0.7109	7.764
8.132e+09	0.7152	7.767
8.136e+09	0.7173	7.992
8.141e+09	0.7217	7.993
8.145e+09	0.7261	7.993
8.149e+09	0.7305	7.993
8.153e+09	0.7344	8.043
8.157e+09	0.7386	8.043
8.161e+09	0.743	8.044
8.166e+09	0.7474	8.046
8.17e+09	0.7518	8.048
8.174e+09	0.7562	8.048
8.178e+09	0.7606	8.048
8.182e+09	0.765	8.051
8.187e+09	0.7694	8.051
8.191e+09	0.7738	8.051
8.195e+09	0.7782	8.051
8.199e+09	0.7826	8.052
8.203e+09	0.787	8.052
8.207e+09	0.7907	8.115
8.211e+09	0.7947	8.118
8.215e+09	0.799	8.118
8.219e+09	0.8034	8.12
8.224e+09	0.8077	8.121
8.228e+09	0.8121	8.123
8.232e+09	0.8165	8.124
8.236e+09	0.8209	8.124
8.24e+09	0.8248	8.161
8.244e+09	0.829	8.162
8.248e+09	0.8334	8.163
8.252e+09	0.8378	8.164
8.256e+09	0.8419	8.178
8.261e+09	0.846	8.195
8.265e+09	0.8502	8.195
8.269e+09	0.8546	8.207
8.273e+09	0.8588	8.207
8.277e+09	0.8629	8.23
8.281e+09	0.8667	8.268
8.285e+09	0.871	8.268
8.289e+09	0.8754	8.268
8.293e+09	0.8797	8.28
8.298e+09	0.884	8.281
8.302e+09	0.8885	8.283
8.306e+09	0.8912	8.392
8.31e+09	0.8955	8.392
8.314e+09	0.8999	8.394
8.318e+09	0.9044	8.394
8.322e+09	0.9088	8.394
8.327e+09	0.9133	8.397
8.331e+09	0.9177	8.4
8.335e+09	0.9221	8.406
8.339e+09	0.9256	8.463
8.343e+09	0.9297	8.478
8.347e+09	0.934	8.478
8.351e+09	0.9385	8.478
8.355e+09	0.943	8.481
8.359e+09	0.9474	8.482
8.364e+09	0.9518	8.49
8.368e+09	0.9562	8.495
8.372e+09	0.9607	8.499
8.376e+09	0.9644	8.543
8.38e+09	0.9687	8.545
8.384e+09	0.9732	8.545
8.388e+09	0.9777	8.545
8.392e+09	0.982	8.548
8.397e+09	0.9863	8.571
8.401e+09	0.9907	8.612
8.405e+09	0.9927	8.683
8.409e+09	0.995	8.791
8.413e+09	0.9993	8.793
8.417e+09	1.004	8.795
8.421e+09	1.008	8.811
8.425e+09	1.009	8.991
8.429e+09	1.012	9.012
8.433e+09	1.017	9.014
8.437e+09	1.021	9.014
8.441e+09	1.024	9.1
8.446e+09	1.025	9.261
8.45e+09	1.03	9.262
8.454e+09	1.034	9.262
8.458e+09	1.036	9.375
8.462e+09	1.04	9.379
8.466e+09	1.045	9.38
8.47e+09	1.049	9.382
8.474e+09	1.053	9.384
8.478e+09	1.058	9.384
8.483e+09	1.062	9.384
8.487e+09	1.065	9.491
8.491e+09	1.069	9.491
8.495e+09	1.073	9.493
8.499e+09	1.078	9.496
8.503e+09	1.082	9.498
8.507e+09	1.086	9.498
8.512e+09	1.091	9.514
8.516e+09	1.093	9.58
8.52e+09	1.098	9.581
8.524e+09	1.102	9.606
8.528e+09	1.106	9.608
8.532e+09	1.111	9.615
8.536e+09	1.115	9.616
8.54e+09	1.119	9.617
8.545e+09	1.124	9.619
8.549e+09	1.127	9.654
8.553e+09	1.132	9.655
8.557e+09	1.136	9.656
8.561e+09	1.14	9.686
8.565e+09	1.145	9.686
8.57e+09	1.143	9.939
8.574e+09	1.148	9.942
8.578e+09	1.152	9.947
8.582e+09	1.156	9.947
8.586e+09	1.161	9.949
8.59e+09	1.165	9.949
8.594e+09	1.17	9.949
8.599e+09	1.174	9.949
8.603e+09	1.179	9.952
8.607e+09	1.183	9.954
8.611e+09	1.187	9.954
8.615e+09	1.192	9.975
8.62e+09	1.193	10.11
8.623e+09	1.195	10.22
8.627e+09	1.198	10.28
8.632e+09	1.201	10.33
8.636e+09	1.205	10.33
8.64e+09	1.21	10.34
8.644e+09	1.214	10.35
8.648e+09	1.218	10.35
8.652e+09	1.222	10.35
8.656e+09	1.221	10.55
8.66e+09	1.225	10.55
8.664e+09	1.23	10.55
8.668e+09	1.231	10.67
8.672e+09	1.235	10.67
8.676e+09	1.24	10.67
8.68e+09	1.244	10.67
8.685e+09	1.248	10.68
8.689e+09	1.253	10.68
8.693e+09	1.257	10.68
8.697e+09	1.261	10.68
8.701e+09	1.265	10.7
8.705e+09	1.268	10.75
8.709e+09	1.272	10.75
8.713e+09	1.277	10.75
8.718e+09	1.281	10.75
8.722e+09	1.286	10.75
8.726e+09	1.29	10.75
8.73e+09	1.291	10.86
8.734e+09	1.294	10.94
8.738e+09	1.297	10.94
8.742e+09	1.302	10.94
8.746e+09	1.306	10.94
8.75e+09	1.311	10.94
8.754e+09	1.315	10.94
8.758e+09	1.319	10.94
8.763e+09	1.324	10.94
8.767e+09	1.328	10.94
8.771e+09	1.329	11.07
8.775e+09	1.332	11.12
8.779e+09	1.335	11.17
8.783e+09	1.339	11.17
8.787e+09	1.342	11.22
8.791e+09	1.344	11.35
8.795e+09	1.345	11.43
8.799e+09	1.35	11.43
8.803e+09	1.354	11.44
8.807e+09	1.358	11.44
8.812e+09	1.363	11.44
8.816e+09	1.367	11.44
8.82e+09	1.366	11.62
8.824e+09	1.363	11.86
8.828e+09	1.368	11.86
8.832e+09	1.372	11.86
8.836e+09	1.376	11.86
8.84e+09	1.381	11.86
8.845e+09	1.385	11.86
8.849e+09	1.389	11.86
8.853e+09	1.394	11.86
8.857e+09	1.398	11.86
8.861e+09	1.402	11.86
8.865e+09	1.406	11.89
8.87e+09	1.409	11.93
8.874e+09	1.414	11.94
8.878e+09	1.418	11.94
8.882e+09	1.422	11.94
8.886e+09	1.427	11.94
8.89e+09	1.431	11.94
8.895e+09	1.435	11.94
8.899e+09	1.44	11.94
8.903e+09	1.444	11.94
8.907e+09	1.447	11.99
8.911e+09	1.451	11.99
8.915e+09	1.455	12.03
8.919e+09	1.459	12.03
8.924e+09	1.463	12.03
8.928e+09	1.468	12.03
8.932e+09	1.472	12.03
8.936e+09	1.476	12.03
8.94e+09	1.481	12.03
8.944e+09	1.481	12.15
8.948e+09	1.481	12.29
8.952e+09	1.485	12.29
8.956e+09	1.49	12.29
8.96e+09	1.494	12.29
8.965e+09	1.498	12.29
8.969e+09	1.503	12.29
8.973e+09	1.507	12.29
8.977e+09	1.512	12.29
8.981e+09	1.516	12.29
8.985e+09	1.52	12.29
8.99e+09	1.523	12.37
8.994e+09	1.519	12.62
8.998e+09	1.521	12.68
9.002e+09	1.524	12.72
9.006e+09	1.527	12.78
9.01e+09	1.527	12.94
9.014e+09	1.531	12.96
9.018e+09	1.535	12.96
9.022e+09	1.539	12.96
9.027e+09	1.543	12.96
9.031e+09	1.548	12.96
9.035e+09	1.552	12.97
9.039e+09	1.554	13.03
9.043e+09	1.558	13.04
9.047e+09	1.562	13.04
9.051e+09	1.567	13.04
9.055e+09	1.571	13.04
9.06e+09	1.575	13.05
9.064e+09	1.58	13.05
9.068e+09	1.584	13.05
9.072e+09	1.588	13.05
9.076e+09	1.593	13.06
9.08e+09	1.595	13.14
9.084e+09	1.599	13.14
9.088e+09	1.603	13.14
9.093e+09	1.608	13.14
9.097e+09	1.612	13.14
9.101e+09	1.616	13.14
9.105e+09	1.621	13.15
9.109e+09	1.625	13.15
9.114e+09	1.629	13.15
9.118e+09	1.634	13.15
9.122e+09	1.638	13.15
9.126e+09	1.639	13.25
9.13e+09	1.642	13.28
9.134e+09	1.646	13.28
9.138e+09	1.65	13.28
9.142e+09	1.654	13.28
9.147e+09	1.656	13.37
9.151e+09	1.659	13.4
9.155e+09	1.66	13.52
9.159e+09	1.664	13.52
9.163e+09	1.669	13.52
9.167e+09	1.673	13.52
9.171e+09	1.678	13.52
9.175e+09	1.673	13.75
9.179e+09	1.674	13.83
9.183e+09	1.677	13.86
9.187e+09	1.682	13.86
9.191e+09	1.686	13.86
9.195e+09	1.69	13.86
9.199e+09	1.694	13.86
9.204e+09	1.699	13.86
9.208e+09	1.703	13.86
9.212e+09	1.708	13.86
9.216e+09	1.712	13.86
9.22e+09	1.716	13.87
9.224e+09	1.721	13.87
9.229e+09	1.722	13.94
9.233e+09	1.723	14.04
9.237e+09	1.727	14.04
9.241e+09	1.731	14.04
9.245e+09	1.736	14.04
9.249e+09	1.74	14.05
9.253e+09	1.74	14.19
9.257e+09	1.74	14.28
9.261e+09	1.744	14.28
9.265e+09	1.748	14.28
9.269e+09	1.752	14.28
9.273e+09	1.757	14.28
9.278e+09	1.761	14.28
9.282e+09	1.765	14.28
9.286e+09	1.77	14.28
9.29e+09	1.773	14.3
9.294e+09	1.778	14.3
9.299e+09	1.782	14.3
9.303e+09	1.786	14.3
9.307e+09	1.791	14.3
9.311e+09	1.795	14.3
9.315e+09	1.795	14.39
9.319e+09	1.799	14.39
9.324e+09	1.804	14.39
9.328e+09	1.808	14.39
9.332e+09	1.808	14.52
9.336e+09	1.81	14.6
9.34e+09	1.814	14.6
9.344e+09	1.816	14.66
9.349e+09	1.821	14.66
9.353e+09	1.825	14.66
9.357e+09	1.828	14.71
9.361e+09	1.828	14.81
9.365e+09	1.823	15.01
9.369e+09	1.827	15.02
9.373e+09	1.831	15.03
9.378e+09	1.835	15.03
9.382e+09	1.839	15.03
9.386e+09	1.843	15.04
9.39e+09	1.848	15.04
9.394e+09	1.852	15.04
9.398e+09	1.856	15.04
9.402e+09	1.861	15.04
9.407e+09	1.864	15.07
9.411e+09	1.865	15.15
9.415e+09	1.864	15.26
9.419e+09	1.862	15.38
9.423e+09	1.865	15.42
9.427e+09	1.866	15.5
9.431e+09	1.87	15.52
9.435e+09	1.874	15.52
9.439e+09	1.878	15.52
9.443e+09	1.882	15.52
9.447e+09	1.887	15.52
9.451e+09	1.891	15.52
9.455e+09	1.895	15.52
9.46e+09	1.9	15.52
9.464e+09	1.904	15.52
9.468e+09	1.903	15.66
9.472e+09	1.904	15.72
9.476e+09	1.908	15.72
9.48e+09	1.912	15.75
9.484e+09	1.916	15.75
9.488e+09	1.92	15.75
9.493e+09	1.925	15.75
9.497e+09	1.929	15.75
9.501e+09	1.933	15.75
9.505e+09	1.938	15.75
9.509e+09	1.942	15.75
9.514e+09	1.946	15.75
9.518e+09	1.951	15.75
9.522e+09	1.955	15.75
9.526e+09	1.958	15.78
9.53e+09	1.96	15.83
9.534e+09	1.964	15.83
9.538e+09	1.968	15.84
9.542e+09	1.973	15.84
9.546e+09	1.977	15.84
9.551e+09	1.981	15.84
9.555e+09	1.985	15.84
9.559e+09	1.989	15.86
9.563e+09	1.993	15.87
9.567e+09	1.997	15.87
9.571e+09	2.002	15.87
9.576e+09	2.006	15.87
9.58e+09	2.01	15.87
9.584e+09	2.014	15.87
9.588e+09	2.019	15.87
9.592e+09	2.022	15.91
9.596e+09	2.023	15.98
9.6e+09	2.028	15.98
9.604e+09	2.031	16.02
9.609e+09	2.035	16.02
9.613e+09	2.039	16.02
9.617e+09	2.044	16.02
9.621e+09	2.044	16.11
9.625e+09	2.042	16.26
9.629e+09	2.046	16.26
9.634e+09	2.049	16.3
9.638e+09	2.053	16.3
9.642e+09	2.057	16.31
9.646e+09	2.061	16.31
9.65e+09	2.066	16.31
9.654e+09	2.07	16.31
9.658e+09	2.069	16.41
9.662e+09	2.067	16.53
9.666e+09	2.071	16.53
9.67e+09	2.076	16.53
9.674e+09	2.08	16.53
9.679e+09	2.077	16.67
9.682e+09	2.081	16.67
9.687e+09	2.085	16.67
9.691e+09	2.089	16.69
9.695e+09	2.09	16.74
9.699e+09	2.095	16.74
9.703e+09	2.097	16.77
9.707e+09	2.101	16.77
9.711e+09	2.105	16.78
9.715e+09	2.109	16.78
9.72e+09	2.114	16.79
9.724e+09	2.118	16.79
9.728e+09	2.118	16.87
9.732e+09	2.122	16.87
9.736e+09	2.121	16.99
9.74e+09	2.118	17.12
9.744e+09	2.123	17.12
9.748e+09	2.127	17.12
9.753e+09	2.131	17.13
9.757e+09	2.136	17.13
9.761e+09	2.14	17.13
9.765e+09	2.144	17.13
9.769e+09	2.147	17.16
9.773e+09	2.151	17.16
9.777e+09	2.155	17.16
9.782e+09	2.16	17.17
9.786e+09	2.164	17.17
9.79e+09	2.168	17.17
9.794e+09	2.173	17.17
9.798e+09	2.177	17.17
9.802e+09	2.181	17.17
9.806e+09	2.186	17.17
9.81e+09	2.186	17.23
9.814e+09	2.186	17.31
9.818e+09	2.19	17.31
9.823e+09	2.195	17.31
9.827e+09	2.199	17.32
9.831e+09	2.203	17.32
9.835e+09	2.207	17.32
9.839e+09	2.206	17.43
9.843e+09	2.21	17.43
9.847e+09	2.215	17.43
9.851e+09	2.219	17.43
9.855e+09	2.223	17.43
9.86e+09	2.225	17.49
9.864e+09	2.226	17.55
9.868e+09	2.23	17.55
9.872e+09	2.235	17.55
9.876e+09	2.239	17.55
9.88e+09	2.243	17.55
9.884e+09	2.242	17.66
9.888e+09	2.246	17.66
9.892e+09	2.249	17.69
9.896e+09	2.252	17.71
9.9e+09	2.256	17.71
9.904e+09	2.26	17.71
9.908e+09	2.264	17.71
9.912e+09	2.269	17.71
9.917e+09	2.273	17.72
9.921e+09	2.277	17.72
9.925e+09	2.281	17.73
9.929e+09	2.283	17.77
9.933e+09	2.287	17.77
9.937e+09	2.292	17.77
9.941e+09	2.296	17.78
9.945e+09	2.297	17.83
9.95e+09	2.302	17.83
9.954e+09	2.306	17.84
9.958e+09	2.31	17.84
9.962e+09	2.314	17.84
9.966e+09	2.319	17.84
9.97e+09	2.323	17.84
9.975e+09	2.327	17.84
9.979e+09	2.33	17.89
9.983e+09	2.329	17.97
9.987e+09	2.333	17.98
9.991e+09	2.337	17.98
9.995e+09	2.342	17.98
9.999e+09	2.344	18
1e+10	2.339	18.18
1.001e+10	2.337	18.3
1.001e+10	2.341	18.3
1.002e+10	2.335	18.48
1.002e+10	2.336	18.57
1.002e+10	2.34	18.57
1.003e+10	2.344	18.57
1.003e+10	2.348	18.57
1.004e+10	2.353	18.57
1.004e+10	2.357	18.57
1.004e+10	2.361	18.57
1.005e+10	2.366	18.57
1.005e+10	2.37	18.57
1.006e+10	2.366	18.72
1.006e+10	2.37	18.72
1.007e+10	2.374	18.72
1.007e+10	2.379	18.72
1.007e+10	2.383	18.72
1.008e+10	2.386	18.74
1.008e+10	2.39	18.75
1.009e+10	2.391	18.79
1.009e+10	2.392	18.85
1.009e+10	2.393	18.91
1.01e+10	2.389	19.07
1.01e+10	2.393	19.07
1.011e+10	2.397	19.07
1.011e+10	2.402	19.07
1.011e+10	2.406	19.07
1.012e+10	2.41	19.08
1.012e+10	2.415	19.08
1.013e+10	2.419	19.08
1.013e+10	2.423	19.08
1.014e+10	2.427	19.08
1.014e+10	2.432	19.08
1.014e+10	2.436	19.08
1.015e+10	2.44	19.09
1.015e+10	2.445	19.09
1.016e+10	2.449	19.09
1.016e+10	2.453	19.09
1.017e+10	2.457	19.11
1.017e+10	2.461	19.11
1.017e+10	2.464	19.13
1.018e+10	2.469	19.14
1.018e+10	2.473	19.14
1.019e+10	2.477	19.14
1.019e+10	2.482	19.14
1.019e+10	2.477	19.29
1.02e+10	2.481	19.29
1.02e+10	2.486	19.29
1.021e+10	2.49	19.29
1.021e+10	2.494	19.29
1.021e+10	2.498	19.29
1.022e+10	2.503	19.29
1.022e+10	2.507	19.29
1.023e+10	2.511	19.3
1.023e+10	2.515	19.3
1.024e+10	2.519	19.3
1.024e+10	2.524	19.31
1.024e+10	2.528	19.31
1.025e+10	2.518	19.51
1.025e+10	2.522	19.51
1.026e+10	2.527	19.51
1.026e+10	2.531	19.51
1.026e+10	2.533	19.54
1.027e+10	2.537	19.55
1.027e+10	2.541	19.55
1.028e+10	2.546	19.55
1.028e+10	2.55	19.56
1.029e+10	2.554	19.56
1.029e+10	2.558	19.56
1.029e+10	2.56	19.6
1.03e+10	2.55	19.82
1.03e+10	2.542	20.01
1.031e+10	2.546	20.01
1.031e+10	2.551	20.01
1.031e+10	2.553	20.05
1.032e+10	2.556	20.07
1.032e+10	2.561	20.07
1.033e+10	2.565	20.07
1.033e+10	2.568	20.09
1.033e+10	2.572	20.09
1.034e+10	2.576	20.09
1.034e+10	2.578	20.13
1.035e+10	2.582	20.13
1.035e+10	2.587	20.13
1.035e+10	2.591	20.13
1.036e+10	2.595	20.13
1.036e+10	2.598	20.16
1.037e+10	2.589	20.39
1.037e+10	2.586	20.48
1.037e+10	2.59	20.48
1.038e+10	2.589	20.56
1.038e+10	2.593	20.56
1.039e+10	2.598	20.56
1.039e+10	2.602	20.56
1.04e+10	2.606	20.56
1.04e+10	2.609	20.61
1.04e+10	2.613	20.61
1.041e+10	2.617	20.61
1.041e+10	2.621	20.61
1.042e+10	2.625	20.62
1.042e+10	2.624	20.69
1.042e+10	2.627	20.71
1.043e+10	2.631	20.71
1.043e+10	2.635	20.72
1.044e+10	2.639	20.72
1.044e+10	2.644	20.72
1.044e+10	2.648	20.72
1.045e+10	2.652	20.72
1.045e+10	2.657	20.72
1.046e+10	2.661	20.72
1.046e+10	2.665	20.72
1.047e+10	2.669	20.72
1.047e+10	2.668	20.81
1.047e+10	2.672	20.81
1.048e+10	2.677	20.81
1.048e+10	2.677	20.86
1.049e+10	2.673	20.99
1.049e+10	2.677	21
1.049e+10	2.682	21
1.05e+10	2.686	21
1.05e+10	2.687	21.05
1.051e+10	2.691	21.05
1.051e+10	2.695	21.05
1.052e+10	2.691	21.19
1.052e+10	2.689	21.27
1.052e+10	2.691	21.3
1.053e+10	2.696	21.31
1.053e+10	2.7	21.31
1.054e+10	2.704	21.31
1.054e+10	2.708	21.31
1.054e+10	2.713	21.31
1.055e+10	2.717	21.31
1.055e+10	2.721	21.31
1.056e+10	2.725	21.33
1.056e+10	2.729	21.33
1.057e+10	2.722	21.48
1.057e+10	2.723	21.53
1.057e+10	2.727	21.53
1.058e+10	2.721	21.69
1.058e+10	2.725	21.69
1.059e+10	2.729	21.69
1.059e+10	2.734	21.69
1.059e+10	2.737	21.7
1.06e+10	2.741	21.7
1.06e+10	2.742	21.76
1.061e+10	2.746	21.76
1.061e+10	2.75	21.76
1.061e+10	2.754	21.76
1.062e+10	2.75	21.89
1.062e+10	2.749	21.95
1.063e+10	2.753	21.96
1.063e+10	2.756	21.98
1.064e+10	2.761	21.98
1.064e+10	2.765	21.98
1.064e+10	2.769	21.98
1.065e+10	2.773	21.98
1.065e+10	2.778	21.98
1.066e+10	2.777	22.06
1.066e+10	2.778	22.11
1.066e+10	2.782	22.11
1.067e+10	2.787	22.11
1.067e+10	2.791	22.11
1.068e+10	2.795	22.11
1.068e+10	2.799	22.12
1.069e+10	2.804	22.12
1.069e+10	2.808	22.12
1.069e+10	2.804	22.23
1.07e+10	2.807	22.26
1.07e+10	2.811	22.26
1.071e+10	2.816	22.26
1.071e+10	2.818	22.29
1.071e+10	2.822	22.3
1.072e+10	2.824	22.33
1.072e+10	2.827	22.34
1.073e+10	2.83	22.36
1.073e+10	2.835	22.36
1.073e+10	2.839	22.36
1.074e+10	2.843	22.36
1.074e+10	2.841	22.46
1.075e+10	2.833	22.61
1.075e+10	2.837	22.61
1.076e+10	2.842	22.61
1.076e+10	2.846	22.61
1.076e+10	2.85	22.61
1.077e+10	2.854	22.61
1.077e+10	2.859	22.62
1.078e+10	2.863	22.62
1.078e+10	2.867	22.62
1.078e+10	2.871	22.62
1.079e+10	2.876	22.62
1.079e+10	2.878	22.66
1.08e+10	2.882	22.66
1.08e+10	2.883	22.7
1.081e+10	2.888	22.7
1.081e+10	2.891	22.71
1.081e+10	2.895	22.71
1.082e+10	2.9	22.72
1.082e+10	2.904	22.72
1.083e+10	2.908	22.72
1.083e+10	2.909	22.76
1.083e+10	2.914	22.76
1.084e+10	2.918	22.76
1.084e+10	2.922	22.76
1.085e+10	2.927	22.76
1.085e+10	2.931	22.76
1.086e+10	2.935	22.76
1.086e+10	2.939	22.77
1.086e+10	2.944	22.77
1.087e+10	2.948	22.77
1.087e+10	2.952	22.77
1.088e+10	2.942	22.97
1.088e+10	2.933	23.13
1.088e+10	2.935	23.16
1.089e+10	2.939	23.16
1.089e+10	2.943	23.16
1.09e+10	2.947	23.16
1.09e+10	2.942	23.3
1.09e+10	2.934	23.43
1.091e+10	2.938	23.43
1.091e+10	2.926	23.63
1.092e+10	2.928	23.65
1.092e+10	2.933	23.65
1.092e+10	2.935	23.68
1.093e+10	2.937	23.72
1.093e+10	2.941	23.72
1.094e+10	2.945	23.72
1.094e+10	2.95	23.72
1.095e+10	2.954	23.72
1.095e+10	2.958	23.72
1.095e+10	2.962	23.73
1.096e+10	2.967	23.73
1.096e+10	2.971	23.73
1.097e+10	2.975	23.73
1.097e+10	2.979	23.73
1.097e+10	2.983	23.73
1.098e+10	2.988	23.74
1.098e+10	2.992	23.74
1.099e+10	2.996	23.74
1.099e+10	3	23.74
1.1e+10	3.005	23.74
1.1e+10	3.009	23.74
1.1e+10	3.013	23.74
1.101e+10	3.018	23.74
1.101e+10	3.009	23.89
1.102e+10	3.008	23.96
1.102e+10	3.013	23.96
1.102e+10	3.017	23.96
1.103e+10	3.021	23.96
1.103e+10	3.025	23.96
1.104e+10	3.03	23.96
1.104e+10	3.028	24.03
1.105e+10	3.025	24.12
1.105e+10	3.025	24.18
1.105e+10	3.029	24.18
1.106e+10	3.033	24.18
1.106e+10	3.037	24.18
1.107e+10	3.042	24.19
1.107e+10	3.046	24.19
1.107e+10	3.044	24.26
1.108e+10	3.04	24.36
1.108e+10	3.044	24.36
1.109e+10	3.048	24.36
1.109e+10	3.047	24.44
1.109e+10	3.048	24.49
1.11e+10	3.041	24.62
1.11e+10	3.045	24.62
1.111e+10	3.049	24.62
1.111e+10	3.053	24.63
1.111e+10	3.058	24.63
1.112e+10	3.062	24.63
1.112e+10	3.066	24.63
1.113e+10	3.07	24.63
1.113e+10	3.074	24.63
1.114e+10	3.075	24.67
1.114e+10	3.079	24.67
1.114e+10	3.083	24.67
1.115e+10	3.087	24.67
1.115e+10	3.092	24.67
1.116e+10	3.096	24.69
1.116e+10	3.1	24.69
1.116e+10	3.104	24.69
1.117e+10	3.108	24.69
1.117e+10	3.11	24.72
1.118e+10	3.106	24.84
1.118e+10	3.094	25.02
1.118e+10	3.097	25.03
1.119e+10	3.101	25.03
1.119e+10	3.105	25.03
1.12e+10	3.106	25.08
1.12e+10	3.1	25.18
1.12e+10	3.105	25.18
1.121e+10	3.109	25.18
1.121e+10	3.113	25.18
1.122e+10	3.117	25.18
1.122e+10	3.122	25.18
1.123e+10	3.126	25.18
1.123e+10	3.13	25.18
1.123e+10	3.132	25.21
1.124e+10	3.126	25.33
1.124e+10	3.126	25.38
1.125e+10	3.13	25.38
1.125e+10	3.134	25.38
1.125e+10	3.139	25.38
1.126e+10	3.142	25.4
1.126e+10	3.137	25.5
1.127e+10	3.141	25.5
1.127e+10	3.145	25.51
1.127e+10	3.149	25.51
1.128e+10	3.153	25.51
1.128e+10	3.157	25.51
1.129e+10	3.161	25.51
1.129e+10	3.166	25.51
1.13e+10	3.167	25.56
1.13e+10	3.171	25.56
1.13e+10	3.176	25.56
1.131e+10	3.18	25.56
1.131e+10	3.184	25.57
1.132e+10	3.188	25.57
1.132e+10	3.193	25.57
1.132e+10	3.196	25.58
1.133e+10	3.192	25.67
1.133e+10	3.196	25.67
1.134e+10	3.194	25.74
1.134e+10	3.198	25.74
1.135e+10	3.202	25.74
1.135e+10	3.207	25.74
1.135e+10	3.211	25.74
1.136e+10	3.215	25.74
1.136e+10	3.219	25.75
1.137e+10	3.224	25.75
1.137e+10	3.228	25.75
1.137e+10	3.232	25.75
1.138e+10	3.236	25.75
1.138e+10	3.239	25.77
1.139e+10	3.244	25.77
1.139e+10	3.248	25.77
1.139e+10	3.252	25.77
1.14e+10	3.257	25.77
1.14e+10	3.261	25.77
1.141e+10	3.265	25.77
1.141e+10	3.269	25.78
1.142e+10	3.274	25.78
1.142e+10	3.278	25.78
1.142e+10	3.282	25.78
1.143e+10	3.287	25.81
1.143e+10	3.291	25.84
1.144e+10	3.295	25.87
1.144e+10	3.299	25.89
1.144e+10	3.304	25.93
1.145e+10	3.308	25.94
1.145e+10	3.312	25.98
1.146e+10	3.316	26.03
1.146e+10	3.321	26.08
1.146e+10	3.318	26.09
1.147e+10	3.322	26.12
1.147e+10	3.327	26.13
1.148e+10	3.331	26.15
1.148e+10	3.335	26.17
1.149e+10	3.34	26.2
1.149e+10	3.337	26.23
1.149e+10	3.335	26.25
1.15e+10	3.339	26.27
1.15e+10	3.343	26.28
1.151e+10	3.343	26.3
1.151e+10	3.344	26.33
1.151e+10	3.335	26.35
1.152e+10	3.34	26.39
1.152e+10	3.344	26.39
1.153e+10	3.348	26.42
1.153e+10	3.353	26.45
1.153e+10	3.356	26.47
1.154e+10	3.36	26.49
1.154e+10	3.364	26.51
1.155e+10	3.369	26.53
1.155e+10	3.373	26.55
1.156e+10	3.377	26.57
1.156e+10	3.381	26.58
1.156e+10	3.386	26.59
1.157e+10	3.375	26.6
1.157e+10	3.373	26.62
1.158e+10	3.363	26.68
1.158e+10	3.362	26.74
1.158e+10	3.353	26.87
1.159e+10	3.357	26.87
1.159e+10	3.361	26.87
1.16e+10	3.354	26.98
1.16e+10	3.357	26.99
1.16e+10	3.355	27.06
1.161e+10	3.359	27.06
1.161e+10	3.363	27.06
1.162e+10	3.367	27.07
1.162e+10	3.36	27.17
1.162e+10	3.351	27.29
1.163e+10	3.343	27.42
1.163e+10	3.347	27.42
1.164e+10	3.351	27.42
1.164e+10	3.356	27.42
1.164e+10	3.36	27.42
1.165e+10	3.364	27.42
1.165e+10	3.369	27.42
1.166e+10	3.373	27.42
1.166e+10	3.377	27.42
1.167e+10	3.381	27.42
1.167e+10	3.386	27.42
1.167e+10	3.39	27.42
1.168e+10	3.394	27.42
1.168e+10	3.399	27.43
1.169e+10	3.403	27.43
1.169e+10	3.407	27.43
1.169e+10	3.41	27.44
1.17e+10	3.414	27.44
1.17e+10	3.418	27.44
1.171e+10	3.423	27.44
1.171e+10	3.427	27.44
1.172e+10	3.431	27.44
1.172e+10	3.436	27.44
1.172e+10	3.44	27.45
1.173e+10	3.442	27.47
1.173e+10	3.447	27.48
1.174e+10	3.451	27.5
1.174e+10	3.455	27.54
1.174e+10	3.45	27.58
1.175e+10	3.436	27.75
1.175e+10	3.435	27.8
1.176e+10	3.422	28
1.176e+10	3.425	28.01
1.176e+10	3.43	28.01
1.177e+10	3.434	28.01
1.177e+10	3.419	28.19
1.178e+10	3.423	28.19
1.178e+10	3.427	28.19
1.179e+10	3.432	28.2
1.179e+10	3.436	28.2
1.179e+10	3.44	28.2
1.18e+10	3.444	28.2
1.18e+10	3.448	28.2
1.181e+10	3.453	28.2
1.181e+10	3.456	28.22
1.181e+10	3.451	28.29
1.182e+10	3.455	28.29
1.182e+10	3.458	28.32
1.183e+10	3.462	28.32
1.183e+10	3.466	28.32
1.183e+10	3.47	28.32
1.184e+10	3.475	28.32
1.184e+10	3.479	28.32
1.185e+10	3.483	28.33
1.185e+10	3.484	28.37
1.186e+10	3.488	28.37
1.186e+10	3.492	28.38
1.186e+10	3.494	28.41
1.187e+10	3.493	28.45
1.187e+10	3.497	28.45
1.188e+10	3.501	28.45
1.188e+10	3.5	28.5
1.188e+10	3.504	28.5
1.189e+10	3.508	28.5
1.189e+10	3.513	28.5
1.19e+10	3.517	28.5
1.19e+10	3.516	28.56
1.19e+10	3.515	28.61
1.191e+10	3.519	28.62
1.191e+10	3.513	28.72
1.192e+10	3.516	28.75
1.192e+10	3.52	28.75
1.192e+10	3.524	28.76
1.193e+10	3.528	28.76
1.193e+10	3.533	28.76
1.194e+10	3.527	28.86
1.194e+10	3.525	28.92
1.195e+10	3.53	28.92
1.195e+10	3.534	28.93
1.195e+10	3.538	28.93
1.196e+10	3.542	28.93
1.196e+10	3.529	29.08
1.197e+10	3.533	29.09
1.197e+10	3.537	29.09
1.197e+10	3.541	29.09
1.198e+10	3.546	29.09
1.198e+10	3.549	29.1
1.199e+10	3.553	29.1
1.199e+10	3.558	29.1
1.2e+10	3.562	29.1
1.2e+10	3.566	29.1
1.2e+10	3.57	29.1
1.201e+10	3.575	29.11
1.201e+10	3.579	29.11
1.202e+10	3.583	29.11
1.202e+10	3.574	29.25
1.202e+10	3.578	29.25
1.203e+10	3.582	29.25
1.203e+10	3.587	29.25
1.204e+10	3.591	29.25
1.204e+10	3.595	29.25
1.204e+10	3.6	29.25
1.205e+10	3.604	29.29
1.205e+10	3.596	29.38
1.206e+10	3.6	29.39
1.206e+10	3.605	29.39
1.207e+10	3.609	29.39
1.207e+10	3.613	29.39
1.207e+10	3.604	29.5
1.208e+10	3.608	29.5
1.208e+10	3.612	29.5
1.209e+10	3.616	29.5
1.209e+10	3.621	29.5
1.209e+10	3.625	29.51
1.21e+10	3.629	29.51
1.21e+10	3.634	29.52
1.211e+10	3.638	29.55
1.211e+10	3.642	29.58
1.211e+10	3.635	29.64
1.212e+10	3.633	29.7
1.212e+10	3.637	29.71
1.213e+10	3.641	29.71
1.213e+10	3.645	29.71
1.214e+10	3.65	29.73
1.214e+10	3.654	29.77
1.214e+10	3.658	29.8
1.215e+10	3.662	29.83
1.215e+10	3.657	29.85
1.216e+10	3.661	29.89
1.216e+10	3.65	29.94
1.216e+10	3.653	29.94
1.217e+10	3.658	29.94
1.217e+10	3.658	29.98
1.218e+10	3.642	30.11
1.218e+10	3.642	30.08
1.218e+10	3.641	30.02
1.219e+10	3.638	29.91
1.219e+10	3.63	29.64
1.22e+10	3.621	29.32
1.22e+10	3.612	29.02
1.22e+10	3.6	28.7
1.221e+10	3.586	28.36
1.221e+10	3.572	28.04
1.221e+10	3.555	27.75
1.222e+10	3.537	27.45
1.222e+10	3.519	27.15
1.223e+10	3.499	26.88
1.223e+10	3.477	26.61
1.223e+10	3.457	26.38
1.224e+10	3.438	26.1
1.224e+10	3.42	25.83
1.224e+10	3.391	25.64
1.225e+10	3.364	25.45
1.225e+10	3.341	25.22
1.225e+10	3.318	25
1.226e+10	3.292	24.77
1.226e+10	3.273	24.55
1.227e+10	3.266	24.37
1.227e+10	3.246	24.12
1.227e+10	3.226	23.89
1.228e+10	3.204	23.62
1.228e+10	3.184	23.36
1.228e+10	3.165	23.11
1.229e+10	3.143	22.91
1.229e+10	3.125	22.68
1.229e+10	3.106	22.43
1.23e+10	3.085	22.23
1.23e+10	3.066	22.02
1.231e+10	3.044	21.81
1.231e+10	3.026	21.6
1.231e+10	3.005	21.38
1.232e+10	2.986	21.18
1.232e+10	2.964	20.96
1.232e+10	2.943	20.77
1.233e+10	2.919	20.53
1.233e+10	2.898	20.35
1.233e+10	2.874	20.14
1.234e+10	2.851	19.94
1.234e+10	2.823	19.81
1.234e+10	2.795	19.67
1.235e+10	2.77	19.49
1.235e+10	2.743	19.32
1.235e+10	2.714	19.16
1.236e+10	2.686	18.98
1.236e+10	2.661	18.77
1.237e+10	2.645	18.56
1.237e+10	2.629	18.34
1.237e+10	2.612	18.15
1.238e+10	2.594	17.92
1.238e+10	2.577	17.72
1.238e+10	2.554	17.46
1.239e+10	2.53	17.23
1.239e+10	2.509	16.96
1.24e+10	2.489	16.77
1.24e+10	2.473	16.67
1.24e+10	2.45	16.5
1.241e+10	2.427	16.33
1.241e+10	2.405	16.17
1.241e+10	2.385	16.03
1.242e+10	2.375	16
1.242e+10	2.359	15.92
1.243e+10	2.343	15.84
1.243e+10	2.329	15.78
1.243e+10	2.31	15.7
1.244e+10	2.293	15.62
1.244e+10	2.274	15.51
1.244e+10	2.243	15.2
1.245e+10	2.213	14.89
1.245e+10	2.183	14.64
1.245e+10	2.15	14.35
1.246e+10	2.119	14.05
1.246e+10	2.092	13.86
1.247e+10	2.065	13.68
1.247e+10	2.041	13.51
1.247e+10	2.016	13.28
1.248e+10	1.991	13.12
1.248e+10	1.965	12.94
1.248e+10	1.941	12.79
1.249e+10	1.916	12.58
1.249e+10	1.893	12.4
1.249e+10	1.867	12.21
1.25e+10	1.839	11.99
1.25e+10	1.817	11.82
1.25e+10	1.792	11.64
1.251e+10	1.768	11.48
1.251e+10	1.747	11.35
1.252e+10	1.721	11.2
1.252e+10	1.697	11.08
1.252e+10	1.674	10.94
1.253e+10	1.653	10.79
1.253e+10	1.624	10.59
1.253e+10	1.599	10.41
1.254e+10	1.578	10.27
1.254e+10	1.552	10.07
1.254e+10	1.528	9.926
1.255e+10	1.5	9.706
1.255e+10	1.476	9.538
1.256e+10	1.452	9.374
1.256e+10	1.428	9.252
1.256e+10	1.404	9.099
1.257e+10	1.376	8.857
1.257e+10	1.352	8.709
1.257e+10	1.331	8.551
1.258e+10	1.306	8.392
1.258e+10	1.283	8.239
1.258e+10	1.263	8.111
1.259e+10	1.239	7.968
1.259e+10	1.218	7.863
1.259e+10	1.193	7.693
1.26e+10	1.168	7.525
1.26e+10	1.142	7.353
1.261e+10	1.12	7.238
1.261e+10	1.091	7.036
1.261e+10	1.068	6.893
1.262e+10	1.043	6.744
1.262e+10	1.017	6.576
1.262e+10	0.9963	6.469
1.263e+10	0.9682	6.254
1.263e+10	0.9414	6.037
1.263e+10	0.9129	5.817
1.264e+10	0.8824	5.597
1.264e+10	0.8529	5.395
1.265e+10	0.829	5.226
1.265e+10	0.8052	5.068
1.265e+10	0.7809	4.886
1.266e+10	0.7539	4.701
1.266e+10	0.7325	4.583
1.266e+10	0.7061	4.444
1.267e+10	0.6791	4.286
1.267e+10	0.651	4.126
1.267e+10	0.6212	3.895
1.268e+10	0.5967	3.761
1.268e+10	0.5713	3.609
1.268e+10	0.5426	3.45
1.269e+10	0.5088	3.36
1.269e+10	0.4747	3.295
1.27e+10	0.4396	3.229
1.27e+10	0.4049	3.141
1.27e+10	0.3719	3.032
1.271e+10	0.3419	2.951
1.271e+10	0.313	2.826
1.272e+10	0.2839	2.716
1.272e+10	0.2576	2.572
1.272e+10	0.2326	2.432
1.273e+10	0.2072	2.306
1.273e+10	0.1827	2.173
1.273e+10	0.157	2.093
1.274e+10	0.1336	1.977
1.274e+10	0.1179	1.826
1.274e+10	0.1095	1.711
1.275e+10	0.105	1.535
1.275e+10	0.09958	1.308
1.276e+10	0.09603	1.127
1.276e+10	0.09251	0.9185
1.276e+10	0.09122	0.7273
1.277e+10	0.09664	0.6314
1.277e+10	0.1069	0.6681
1.277e+10	0.121	0.7101
1.278e+10	0.14	0.7891
1.278e+10	0.1552	0.8611
1.278e+10	0.1757	0.9989
1.279e+10	0.1926	1.151
1.279e+10	0.2133	1.318
1.279e+10	0.2351	1.5
1.28e+10	0.2572	1.701
1.28e+10	0.2851	1.827
1.281e+10	0.3117	1.993
1.281e+10	0.335	2.16
1.281e+10	0.3459	2.313
1.282e+10	0.3557	2.512
1.282e+10	0.379	2.712
1.282e+10	0.4098	2.844
1.283e+10	0.4364	2.98
1.283e+10	0.4619	3.11
1.284e+10	0.4884	3.266
1.284e+10	0.5195	3.368
1.284e+10	0.5482	3.526
1.285e+10	0.5773	3.644
1.285e+10	0.5986	3.789
1.285e+10	0.6145	3.999
1.286e+10	0.6303	4.206
1.286e+10	0.661	4.321
1.287e+10	0.6912	4.489
1.287e+10	0.7203	4.643
1.287e+10	0.7474	4.756
1.288e+10	0.7754	4.877
1.288e+10	0.8023	4.991
1.288e+10	0.8295	5.103
1.289e+10	0.86	5.187
1.289e+10	0.8951	5.23
1.29e+10	0.9313	5.254
1.29e+10	0.967	5.293
1.29e+10	0.9986	5.401
1.291e+10	1.03	5.64
1.291e+10	1.06	5.815
1.291e+10	1.088	5.941
1.292e+10	1.114	6.042
1.292e+10	1.143	6.177
1.293e+10	1.169	6.261
1.293e+10	1.196	6.389
1.293e+10	1.218	6.466
1.294e+10	1.245	6.606
1.294e+10	1.273	6.74
1.294e+10	1.302	6.88
1.295e+10	1.327	7.022
1.295e+10	1.351	7.147
1.296e+10	1.381	7.318
1.296e+10	1.407	7.475
1.296e+10	1.43	7.686
1.297e+10	1.457	7.829
1.297e+10	1.484	7.936
1.297e+10	1.511	8.073
1.298e+10	1.528	8.232
1.298e+10	1.548	8.34
1.299e+10	1.578	8.377
1.299e+10	1.61	8.432
1.299e+10	1.644	8.574
1.3e+10	1.679	8.734
1.3e+10	1.71	8.9
1.3e+10	1.733	8.992
1.301e+10	1.758	9.135
1.301e+10	1.777	9.226
1.302e+10	1.808	9.362
1.302e+10	1.813	9.384
1.302e+10	1.822	9.441
1.302e+10	1.833	9.503
1.303e+10	1.843	9.562
1.303e+10	1.854	9.655
1.303e+10	1.866	9.74
1.304e+10	1.877	9.846
1.304e+10	1.889	9.915
1.304e+10	1.901	9.999
1.305e+10	1.914	10.07
1.305e+10	1.929	10.14
1.306e+10	1.94	10.23
1.306e+10	1.954	10.31
1.306e+10	1.969	10.34
1.307e+10	1.987	10.36
1.307e+10	2.004	10.39
1.308e+10	2.019	10.42
1.308e+10	2.033	10.46
1.308e+10	2.049	10.5
1.309e+10	2.065	10.55
1.309e+10	2.08	10.61
1.309e+10	2.095	10.69
1.31e+10	2.11	10.77
1.31e+10	2.126	10.86
1.31e+10	2.139	10.92
1.311e+10	2.156	11.03
1.311e+10	2.171	11.12
1.312e+10	2.186	11.19
1.312e+10	2.202	11.29
1.312e+10	2.218	11.39
1.313e+10	2.234	11.47
1.313e+10	2.243	11.5
1.313e+10	2.255	11.55
1.314e+10	2.266	11.58
1.314e+10	2.281	11.64
1.314e+10	2.293	11.68
1.315e+10	2.306	11.73
1.315e+10	2.319	11.79
1.316e+10	2.332	11.84
1.316e+10	2.346	11.93
1.316e+10	2.362	12.01
1.317e+10	2.374	12.07
1.317e+10	2.376	12.07
1.317e+10	2.389	12.11
1.318e+10	2.401	12.15
1.318e+10	2.416	12.24
1.319e+10	2.432	12.32
1.319e+10	2.448	12.4
1.319e+10	2.463	12.48
1.32e+10	2.477	12.53
1.32e+10	2.49	12.61
1.32e+10	2.504	12.67
1.321e+10	2.515	12.71
1.321e+10	2.528	12.77
1.321e+10	2.539	12.81
1.322e+10	2.554	12.89
1.322e+10	2.571	12.98
1.323e+10	2.588	13.07
1.323e+10	2.602	13.15
1.323e+10	2.618	13.23
1.324e+10	2.634	13.31
1.324e+10	2.649	13.39
1.324e+10	2.662	13.45
1.325e+10	2.676	13.52
1.325e+10	2.69	13.59
1.326e+10	2.701	13.63
1.326e+10	2.71	13.65
1.326e+10	2.721	13.68
1.327e+10	2.735	13.76
1.327e+10	2.749	13.82
1.327e+10	2.762	13.89
1.328e+10	2.777	13.97
1.328e+10	2.792	14.04
1.328e+10	2.809	14.13
1.329e+10	2.82	14.15
1.329e+10	2.833	14.19
1.33e+10	2.842	14.21
1.33e+10	2.854	14.26
1.33e+10	2.869	14.33
1.331e+10	2.883	14.4
1.331e+10	2.897	14.47
1.331e+10	2.911	14.55
1.332e+10	2.927	14.63
1.332e+10	2.943	14.7
1.332e+10	2.958	14.78
1.333e+10	2.972	14.85
1.333e+10	2.987	14.92
1.334e+10	3	14.98
1.334e+10	3.01	15.01
1.334e+10	3.02	15.04
1.335e+10	3.029	15.06
1.335e+10	3.041	15.09
1.335e+10	3.052	15.13
1.336e+10	3.064	15.18
1.336e+10	3.075	15.22
1.337e+10	3.089	15.28
1.337e+10	3.105	15.37
1.337e+10	3.121	15.45
1.338e+10	3.137	15.54
1.338e+10	3.151	15.6
1.338e+10	3.164	15.66
1.339e+10	3.178	15.73
1.339e+10	3.191	15.78
1.339e+10	3.204	15.83
1.34e+10	3.219	15.9
1.34e+10	3.234	15.97
1.341e+10	3.248	16.04
1.341e+10	3.258	16.07
1.341e+10	3.268	16.11
1.342e+10	3.278	16.13
1.342e+10	3.289	16.16
1.342e+10	3.297	16.19
1.343e+10	3.307	16.21
1.343e+10	3.321	16.28
1.344e+10	3.337	16.36
1.344e+10	3.353	16.44
1.344e+10	3.37	16.52
1.345e+10	3.386	16.6
1.345e+10	3.401	16.69
1.346e+10	3.416	16.77
1.346e+10	3.433	16.85
1.346e+10	3.447	16.91
1.347e+10	3.462	16.99
1.347e+10	3.476	17.06
1.347e+10	3.486	17.08
1.348e+10	3.498	17.12
1.348e+10	3.506	17.14
1.349e+10	3.514	17.15
1.349e+10	3.524	17.17
1.349e+10	3.532	17.18
1.35e+10	3.544	17.22
1.35e+10	3.555	17.25
1.35e+10	3.566	17.29
1.351e+10	3.577	17.32
1.351e+10	3.589	17.37
1.351e+10	3.601	17.42
1.352e+10	3.608	17.45
1.352e+10	3.618	17.49
1.352e+10	3.631	17.54
1.353e+10	3.647	17.62
1.353e+10	3.657	17.66
1.354e+10	3.666	17.7
1.354e+10	3.676	17.76
1.354e+10	3.685	17.86
1.355e+10	3.698	17.94
1.355e+10	3.711	18.02
1.355e+10	3.723	18.09
1.356e+10	3.735	18.18
1.356e+10	3.749	18.26
1.357e+10	3.764	18.32
1.357e+10	3.776	18.41
1.357e+10	3.789	18.47
1.358e+10	3.802	18.5
1.358e+10	3.819	18.51
1.358e+10	3.835	18.52
1.359e+10	3.849	18.56
1.359e+10	3.859	18.63
1.36e+10	3.863	18.72
1.36e+10	3.87	18.82
1.36e+10	3.883	18.89
1.361e+10	3.896	18.94
1.361e+10	3.909	19.03
1.361e+10	3.922	19.12
1.362e+10	3.935	19.16
1.362e+10	3.948	19.21
1.363e+10	3.963	19.24
1.363e+10	3.978	19.25
1.363e+10	3.992	19.27
1.364e+10	4.008	19.3
1.364e+10	4.024	19.32
1.364e+10	4.038	19.35
1.365e+10	4.054	19.36
1.365e+10	4.07	19.41
1.366e+10	4.085	19.46
1.366e+10	4.1	19.52
1.366e+10	4.114	19.58
1.367e+10	4.128	19.63
1.367e+10	4.14	19.69
1.367e+10	4.151	19.74
1.368e+10	4.163	19.8
1.368e+10	4.177	19.84
1.368e+10	4.19	19.89
1.369e+10	4.206	19.96
1.369e+10	4.221	20.02
1.37e+10	4.236	20.09
1.37e+10	4.251	20.15
1.37e+10	4.261	20.18
1.371e+10	4.275	20.26
1.371e+10	4.28	20.28
1.371e+10	4.285	20.37
1.372e+10	4.29	20.48
1.372e+10	4.302	20.56
1.373e+10	4.315	20.63
1.373e+10	4.329	20.69
1.373e+10	4.344	20.72
1.374e+10	4.358	20.72
1.374e+10	4.375	20.73
1.374e+10	4.389	20.74
1.375e+10	4.405	20.76
1.375e+10	4.422	20.84
1.376e+10	4.438	20.93
1.376e+10	4.455	21
1.376e+10	4.471	21.09
1.377e+10	4.487	21.17
1.377e+10	4.5	21.21
1.377e+10	4.513	21.27
1.378e+10	4.527	21.33
1.378e+10	4.537	21.35
1.379e+10	4.549	21.39
1.379e+10	4.56	21.42
1.379e+10	4.572	21.46
1.38e+10	4.584	21.51
1.38e+10	4.595	21.56
1.38e+10	4.607	21.65
1.381e+10	4.62	21.73
1.381e+10	4.634	21.82
1.382e+10	4.646	21.91
1.382e+10	4.652	22.01
1.382e+10	4.656	22.11
1.383e+10	4.661	22.21
1.383e+10	4.668	22.29
1.383e+10	4.681	22.36
1.384e+10	4.694	22.43
1.384e+10	4.707	22.48
1.384e+10	4.721	22.52
1.385e+10	4.732	22.61
1.385e+10	4.747	22.66
1.385e+10	4.76	22.72
1.386e+10	4.773	22.79
1.386e+10	4.79	22.8
1.387e+10	4.806	22.82
1.387e+10	4.822	22.82
1.387e+10	4.837	22.84
1.388e+10	4.852	22.86
1.388e+10	4.865	22.9
1.388e+10	4.879	22.92
1.389e+10	4.895	22.92
1.389e+10	4.912	22.93
1.39e+10	4.928	22.94
1.39e+10	4.943	22.96
1.39e+10	4.959	23.04
1.391e+10	4.973	23.1
1.391e+10	4.988	23.17
1.392e+10	5.004	23.25
1.392e+10	5.02	23.33
1.392e+10	5.035	23.39
1.393e+10	5.051	23.46
1.393e+10	5.067	23.54
1.394e+10	5.08	23.58
1.394e+10	5.093	23.62
1.394e+10	5.106	23.67
1.395e+10	5.118	23.71
1.395e+10	5.128	23.74
1.395e+10	5.141	23.77
1.396e+10	5.153	23.81
1.396e+10	5.164	23.85
1.396e+10	5.176	23.89
1.397e+10	5.189	23.95
1.397e+10	5.202	23.99
1.398e+10	5.215	24.05
1.398e+10	5.227	24.1
1.398e+10	5.239	24.16
1.399e+10	5.251	24.23
1.399e+10	5.263	24.3
1.399e+10	5.274	24.37
1.4e+10	5.287	24.45
1.4e+10	5.3	24.54
1.401e+10	5.306	24.62
1.401e+10	5.321	24.65
1.401e+10	5.335	24.67
1.402e+10	5.349	24.67
1.402e+10	5.364	24.68
1.402e+10	5.378	24.72
1.403e+10	5.393	24.76
1.403e+10	5.409	24.83
1.403e+10	5.424	24.89
1.404e+10	5.438	24.95
1.404e+10	5.454	25.03
1.405e+10	5.47	25.1
1.405e+10	5.481	25.14
1.405e+10	5.493	25.18
1.406e+10	5.504	25.21
1.406e+10	5.516	25.26
1.406e+10	5.529	25.3
1.407e+10	5.54	25.35
1.407e+10	5.551	25.4
1.408e+10	5.562	25.47
1.408e+10	5.576	25.56
1.408e+10	5.587	25.65
1.409e+10	5.599	25.72
1.409e+10	5.611	25.79
1.409e+10	5.625	25.86
1.41e+10	5.638	25.93
1.41e+10	5.645	26.01
1.41e+10	5.649	26.1
1.411e+10	5.658	26.19
1.411e+10	5.674	26.19
1.412e+10	5.687	26.2
1.412e+10	5.701	26.21
1.412e+10	5.715	26.22
1.413e+10	5.73	26.23
1.413e+10	5.742	26.3
1.413e+10	5.756	26.39
1.414e+10	5.768	26.46
1.414e+10	5.783	26.49
1.415e+10	5.798	26.53
1.415e+10	5.812	26.57
1.415e+10	5.825	26.65
1.416e+10	5.839	26.71
1.416e+10	5.854	26.72
1.416e+10	5.868	26.73
1.417e+10	5.882	26.74
1.417e+10	5.895	26.82
1.418e+10	5.907	26.9
1.418e+10	5.917	26.99
1.418e+10	5.931	27
1.419e+10	5.945	27.03
1.419e+10	5.958	27.05
1.419e+10	5.972	27.06
1.42e+10	5.986	27.08
1.42e+10	6	27.13
1.42e+10	6.013	27.18
1.421e+10	6.026	27.25
1.421e+10	6.037	27.33
1.422e+10	6.05	27.39
1.422e+10	6.06	27.49
1.422e+10	6.073	27.58
1.423e+10	6.082	27.65
1.423e+10	6.093	27.71
1.423e+10	6.104	27.79
1.424e+10	6.109	27.8
1.424e+10	6.106	27.79
1.425e+10	6.102	27.77
1.425e+10	6.099	27.76
1.425e+10	6.095	27.75
1.426e+10	6.092	27.74
1.426e+10	6.089	27.72
1.427e+10	6.085	27.7
1.427e+10	6.082	27.69
1.427e+10	6.079	27.68
1.428e+10	6.075	27.67
1.428e+10	6.072	27.66
1.429e+10	6.069	27.64
1.429e+10	6.065	27.64
1.43e+10	6.062	27.63
1.43e+10	6.059	27.63
1.43e+10	6.055	27.61
1.431e+10	6.052	27.6
1.431e+10	6.049	27.59
1.432e+10	6.045	27.57
1.432e+10	6.042	27.55
1.432e+10	6.039	27.54
1.433e+10	6.035	27.53
1.433e+10	6.032	27.51
1.434e+10	6.028	27.5
1.434e+10	6.025	27.49
1.435e+10	6.022	27.48
1.435e+10	6.018	27.46
1.435e+10	6.015	27.45
1.436e+10	6.012	27.43
1.436e+10	6.008	27.42
1.437e+10	6.005	27.41
1.437e+10	6.002	27.39
1.437e+10	5.998	27.38
1.438e+10	5.995	27.36
1.438e+10	5.991	27.36
1.439e+10	5.988	27.35
1.439e+10	5.985	27.34
1.44e+10	5.981	27.32
1.44e+10	5.978	27.31
1.44e+10	5.974	27.3
1.441e+10	5.971	27.29
1.441e+10	5.968	27.28
1.442e+10	5.964	27.27
1.442e+10	5.961	27.26
1.442e+10	5.958	27.25
1.443e+10	5.955	27.24
1.443e+10	5.951	27.23
1.444e+10	5.948	27.21
1.444e+10	5.945	27.2
1.444e+10	5.941	27.18
1.445e+10	5.938	27.17
1.445e+10	5.935	27.16
1.446e+10	5.931	27.15
1.446e+10	5.928	27.14
1.447e+10	5.925	27.14
1.447e+10	5.921	27.13
1.447e+10	5.918	27.13
1.448e+10	5.915	27.12
1.448e+10	5.911	27.1
1.449e+10	5.908	27.09
1.449e+10	5.905	27.09
1.449e+10	5.901	27.07
1.45e+10	5.898	27.06
1.45e+10	5.895	27.03
1.451e+10	5.891	27.02
1.451e+10	5.888	27
1.451e+10	5.885	26.99
1.452e+10	5.881	26.97
1.452e+10	5.878	26.95
1.453e+10	5.874	26.94
1.453e+10	5.871	26.91
1.454e+10	5.868	26.89
1.454e+10	5.864	26.88
1.454e+10	5.861	26.87
1.455e+10	5.858	26.85
1.455e+10	5.854	26.84
1.456e+10	5.851	26.83
1.456e+10	5.848	26.81
1.456e+10	5.844	26.79
1.457e+10	5.841	26.78
1.457e+10	5.838	26.77
1.458e+10	5.834	26.76
1.458e+10	5.831	26.75
1.459e+10	5.827	26.73
1.459e+10	5.824	26.72
1.459e+10	5.821	26.71
1.46e+10	5.818	26.7
1.46e+10	5.814	26.69
1.461e+10	5.811	26.68
1.461e+10	5.808	26.67
1.461e+10	5.804	26.65
1.462e+10	5.801	26.63
1.462e+10	5.798	26.62
1.463e+10	5.794	26.59
1.463e+10	5.791	26.58
1.464e+10	5.787	26.57
1.464e+10	5.784	26.56
1.464e+10	5.781	26.55
1.465e+10	5.778	26.54
1.465e+10	5.775	26.54
1.466e+10	5.771	26.53
1.466e+10	5.768	26.51
1.466e+10	5.765	26.49
1.467e+10	5.761	26.49
1.467e+10	5.758	26.48
1.468e+10	5.755	26.47
1.468e+10	5.752	26.45
1.468e+10	5.748	26.43
1.469e+10	5.745	26.43
1.469e+10	5.742	26.41
1.47e+10	5.738	26.39
1.47e+10	5.735	26.38
1.471e+10	5.732	26.36
1.471e+10	5.728	26.34
1.471e+10	5.725	26.34
1.472e+10	5.722	26.32
1.472e+10	5.718	26.31
1.473e+10	5.715	26.29
1.473e+10	5.712	26.28
1.473e+10	5.709	26.27
1.474e+10	5.705	26.25
1.474e+10	5.702	26.25
1.475e+10	5.699	26.24
1.475e+10	5.696	26.22
1.475e+10	5.692	26.2
1.476e+10	5.689	26.2
1.476e+10	5.686	26.19
1.477e+10	5.682	26.17
1.477e+10	5.679	26.16
1.478e+10	5.676	26.14
1.478e+10	5.672	26.12
1.478e+10	5.669	26.1
1.479e+10	5.666	26.08
1.479e+10	5.662	26.07
1.48e+10	5.659	26.06
1.48e+10	5.656	26.05
1.48e+10	5.652	26.03
1.481e+10	5.649	26.02
1.481e+10	5.646	26.01
1.482e+10	5.642	26
1.482e+10	5.639	25.98
1.483e+10	5.636	25.97
1.483e+10	5.632	25.95
1.483e+10	5.629	25.94
1.484e+10	5.626	25.92
1.484e+10	5.623	25.91
1.485e+10	5.619	25.89
1.485e+10	5.616	25.89
1.485e+10	5.613	25.88
1.486e+10	5.609	25.86
1.486e+10	5.606	25.83
1.487e+10	5.603	25.82
1.487e+10	5.599	25.82
1.488e+10	5.596	25.81
1.488e+10	5.593	25.81
1.488e+10	5.59	25.79
1.489e+10	5.586	25.79
1.489e+10	5.583	25.79
1.49e+10	5.58	25.78
1.49e+10	5.577	25.77
1.49e+10	5.573	25.76
1.491e+10	5.57	25.75
1.491e+10	5.567	25.74
1.492e+10	5.564	25.73
1.492e+10	5.56	25.71
1.492e+10	5.557	25.69
1.493e+10	5.554	25.67
1.493e+10	5.55	25.66
1.494e+10	5.547	25.65
1.494e+10	5.544	25.64
1.495e+10	5.54	25.62
1.495e+10	5.537	25.6
1.495e+10	5.534	25.6
1.496e+10	5.531	25.58
1.496e+10	5.527	25.57
1.497e+10	5.524	25.55
1.497e+10	5.521	25.53
1.497e+10	5.517	25.51
1.498e+10	5.514	25.5
1.498e+10	5.511	25.49
1.499e+10	5.508	25.48
1.499e+10	5.504	25.47
1.5e+10	5.501	25.46
1.5e+10	5.498	25.45
1.5e+10	5.495	25.43
1.501e+10	5.491	25.41
1.501e+10	5.488	25.39
1.502e+10	5.485	25.37
1.502e+10	5.481	25.36
1.502e+10	5.478	25.36
1.503e+10	5.475	25.35
1.503e+10	5.472	25.34
1.504e+10	5.468	25.32
1.504e+10	5.465	25.31
1.504e+10	5.462	25.29
1.505e+10	5.459	25.28
1.505e+10	5.455	25.27
1.506e+10	5.452	25.25
1.506e+10	5.449	25.24
1.507e+10	5.446	25.23
1.507e+10	5.442	25.23
1.507e+10	5.439	25.22
1.508e+10	5.436	25.2
1.508e+10	5.433	25.18
1.509e+10	5.429	25.17
1.509e+10	5.426	25.16
1.509e+10	5.423	25.15
1.51e+10	5.42	25.13
1.51e+10	5.416	25.12
1.511e+10	5.413	25.1
1.511e+10	5.41	25.08
1.512e+10	5.406	25.07
1.512e+10	5.403	25.05
1.512e+10	5.4	25.04
1.513e+10	5.397	25.02
1.513e+10	5.393	25
1.514e+10	5.39	24.98
1.514e+10	5.387	24.97
1.514e+10	5.383	24.95
1.515e+10	5.38	24.95
1.515e+10	5.377	24.94
1.516e+10	5.374	24.93
1.516e+10	5.371	24.91
1.517e+10	5.367	24.9
1.517e+10	5.364	24.89
1.517e+10	5.361	24.87
1.518e+10	5.358	24.87
1.518e+10	5.354	24.85
1.519e+10	5.351	24.83
1.519e+10	5.348	24.81
1.519e+10	5.345	24.79
1.52e+10	5.341	24.78
1.52e+10	5.338	24.76
1.521e+10	5.335	24.75
1.521e+10	5.331	24.74
1.521e+10	5.328	24.71
1.522e+10	5.325	24.7
1.522e+10	5.322	24.7
1.523e+10	5.318	24.69
1.523e+10	5.315	24.67
1.524e+10	5.312	24.66
1.524e+10	5.309	24.65
1.524e+10	5.305	24.63
1.525e+10	5.302	24.63
1.525e+10	5.299	24.62
1.526e+10	5.295	24.61
1.526e+10	5.292	24.6
1.526e+10	5.289	24.6
1.527e+10	5.286	24.58
1.527e+10	5.283	24.56
1.528e+10	5.279	24.55
1.528e+10	5.276	24.53
1.529e+10	5.273	24.52
1.529e+10	5.269	24.5
1.529e+10	5.266	24.49
1.53e+10	5.263	24.48
1.53e+10	5.26	24.46
1.531e+10	5.257	24.45
1.531e+10	5.253	24.44
1.531e+10	5.25	24.42
1.532e+10	5.247	24.4
1.532e+10	5.244	24.38
1.533e+10	5.24	24.37
1.533e+10	5.237	24.36
1.534e+10	5.234	24.35
1.534e+10	5.231	24.33
1.534e+10	5.227	24.33
1.535e+10	5.224	24.31
1.535e+10	5.221	24.3
1.536e+10	5.218	24.28
1.536e+10	5.215	24.28
1.536e+10	5.211	24.27
1.537e+10	5.208	24.26
1.537e+10	5.205	24.25
1.538e+10	5.202	24.22
1.538e+10	5.198	24.22
1.538e+10	5.195	24.2
1.539e+10	5.192	24.18
1.539e+10	5.189	24.18
1.54e+10	5.186	24.17
1.54e+10	5.182	24.16
1.541e+10	5.179	24.14
1.541e+10	5.176	24.13
1.541e+10	5.173	24.12
1.542e+10	5.17	24.1
1.542e+10	5.166	24.09
1.543e+10	5.163	24.08
1.543e+10	5.16	24.06
1.543e+10	5.157	24.04
1.544e+10	5.153	24.03
1.544e+10	5.15	24.02
1.545e+10	5.147	24
1.545e+10	5.144	23.98
1.546e+10	5.14	23.97
1.546e+10	5.137	23.96
1.546e+10	5.134	23.95
1.547e+10	5.131	23.94
1.547e+10	5.127	23.92
1.548e+10	5.124	23.9
1.548e+10	5.121	23.89
1.548e+10	5.118	23.89
1.549e+10	5.115	23.88
1.549e+10	5.111	23.87
1.55e+10	5.108	23.86
1.55e+10	5.105	23.84
1.551e+10	5.102	23.83
1.551e+10	5.099	23.8
1.551e+10	5.096	23.79
1.552e+10	5.092	23.77
1.552e+10	5.089	23.76
1.553e+10	5.086	23.75
1.553e+10	5.083	23.74
1.553e+10	5.079	23.74
1.554e+10	5.076	23.72
1.554e+10	5.073	23.71
1.555e+10	5.07	23.7
1.555e+10	5.067	23.69
1.555e+10	5.064	23.68
1.556e+10	5.06	23.67
1.556e+10	5.057	23.65
1.557e+10	5.054	23.64
1.557e+10	5.051	23.62
1.558e+10	5.048	23.6
1.558e+10	5.044	23.59
1.558e+10	5.041	23.58
1.559e+10	5.038	23.57
1.559e+10	5.035	23.56
1.56e+10	5.032	23.54
1.56e+10	5.028	23.53
1.56e+10	5.025	23.52
1.561e+10	5.022	23.51
1.561e+10	5.019	23.5
1.562e+10	5.016	23.49
1.562e+10	5.012	23.48
1.563e+10	5.009	23.46
1.563e+10	5.006	23.45
1.563e+10	5.003	23.43
1.564e+10	5	23.42
1.564e+10	4.997	23.41
1.565e+10	4.993	23.4
1.565e+10	4.99	23.39
1.565e+10	4.987	23.37
1.566e+10	4.984	23.36
1.566e+10	4.981	23.36
1.567e+10	4.978	23.35
1.567e+10	4.974	23.33
1.567e+10	4.971	23.32
1.568e+10	4.968	23.3
1.568e+10	4.965	23.3
1.569e+10	4.962	23.28
1.569e+10	4.959	23.28
1.569e+10	4.956	23.26
1.57e+10	4.952	23.25
1.57e+10	4.949	23.23
1.571e+10	4.946	23.22
1.571e+10	4.943	23.21
1.572e+10	4.94	23.19
1.572e+10	4.937	23.18
1.572e+10	4.933	23.16
1.573e+10	4.93	23.15
1.573e+10	4.927	23.13
1.574e+10	4.924	23.11
1.574e+10	4.921	23.1
1.574e+10	4.917	23.09
1.575e+10	4.914	23.09
1.575e+10	4.911	23.07
1.576e+10	4.908	23.05
1.576e+10	4.905	23.04
1.577e+10	4.901	23.02
1.577e+10	4.898	23.01
1.577e+10	4.895	22.99
1.578e+10	4.892	22.98
1.578e+10	4.889	22.97
1.579e+10	4.886	22.97
1.579e+10	4.883	22.96
1.579e+10	4.879	22.94
1.58e+10	4.876	22.92
1.58e+10	4.873	22.9
1.581e+10	4.87	22.89
1.581e+10	4.867	22.88
1.582e+10	4.863	22.87
1.582e+10	4.86	22.86
1.582e+10	4.857	22.83
1.583e+10	4.854	22.81
1.583e+10	4.851	22.8
1.584e+10	4.848	22.79
1.584e+10	4.845	22.78
1.584e+10	4.841	22.77
1.585e+10	4.838	22.75
1.585e+10	4.835	22.73
1.586e+10	4.832	22.71
1.586e+10	4.829	22.7
1.586e+10	4.826	22.7
1.587e+10	4.823	22.69
1.587e+10	4.819	22.67
1.588e+10	4.816	22.65
1.588e+10	4.813	22.64
1.589e+10	4.81	22.63
1.589e+10	4.807	22.62
1.589e+10	4.804	22.61
1.59e+10	4.801	22.59
1.59e+10	4.797	22.58
1.591e+10	4.794	22.57
1.591e+10	4.791	22.55
1.591e+10	4.788	22.53
1.592e+10	4.785	22.53
1.592e+10	4.782	22.51
1.593e+10	4.778	22.5
1.593e+10	4.775	22.49
1.593e+10	4.772	22.48
1.594e+10	4.769	22.47
1.594e+10	4.766	22.46
1.595e+10	4.763	22.46
1.595e+10	4.76	22.46
1.596e+10	4.757	22.44
1.596e+10	4.754	22.44
1.596e+10	4.75	22.43
1.597e+10	4.747	22.41
1.597e+10	4.744	22.4
1.598e+10	4.741	22.38
1.598e+10	4.738	22.37
1.598e+10	4.735	22.36
1.599e+10	4.731	22.34
1.599e+10	4.728	22.33
1.6e+10	4.725	22.32
1.6e+10	4.722	22.31
1.6e+10	4.719	22.29
1.601e+10	4.716	22.27
1.601e+10	4.712	22.26
1.602e+10	4.709	22.25
1.602e+10	4.706	22.24
1.603e+10	4.703	22.23
1.603e+10	4.7	22.22
1.603e+10	4.697	22.21
1.604e+10	4.694	22.21
1.604e+10	4.691	22.2
1.605e+10	4.688	22.19
1.605e+10	4.684	22.18
1.605e+10	4.681	22.17
1.606e+10	4.678	22.17
