# round trips	 doserror
100	1433
100	784.5
100	719.2
100	828.6
100	1345
100	825.4
100	1150
100	767.5
100	613.7
100	469.5
100	298
100	172.4
100	413.3
100	262.4
100	180.1
100	275.1
100	296
100	116.2
100	215.7
100	27.77
100	123.5
100	171.3
100	168.2
100	112.4
100	80.57
100	71.26
100	87.67
100	60.46
100	45.19
100	47.38
100	84.66
100	21.12
100	35.64
100	86.18
100	70.55
100	98.51
100	35.33
100	70.41
100	31.86
100	42.07
100	34.65
100	5.049
100	-13.03
100	25.01
100	11.64
100	33.98
100	3.771
100	25.07
100	-25.21
100	1.128
100	43.7
100	39.32
100	40.41
100	23.59
100	6.822
100	26.27
100	42.74
100	-5.498
100	20.75
100	22.55
100	19.09
100	39.23
100	39.23
100	29.13
100	-3.366
100	27.38
100	16.98
100	6.697
100	24.52
100	16.21
100	16.67
100	18.13
100	26.89
100	10.97
100	7.887
100	22.45
100	6.255
100	12.65
100	23.97
100	8.249
100	18.52
100	25.4
100	22.51
100	1.428
100	-6.058
100	13.05
100	-1.854
100	14.33
100	21.5
100	21.5
100	21.5
100	4.862
100	10.01
100	12.59
100	18.53
100	1.33
100	8.644
100	-0.06593
100	-0.2005
100	1.445
100	8.691
100	11.34
100	15.59
100	1.283
100	18.21
100	-0.2379
100	-12.24
100	11.5
100	5.306
100	3.476
100	-4.288
100	13.15
100	7.387
100	18.38
100	18.38
100	5.126
100	-3.314
100	14.06
100	6.584
100	13.6
100	13.05
100	17.01
100	13.44
100	19.74
100	-1.987
100	14.82
100	16.85
100	5.459
100	2.783
100	-0.4829
100	3.117
100	-3.55
100	-9.724
100	1.81
100	-9.644
100	-6.27
100	21.24
100	4.628
100	-0.5031
100	9.623
100	4.753
100	9.855
100	12.64
100	10.03
100	3.845
100	-0.7822
100	-3.623
100	2.867
100	-4.283
100	5
100	0.3611
100	11.93
100	10.65
100	3.761
100	15.11
100	-1.581
100	-1.071
100	-2.845
100	7.581
100	-7.515
100	2.955
100	-2.343
100	-6.277
100	16.79
100	5.483
100	-0.8766
100	2.657
100	0.6949
100	-3.196
100	-3.536
100	-4.793
100	3.58
100	3.58
100	3.58
100	3.58
100	3.496
100	1.919
100	6.264
100	-7.632
100	7.239
100	5.444
100	6.664
100	10.11
100	-3.795
100	8.533
100	11.75
100	-3.118
100	-8.564
100	-0.1062
100	7.699
100	6.545
100	7.523
100	7.646
100	-1.746
100	3.5
100	-7.42
100	-1.714
100	6.369
100	5.418
100	-1.677
100	-3.258
100	0.5675
100	6.334
100	1.432
100	5.371
100	1.22
100	-3.295
100	-1.66
100	2.894
100	-3.751
100	-2.608
100	12.02
100	-1.359
100	9.49
100	14.85
100	-1.768
100	2.394
100	7.996
100	1.177
100	3.237
100	4.03
100	0.6953
100	5.658
100	2.274
100	3.081
100	-0.08511
100	3.665
100	8.283
100	0.5661
100	4.988
100	0.6192
100	-0.8733
100	5.215
100	2.163
100	3.864
100	13.45
100	10.29
100	5.932
100	2.217
100	0.3322
100	-7.83
100	-5.552
100	-2.546
100	0.6242
100	2.468
100	-1.934
100	-6.575
100	6.997
100	4.388
100	0.07943
100	-3.107
100	1.455
100	10.62
100	10.31
100	-1.087
100	1.358
100	3.624
100	2.606
100	9.34
100	-6.66
100	4.997
100	4.997
100	4.997
100	4.997
100	4.997
100	4.997
100	4.997
100	4.997
100	4.997
100	5.861
100	8.146
100	4.035
100	-0.7478
100	9.499
100	-5.967
100	-0.6556
100	6.084
100	-9.341
100	4.274
100	-3.096
100	-1.805
100	-8.519
100	0.4651
100	4.337
100	5.138
100	0.07329
100	5.021
100	-1.11
100	-0.804
100	4.126
100	0.5918
100	-3.246
100	-1.717
100	2.891
100	0.2396
100	2.799
100	2.618
100	-3.384
100	5.217
100	-3.55
100	0.8434
100	4.401
100	-1.941
100	-3.567
100	-7.372
100	-1.964
100	5.107
100	-1.892
100	2.384
100	2.967
100	0.3662
100	-1.314
100	1.955
100	1.627
100	6.704
100	4.03
100	4.697
100	1.104
100	-2.669
100	-2.325
100	-0.5507
100	-1.806
100	4.289
100	3.384
100	-3.788
100	5.206
100	1.083
100	-0.6105
100	-1.018
100	2.508
100	1.294
100	-3.911
100	-6.48
100	3.055
100	3.617
100	-3.624
100	-3.763
100	0.7246
100	0.4107
100	3.805
100	-2.619
100	-6.535
100	2.524
100	-4.569
100	-1.902
100	-1.45
100	-6.171
100	3.414
100	1.12
100	5.069
100	2.641
100	2.763
100	-0.1583
100	3.847
100	4.634
100	4.942
100	4.608
100	-3.533
100	-1.265
100	-1.451
100	-4.334
100	3.433
100	1.945
100	2.179
100	1.717
100	2.813
100	-7.103
100	3.178
100	0.1178
100	-0.944
100	-1.525
100	3.826
100	4.53
100	0.8693
100	5.508
100	4.699
100	3.528
100	3.119
100	-4.167
100	-0.3885
100	-1.292
100	5.407
100	0.2412
100	-1.497
100	0.6194
100	6.24
100	-0.1018
100	-0.1018
100	2.022
100	4.174
100	-2.323
100	0.4908
100	-1.7
100	-6.214
100	5.258
100	-0.4599
100	-1.449
100	-3.642
100	-0.04018
100	-4.287
100	6.515
100	-1.929
100	1.717
100	5.246
100	-3.461
100	-6.052
100	-3.449
100	1.973
100	-4.09
100	2.434
100	1.097
100	4.876
100	2.567
100	-0.2781
100	1.207
100	-1.466
100	-7.133
100	-1.439
100	2.205
100	1.993
100	-4.493
100	-1.463
100	0.5563
100	-0.3976
100	3.205
100	4.017
100	1.14
100	-2.311
100	-1.896
100	-0.8544
100	-1.641
100	-2.669
100	0.6184
100	0.279
100	1.744
100	0.4702
100	0.7767
100	2.054
100	-1.132
100	3.662
100	2.95
100	-1.529
100	4.825
100	-2.114
100	1.597
100	-2.027
100	-1.343
100	0.5113
100	1.234
100	-0.7912
100	1.13
100	2.208
100	-1.239
100	4.161
100	0.4368
100	-1.324
100	0.0533
100	0.02506
100	-1.621
100	-4.226
100	0.717
100	0.717
100	0.717
100	-1.185
100	-3.952
100	4.206
100	-0.1478
100	3.468
100	2.472
100	1.091
100	6.071
100	-0.5248
100	1.658
100	3.838
100	2.077
100	-1.865
100	1.303
100	2.595
100	2.198
100	2.29
100	0.4711
100	-5.248
100	1.089
100	1.327
100	5.574
100	3.088
100	2.531
100	4.149
100	0.7094
100	1.87
100	-5.008
100	0.3024
100	-0.607
100	-6.467
100	2.004
100	1.881
100	2.71
100	1.101
100	-0.5054
100	0.18
100	4.268
100	3.917
100	-0.4693
100	-0.3645
100	5.138
100	2.157
100	4.159
100	-0.1275
100	0.75
100	2.087
100	0.3004
100	-1.288
100	-4.676
100	-4.733
100	0.9028
100	1.358
100	1.869
100	3.221
100	-1.762
100	-1.789
100	1.398
100	0.0179
100	-3.491
100	-1.457
100	-2.245
100	-2.587
100	2.293
100	-2.204
100	2.218
100	-1.823
100	-1.832
100	1.16
100	4.706
100	2.208
100	-2.152
100	0.4739
100	6.987
100	-5.785
100	1.392
100	-3.77
100	-3.415
100	2.186
100	2.287
100	-1.714
100	3.766
100	2.865
100	-2.4
100	1.349
100	-0.9009
100	4.011
100	-2.158
100	2.764
100	1.324
100	-0.6836
100	-1.79
100	1.759
100	-2.61
100	2.082
100	4.277
100	3.922
100	-2.745
100	3.36
100	2.095
100	-3.602
100	-1.384
100	3.701
100	1.744
100	-0.9473
100	2.344
100	3.108
100	-1.739
100	5.36
100	-0.09428
100	1.186
100	1.537
100	0.809
100	1.061
100	-3.804
100	-3.648
100	1.146
100	1.331
100	0.7833
100	1.174
100	0.7973
100	5.302
100	3.08
100	-1.049
100	-3.138
100	0.4193
100	2.135
100	-2.155
100	0.2637
100	2.703
100	-1.31
100	0.117
100	0.8425
100	-0.1014
100	1.174
100	-1.086
100	0.4214
100	-2.47
100	-1.859
100	-2.151
100	-2.617
100	-0.2662
100	-3.363
100	-4.044
100	0.4068
100	0.2791
100	-2.991
100	0.7648
100	3.108
100	-2.881
100	6.86
100	-2.241
100	1.163
100	3.749
100	-3.374
100	-1.251
100	-1.545
100	-0.5518
100	-0.4385
100	1.732
100	-3.054
100	1.253
100	-2.72
100	0.01333
100	0.1136
100	-0.1241
100	-0.1241
100	-0.1241
100	-0.1241
100	-0.1241
100	-0.1241
100	-0.1241
100	-0.1241
100	-0.1241
100	-0.1241
100	3.831
100	2.288
100	-0.9604
100	-0.5097
100	0.6827
100	0.00364
100	-2.482
100	1.875
100	2.111
100	1.534
100	-1.325
100	3.284
100	3.268
100	2.363
100	1.992
100	-0.4189
100	1.839
100	2.376
100	-2.183
100	0.161
100	1.451
100	3.567
100	-1.548
100	2.557
100	0.4051
100	0.6753
100	-1.196
100	4.091
100	0.1802
100	1.681
100	0.6314
100	2.591
100	-0.08887
100	-0.1839
100	0.2649
100	2.743
100	-1.535
100	3.127
100	2.856
100	2.642
100	1.165
100	2.558
100	0.3379
100	-0.05793
100	-1.896
100	1.314
100	-1.656
100	1.783
100	1.007
100	-1.301
100	-2.188
100	-0.4177
100	1.225
100	-0.7975
100	2.865
100	1.229
100	-1.918
100	0.4014
100	1.328
100	-2.427
100	2.956
100	1.346
100	4.779
100	-1.606
100	0.4401
100	2.748
100	-2.708
100	0.4443
100	1.122
100	-1.188
100	1.476
100	0.9178
100	-2.022
100	-3.115
100	2.02
100	-0.288
100	-1.179
100	0.6291
100	2.403
100	0.437
100	3.858
100	3.71
100	-2.786
100	1.29
100	-1.37
100	0.2707
100	-0.5804
100	-0.1495
100	-2.721
100	1.475
100	2.892
100	2.102
100	-0.6675
100	1.444
100	1.596
100	-0.08591
100	1.794
100	0.5741
100	-1.726
100	1.21
100	-0.7971
100	0.06248
100	1.461
100	-0.9984
100	-0.1146
100	1.4
100	4.122
100	1.757
100	1.095
100	-1.007
100	2.436
100	-3.236
100	0.7015
100	-1.596
100	2.52
100	2.863
100	-0.0506
100	3.91
100	-1.393
100	-1.749
100	-0.5039
100	0.7885
100	0.9853
100	0.8028
100	-1.247
100	-0.5654
100	-0.1499
100	1.595
100	-0.2509
100	2.214
100	-0.9414
100	2.684
100	1.068
100	-1.061
100	1.093
100	0.5446
100	-0.1859
100	1.821
100	-3.106
100	0.0836
100	0.3778
100	-0.6048
100	-1.399
100	-2.853
100	3.111
100	1.305
100	1.883
100	1.183
100	3.517
100	-0.7511
100	0.4034
100	2.206
100	0.1774
100	1.289
100	0.2415
100	-2.629
100	1.207
100	-2.688
100	0.6948
100	1.217
100	0.7177
100	1.596
100	4.915
100	1.983
100	-0.7854
100	2.667
100	2.208
100	2.079
100	-0.7455
100	-0.7407
100	-1.182
100	-0.2514
100	0.2891
100	0.04966
100	2.82
100	0.3722
100	-1.694
100	2.236
100	0.3855
100	2.704
100	-1.208
100	4.589
100	-2.586
100	0.09354
100	1.697
100	1.632
100	-2.782
100	-1.964
100	1.864
100	2.294
100	0.1557
100	-0.7835
100	0.8977
100	0.5043
100	2.528
100	-1.073
100	0.4001
100	-0.8323
100	-0.1978
100	0.2404
100	2.027
100	-1.084
100	0.09466
100	-0.7289
100	0.1796
100	-1.204
100	-0.3319
100	0.1232
100	-1.77
100	0.4947
100	2.34
100	0.3195
100	3.339
100	2.45
100	1.183
100	2.037
100	-0.5165
100	-0.5229
100	-0.3599
100	-0.8695
100	0.4507
100	1.317
100	0.3773
100	0.3746
100	-1.161
100	0.502
100	0.1857
100	0.1619
100	2.64
100	0.7759
100	-1.687
100	2.262
100	1.187
100	-1.172
100	-0.6145
100	2.019
100	2.308
100	3.466
100	2.168
100	-0.1979
100	1.23
100	-0.3267
100	-1.413
100	1.917
100	1.26
100	-0.7396
100	2.357
100	-0.5992
100	-1.347
100	-0.2776
100	1.523
100	1.804
100	3.96
100	-1.525
100	-0.5227
100	1.901
100	0.6958
100	2.324
100	3.605
100	0.3495
100	-0.4088
100	0.2001
100	-0.4031
100	-1.028
100	0.04606
100	0.4522
100	-1.212
100	-1.117
100	1.659
100	3.119
100	-0.1742
100	-1.281
100	1.519
100	2.892
100	-0.373
100	3.166
100	-2.107
100	1.097
100	-1.046
100	0.7997
100	2.688
100	2.483
100	-1.26
100	1.258
100	0.003973
100	-1.03
100	-1.896
100	2.453
100	3.658
100	0.3286
100	-1.044
100	-0.6479
100	-1.643
100	0.6631
100	0.649
100	-1.096
100	-2.177
100	-0.5103
100	0.4691
100	2.901
100	0.7786
100	-1.353
100	-1.187
100	0.08517
100	2.301
100	-2.122
100	1.158
