# iterations	 errorinentropy	 maxerror	(generated with python figs/comparison.py 0 s000/periodic-ww1.30-ff0.20-N50-tmi3-golden-movie/001090-lndos.dat s000/periodic-ww1.30-ff0.20-N50 allmethods
2.48e+04	31.05	213.1
1.87e+06	24.85	179.4
2.41e+06	24.78	176.1
2.814e+06	24.74	173.8
3.303e+06	24.7	171.5
3.910e+06	24.65	169.3
4.612e+06	24.62	167.2
5.417e+06	24.58	165.1
6.313e+06	24.54	163
7.304e+06	24.51	161.1
8.223e+06	24.48	159.5
8.747e+06	24.46	158.6
9.318e+06	24.45	157.9
9.938e+06	24.43	157
1.061e+07	24.41	156.1
1.131e+07	24.39	155.3
1.206e+07	24.37	154.5
1.378e+07	24.32	152.7
1.566e+07	24.27	151.1
1.762e+07	24.23	149.7
1.969e+07	24.19	148.3
2.183e+07	24.15	147
2.306e+07	24.13	146.3
2.413e+07	24.11	145.8
2.523e+07	24.09	145.2
2.686e+07	24.06	144.4
2.946e+07	24.02	143.3
3.218e+07	23.98	142.2
3.496e+07	23.95	141.3
3.785e+07	23.91	140.3
4.08e+07	23.87	139.4
4.386e+07	23.83	138.6
4.703e+07	23.78	137.8
5.03e+07	23.74	137
5.362e+07	23.68	136.4
5.704e+07	23.64	135.8
6.057e+07	23.56	135.4
6.42e+07	23.48	135
6.598e+07	23.45	134.8
6.819e+07	23.41	134.5
7.204e+07	23.35	134.2
7.599e+07	23.3	134
8.006e+07	23.18	133.5
8.413e+07	23.09	133.3
8.841e+07	23.03	133
9.279e+07	22.96	132.7
9.717e+07	22.87	132.4
1.017e+08	22.8	132.2
1.062e+08	22.72	132
1.109e+08	22.66	131.8
1.153e+08	22.59	131.6
1.177e+08	22.56	131.5
1.226e+08	22.5	131.3
1.276e+08	22.44	131
1.328e+08	22.39	130.8
1.379e+08	22.33	130.6
1.406e+08	22.29	130.5
1.46e+08	22.23	130.3
1.514e+08	22.17	130.2
1.543e+08	22.14	130.1
1.6e+08	22.09	129.8
1.657e+08	22.03	129.7
1.715e+08	21.98	129.5
1.775e+08	21.93	129.3
1.83e+08	21.88	129.1
1.864e+08	21.85	129
1.926e+08	21.8	128.9
1.969e+08	21.77	128.8
2.013e+08	21.74	128.7
2.079e+08	21.69	128.6
2.115e+08	21.66	128.4
2.181e+08	21.61	128.3
2.23e+08	21.57	128.2
2.276e+08	21.54	128.1
2.346e+08	21.49	128
2.388e+08	21.47	127.9
2.458e+08	21.42	127.7
2.502e+08	21.4	127.6
2.569e+08	21.35	127.5
2.625e+08	21.32	127.4
2.676e+08	21.28	127.2
2.751e+08	21.24	127.1
2.798e+08	21.22	127
2.876e+08	21.17	126.9
2.923e+08	21.15	126.8
3.002e+08	21.11	126.7
3.053e+08	21.08	126.6
3.134e+08	21.04	126.5
3.216e+08	21	126.3
3.299e+08	20.96	126.2
3.352e+08	20.94	126.1
3.436e+08	20.9	126
3.492e+08	20.87	125.9
3.579e+08	20.84	125.8
3.666e+08	20.8	125.7
3.755e+08	20.76	125.5
3.813e+08	20.74	125.5
3.904e+08	20.7	125.4
3.963e+08	20.68	125.3
4.055e+08	20.65	125.2
4.116e+08	20.62	125.1
4.21e+08	20.59	125
4.305e+08	20.56	124.9
4.401e+08	20.52	124.8
4.468e+08	20.5	124.7
4.557e+08	20.47	124.6
4.656e+08	20.44	124.5
4.756e+08	20.4	124.4
4.857e+08	20.37	124.3
4.958e+08	20.34	124.1
5.061e+08	20.31	124
5.163e+08	20.28	123.9
5.268e+08	20.25	123.8
5.372e+08	20.22	123.7
5.479e+08	20.19	123.6
5.585e+08	20.16	123.5
5.692e+08	20.13	123.4
5.802e+08	20.1	123.3
5.911e+08	20.07	123.2
6.021e+08	20.04	123.2
6.132e+08	20.02	123.1
6.244e+08	19.99	123
6.357e+08	19.96	122.9
6.471e+08	19.93	122.8
6.586e+08	19.91	122.7
6.702e+08	19.88	122.6
6.819e+08	19.85	122.5
6.937e+08	19.83	122.5
7.056e+08	19.8	122.4
7.176e+08	19.78	122.3
7.297e+08	19.75	122.2
7.419e+08	19.73	122.1
7.542e+08	19.7	122
7.666e+08	19.68	122
7.791e+08	19.66	121.9
7.917e+08	19.63	121.8
8.044e+08	19.61	121.7
8.172e+08	19.58	121.6
8.302e+08	19.56	121.6
8.429e+08	19.54	121.5
8.56e+08	19.52	121.4
8.689e+08	19.49	121.3
8.822e+08	19.47	121.3
8.954e+08	19.45	121.2
9.086e+08	19.43	121.1
9.219e+08	19.41	121.1
9.353e+08	19.39	121
9.488e+08	19.36	120.9
9.624e+08	19.34	120.8
9.761e+08	19.32	120.8
9.902e+08	19.3	120.7
1.004e+09	19.28	120.6
1.018e+09	19.26	120.6
1.032e+09	19.24	120.5
1.046e+09	19.22	120.4
1.061e+09	19.2	120.4
1.075e+09	19.18	120.3
1.089e+09	19.16	120.2
1.104e+09	19.14	120.2
1.119e+09	19.12	120.1
1.134e+09	19.1	120
1.148e+09	19.08	120
1.163e+09	19.06	119.9
1.178e+09	19.04	119.9
1.194e+09	19.02	119.8
1.209e+09	19	119.7
1.224e+09	18.98	119.7
1.24e+09	18.97	119.6
1.255e+09	18.95	119.6
1.271e+09	18.93	119.5
1.286e+09	18.91	119.4
1.302e+09	18.89	119.4
1.318e+09	18.87	119.3
1.334e+09	18.86	119.3
1.35e+09	18.84	119.2
1.367e+09	18.82	119.1
1.383e+09	18.81	119.1
1.399e+09	18.79	119
1.416e+09	18.77	119
1.432e+09	18.75	118.9
1.449e+09	18.74	118.9
1.466e+09	18.72	118.8
1.483e+09	18.7	118.8
1.5e+09	18.69	118.7
1.517e+09	18.67	118.6
1.534e+09	18.66	118.6
1.551e+09	18.64	118.5
1.569e+09	18.62	118.5
1.586e+09	18.61	118.4
1.604e+09	18.59	118.4
1.621e+09	18.57	118.3
1.639e+09	18.56	118.3
1.657e+09	18.54	118.2
1.675e+09	18.53	118.1
1.692e+09	18.51	118.1
1.71e+09	18.5	118
1.728e+09	18.48	118
1.747e+09	18.47	117.9
1.765e+09	18.45	117.9
1.784e+09	18.44	117.9
1.802e+09	18.42	117.8
1.821e+09	18.41	117.8
1.839e+09	18.39	117.7
1.858e+09	18.38	117.7
1.876e+09	18.36	117.6
1.895e+09	18.35	117.6
1.914e+09	18.33	117.5
1.933e+09	18.32	117.4
1.953e+09	18.3	117.4
1.972e+09	18.29	117.4
1.991e+09	18.28	117.3
2.01e+09	18.26	117.3
2.03e+09	18.25	117.2
2.049e+09	18.23	117.2
2.065e+09	18.22	117.1
2.08e+09	18.21	117.1
2.095e+09	18.2	117.1
2.115e+09	18.19	117
2.131e+09	18.18	117
2.152e+09	18.16	116.9
2.168e+09	18.15	116.9
2.186e+09	18.14	116.9
2.201e+09	18.13	116.8
2.216e+09	18.12	116.8
2.232e+09	18.11	116.8
2.253e+09	18.1	116.7
2.274e+09	18.08	116.7
2.295e+09	18.07	116.6
2.316e+09	18.06	116.6
2.337e+09	18.04	116.6
2.358e+09	18.03	116.5
2.38e+09	18.02	116.4
2.397e+09	18.01	116.4
2.419e+09	17.99	116.4
2.437e+09	17.98	116.3
2.453e+09	17.97	116.3
2.469e+09	17.96	116.3
2.487e+09	17.95	116.2
2.505e+09	17.94	116.2
2.522e+09	17.93	116.1
2.54e+09	17.92	116.1
2.557e+09	17.91	116.1
2.574e+09	17.9	116.1
2.589e+09	17.89	116
2.609e+09	17.88	116
2.627e+09	17.87	116
2.645e+09	17.86	115.9
2.66e+09	17.86	115.9
2.676e+09	17.85	115.9
2.694e+09	17.84	115.8
2.713e+09	17.83	115.8
2.73e+09	17.82	115.8
2.748e+09	17.81	115.7
2.767e+09	17.8	115.7
2.784e+09	17.79	115.7
2.8e+09	17.78	115.6
2.824e+09	17.77	115.6
2.842e+09	17.76	115.6
2.863e+09	17.75	115.5
2.882e+09	17.74	115.5
2.906e+09	17.73	115.5
2.923e+09	17.72	115.4
2.942e+09	17.71	115.4
2.958e+09	17.71	115.4
2.977e+09	17.7	115.3
2.996e+09	17.69	115.3
3.019e+09	17.68	115.3
3.037e+09	17.67	115.3
3.056e+09	17.66	115.2
3.076e+09	17.65	115.2
3.101e+09	17.64	115.1
3.122e+09	17.63	115.1
3.142e+09	17.62	115.1
3.167e+09	17.61	115
3.185e+09	17.6	115
3.205e+09	17.59	115
3.225e+09	17.58	115
3.242e+09	17.58	114.9
3.262e+09	17.57	114.9
3.283e+09	17.56	114.9
3.304e+09	17.55	114.8
3.324e+09	17.54	114.8
3.342e+09	17.53	114.8
3.363e+09	17.52	114.8
3.383e+09	17.52	114.7
3.404e+09	17.51	114.7
3.431e+09	17.5	114.7
3.457e+09	17.49	114.6
3.484e+09	17.47	114.6
3.51e+09	17.46	114.6
3.537e+09	17.45	114.5
3.558e+09	17.44	114.5
3.578e+09	17.44	114.5
3.6e+09	17.43	114.4
3.627e+09	17.42	114.4
3.647e+09	17.41	114.4
3.668e+09	17.4	114.3
3.687e+09	17.39	114.3
3.709e+09	17.39	114.3
3.728e+09	17.38	114.3
3.751e+09	17.37	114.2
3.773e+09	17.36	114.2
3.796e+09	17.35	114.2
3.819e+09	17.34	114.1
3.841e+09	17.34	114.1
3.864e+09	17.33	114.1
3.886e+09	17.32	114.1
3.907e+09	17.31	114
3.935e+09	17.3	114
3.957e+09	17.29	114
3.978e+09	17.29	113.9
4e+09	17.28	113.9
4.028e+09	17.27	113.9
4.055e+09	17.26	113.9
4.076e+09	17.25	113.8
4.098e+09	17.24	113.8
4.125e+09	17.24	113.8
4.151e+09	17.23	113.7
4.18e+09	17.22	113.7
4.209e+09	17.21	113.7
4.234e+09	17.2	113.6
4.264e+09	17.19	113.6
4.286e+09	17.18	113.6
4.31e+09	17.17	113.6
4.34e+09	17.16	113.5
4.366e+09	17.16	113.5
4.395e+09	17.15	113.5
4.421e+09	17.14	113.4
4.447e+09	17.13	113.4
4.472e+09	17.12	113.4
4.494e+09	17.11	113.4
4.516e+09	17.11	113.3
4.546e+09	17.1	113.3
4.576e+09	17.09	113.3
4.603e+09	17.08	113.2
4.628e+09	17.07	113.2
4.654e+09	17.06	113.2
4.677e+09	17.06	113.2
4.708e+09	17.05	113.1
4.739e+09	17.04	113.1
4.765e+09	17.03	113.1
4.792e+09	17.02	113.1
4.823e+09	17.02	113
4.85e+09	17.01	113
4.877e+09	17	113
4.904e+09	16.99	112.9
4.928e+09	16.99	112.9
4.952e+09	16.98	112.9
4.981e+09	16.97	112.9
5.009e+09	16.96	112.8
5.041e+09	16.96	112.8
5.068e+09	16.95	112.8
5.096e+09	16.94	112.8
5.12e+09	16.93	112.7
5.147e+09	16.93	112.7
5.171e+09	16.92	112.7
5.195e+09	16.91	112.7
5.218e+09	16.91	112.7
5.246e+09	16.9	112.6
5.27e+09	16.89	112.6
5.303e+09	16.89	112.6
5.332e+09	16.88	112.6
5.366e+09	16.87	112.5
5.399e+09	16.86	112.5
5.428e+09	16.85	112.5
5.453e+09	16.85	112.4
5.482e+09	16.84	112.4
5.507e+09	16.83	112.4
5.54e+09	16.83	112.4
5.57e+09	16.82	112.3
5.604e+09	16.81	112.3
5.637e+09	16.8	112.3
5.667e+09	16.79	112.3
5.697e+09	16.79	112.2
5.731e+09	16.78	112.2
5.765e+09	16.77	112.2
5.799e+09	16.76	112.1
5.834e+09	16.75	112.1
5.864e+09	16.75	112.1
5.899e+09	16.74	112.1
5.933e+09	16.73	112
5.968e+09	16.72	112
6.003e+09	16.72	112
6.038e+09	16.71	112
6.073e+09	16.7	111.9
6.108e+09	16.69	111.9
6.143e+09	16.68	111.9
6.178e+09	16.68	111.8
6.21e+09	16.67	111.8
6.245e+09	16.66	111.8
6.277e+09	16.65	111.8
6.313e+09	16.65	111.7
6.349e+09	16.64	111.7
6.384e+09	16.63	111.7
6.42e+09	16.62	111.7
6.457e+09	16.62	111.6
6.493e+09	16.61	111.6
6.529e+09	16.6	111.6
6.565e+09	16.59	111.5
6.598e+09	16.58	111.5
6.635e+09	16.58	111.5
6.667e+09	16.57	111.5
6.704e+09	16.56	111.4
6.737e+09	16.56	111.4
6.774e+09	16.55	111.4
6.807e+09	16.54	111.4
6.836e+09	16.54	111.4
6.873e+09	16.53	111.3
6.91e+09	16.52	111.3
6.94e+09	16.51	111.3
6.978e+09	16.51	111.3
7.015e+09	16.5	111.2
7.049e+09	16.49	111.2
7.078e+09	16.49	111.2
7.107e+09	16.48	111.2
7.14e+09	16.48	111.1
7.176e+09	16.47	111.1
7.207e+09	16.46	111.1
7.245e+09	16.46	111.1
7.276e+09	16.45	111
7.308e+09	16.44	111
7.338e+09	16.44	111
7.367e+09	16.43	111
7.401e+09	16.43	111
7.434e+09	16.42	111
7.473e+09	16.41	110.9
7.512e+09	16.41	110.9
7.547e+09	16.4	110.9
7.586e+09	16.39	110.9
7.625e+09	16.39	110.8
7.665e+09	16.38	110.8
7.704e+09	16.37	110.8
7.744e+09	16.36	110.8
7.783e+09	16.36	110.7
7.823e+09	16.35	110.7
7.863e+09	16.34	110.7
7.898e+09	16.34	110.7
7.934e+09	16.33	110.6
7.974e+09	16.32	110.6
8.01e+09	16.32	110.6
8.046e+09	16.31	110.6
8.077e+09	16.31	110.6
8.108e+09	16.3	110.5
8.143e+09	16.29	110.5
8.183e+09	16.29	110.5
8.22e+09	16.28	110.5
8.256e+09	16.28	110.5
8.292e+09	16.27	110.4
8.333e+09	16.26	110.4
8.375e+09	16.26	110.4
8.408e+09	16.25	110.4
8.449e+09	16.24	110.3
8.486e+09	16.24	110.3
8.527e+09	16.23	110.3
8.569e+09	16.22	110.3
8.605e+09	16.22	110.3
8.638e+09	16.21	110.2
8.675e+09	16.21	110.2
8.707e+09	16.2	110.2
8.749e+09	16.2	110.2
8.787e+09	16.19	110.2
8.829e+09	16.18	110.1
8.871e+09	16.18	110.1
8.914e+09	16.17	110.1
8.952e+09	16.17	110.1
8.994e+09	16.16	110
9.037e+09	16.15	110
9.08e+09	16.15	110
9.118e+09	16.14	110
9.155e+09	16.14	110
9.194e+09	16.13	109.9
9.23e+09	16.12	109.9
9.273e+09	16.12	109.9
9.309e+09	16.11	109.9
9.352e+09	16.11	109.9
9.391e+09	16.1	109.8
9.43e+09	16.1	109.8
9.469e+09	16.09	109.8
9.513e+09	16.08	109.8
9.552e+09	16.08	109.8
9.591e+09	16.07	109.7
9.63e+09	16.07	109.7
9.665e+09	16.06	109.7
9.709e+09	16.06	109.7
9.744e+09	16.05	109.7
9.789e+09	16.05	109.6
9.829e+09	16.04	109.6
9.865e+09	16.04	109.6
9.91e+09	16.03	109.6
9.955e+09	16.02	109.5
9.992e+09	16.02	109.5
1.004e+10	16.01	109.5
1.008e+10	16.01	109.5
1.013e+10	16	109.5
1.017e+10	15.99	109.4
1.021e+10	15.99	109.4
1.026e+10	15.98	109.4
1.03e+10	15.98	109.4
1.035e+10	15.97	109.4
1.039e+10	15.97	109.3
1.043e+10	15.96	109.3
1.047e+10	15.96	109.3
1.05e+10	15.95	109.3
1.055e+10	15.95	109.3
1.058e+10	15.94	109.3
1.063e+10	15.94	109.2
1.067e+10	15.93	109.2
1.072e+10	15.92	109.2
1.076e+10	15.92	109.2
1.081e+10	15.91	109.2
1.085e+10	15.91	109.1
1.09e+10	15.9	109.1
1.095e+10	15.9	109.1
1.099e+10	15.89	109.1
1.104e+10	15.88	109.1
1.108e+10	15.88	109
1.113e+10	15.87	109
1.117e+10	15.87	109
1.122e+10	15.86	109
1.126e+10	15.86	109
1.13e+10	15.85	108.9
1.135e+10	15.85	108.9
1.14e+10	15.84	108.9
1.144e+10	15.84	108.9
1.149e+10	15.83	108.9
1.154e+10	15.83	108.8
1.158e+10	15.82	108.8
1.163e+10	15.81	108.8
1.168e+10	15.81	108.8
1.173e+10	15.8	108.8
1.177e+10	15.8	108.8
1.182e+10	15.79	108.7
1.187e+10	15.79	108.7
1.192e+10	15.78	108.7
1.197e+10	15.78	108.7
1.201e+10	15.77	108.7
1.206e+10	15.77	108.6
1.211e+10	15.76	108.6
1.216e+10	15.75	108.6
1.221e+10	15.75	108.6
1.226e+10	15.74	108.6
1.231e+10	15.74	108.5
1.236e+10	15.73	108.5
1.241e+10	15.73	108.5
1.246e+10	15.72	108.5
1.251e+10	15.72	108.5
1.256e+10	15.71	108.4
1.261e+10	15.71	108.4
1.266e+10	15.7	108.4
1.271e+10	15.7	108.4
1.276e+10	15.69	108.4
1.281e+10	15.68	108.3
1.286e+10	15.68	108.3
1.291e+10	15.67	108.3
1.297e+10	15.67	108.3
1.302e+10	15.66	108.3
1.307e+10	15.66	108.3
1.312e+10	15.65	108.2
1.317e+10	15.65	108.2
1.322e+10	15.64	108.2
1.327e+10	15.64	108.2
1.332e+10	15.63	108.2
1.337e+10	15.63	108.1
1.342e+10	15.62	108.1
1.347e+10	15.62	108.1
1.352e+10	15.61	108.1
1.357e+10	15.61	108.1
1.363e+10	15.6	108.1
1.368e+10	15.6	108
1.373e+10	15.59	108
1.378e+10	15.59	108
1.383e+10	15.58	108
1.388e+10	15.58	108
1.393e+10	15.57	107.9
1.398e+10	15.57	107.9
1.403e+10	15.56	107.9
1.408e+10	15.56	107.9
1.414e+10	15.55	107.9
1.419e+10	15.55	107.9
1.424e+10	15.54	107.8
1.429e+10	15.54	107.8
1.435e+10	15.53	107.8
1.44e+10	15.53	107.8
1.445e+10	15.52	107.8
1.45e+10	15.52	107.8
1.456e+10	15.51	107.7
1.461e+10	15.51	107.7
1.466e+10	15.5	107.7
1.472e+10	15.5	107.7
1.477e+10	15.49	107.7
1.482e+10	15.49	107.7
1.488e+10	15.48	107.6
1.493e+10	15.48	107.6
1.498e+10	15.48	107.6
1.504e+10	15.47	107.6
1.508e+10	15.47	107.6
1.514e+10	15.46	107.6
1.519e+10	15.46	107.5
1.524e+10	15.45	107.5
1.53e+10	15.45	107.5
1.535e+10	15.44	107.5
1.541e+10	15.44	107.5
1.546e+10	15.43	107.5
1.552e+10	15.43	107.4
1.557e+10	15.42	107.4
1.563e+10	15.42	107.4
1.568e+10	15.41	107.4
1.574e+10	15.41	107.4
1.579e+10	15.41	107.4
1.585e+10	15.4	107.3
1.59e+10	15.4	107.3
1.596e+10	15.39	107.3
1.601e+10	15.39	107.3
1.606e+10	15.38	107.3
1.612e+10	15.38	107.3
1.617e+10	15.37	107.2
1.623e+10	15.37	107.2
1.628e+10	15.36	107.2
1.634e+10	15.36	107.2
1.639e+10	15.35	107.2
1.645e+10	15.35	107.2
1.65e+10	15.35	107.1
1.656e+10	15.34	107.1
1.661e+10	15.34	107.1
1.667e+10	15.33	107.1
1.672e+10	15.33	107.1
1.678e+10	15.32	107.1
1.683e+10	15.32	107.1
1.689e+10	15.32	107
1.694e+10	15.31	107
1.7e+10	15.31	107
1.705e+10	15.3	107
1.711e+10	15.3	107
1.716e+10	15.3	107
1.722e+10	15.29	107
1.727e+10	15.29	106.9
1.732e+10	15.28	106.9
1.738e+10	15.28	106.9
1.743e+10	15.27	106.9
1.748e+10	15.27	106.9
1.753e+10	15.27	106.9
1.758e+10	15.26	106.8
1.763e+10	15.26	106.8
1.768e+10	15.26	106.8
1.772e+10	15.25	106.8
1.777e+10	15.25	106.8
1.782e+10	15.25	106.8
1.787e+10	15.24	106.8
1.792e+10	15.24	106.8
1.797e+10	15.24	106.7
1.803e+10	15.23	106.7
1.808e+10	15.23	106.7
1.814e+10	15.22	106.7
1.819e+10	15.22	106.7
1.825e+10	15.22	106.7
1.83e+10	15.21	106.7
1.836e+10	15.21	106.6
1.841e+10	15.2	106.6
1.847e+10	15.2	106.6
1.852e+10	15.2	106.6
1.858e+10	15.19	106.6
1.863e+10	15.19	106.6
1.869e+10	15.19	106.6
1.874e+10	15.18	106.5
1.88e+10	15.18	106.5
1.885e+10	15.17	106.5
1.89e+10	15.17	106.5
1.896e+10	15.17	106.5
1.901e+10	15.16	106.5
1.907e+10	15.16	106.5
1.912e+10	15.16	106.4
1.918e+10	15.15	106.4
1.923e+10	15.15	106.4
1.929e+10	15.14	106.4
1.934e+10	15.14	106.4
1.94e+10	15.14	106.4
1.945e+10	15.13	106.4
1.95e+10	15.13	106.4
1.955e+10	15.13	106.3
1.96e+10	15.12	106.3
1.966e+10	15.12	106.3
1.971e+10	15.12	106.3
1.977e+10	15.11	106.3
1.982e+10	15.11	106.3
1.987e+10	15.11	106.3
1.993e+10	15.1	106.3
1.998e+10	15.1	106.2
2.004e+10	15.09	106.2
2.009e+10	15.09	106.2
2.014e+10	15.09	106.2
2.02e+10	15.08	106.2
2.025e+10	15.08	106.2
2.031e+10	15.08	106.2
2.036e+10	15.07	106.2
2.042e+10	15.07	106.1
2.047e+10	15.07	106.1
2.053e+10	15.06	106.1
2.058e+10	15.06	106.1
2.064e+10	15.06	106.1
2.069e+10	15.05	106.1
2.075e+10	15.05	106.1
2.08e+10	15.05	106.1
2.086e+10	15.04	106
2.091e+10	15.04	106
2.096e+10	15.04	106
2.102e+10	15.03	106
2.107e+10	15.03	106
2.113e+10	15.03	106
2.118e+10	15.02	106
2.124e+10	15.02	105.9
2.129e+10	15.02	105.9
2.135e+10	15.01	105.9
2.14e+10	15.01	105.9
2.146e+10	15.01	105.9
2.151e+10	15	105.9
2.157e+10	15	105.9
2.162e+10	15	105.9
2.168e+10	14.99	105.9
2.173e+10	14.99	105.8
2.179e+10	14.99	105.8
2.184e+10	14.98	105.8
2.19e+10	14.98	105.8
2.195e+10	14.98	105.8
2.201e+10	14.97	105.8
2.206e+10	14.97	105.8
2.212e+10	14.97	105.8
2.217e+10	14.96	105.7
2.223e+10	14.96	105.7
2.228e+10	14.96	105.7
2.234e+10	14.95	105.7
2.239e+10	14.95	105.7
2.245e+10	14.95	105.7
2.25e+10	14.94	105.7
2.255e+10	14.94	105.7
2.261e+10	14.94	105.7
2.266e+10	14.93	105.6
2.272e+10	14.93	105.6
2.277e+10	14.93	105.6
2.283e+10	14.93	105.6
2.288e+10	14.92	105.6
2.293e+10	14.92	105.6
2.298e+10	14.92	105.6
2.304e+10	14.91	105.6
2.309e+10	14.91	105.6
2.315e+10	14.91	105.5
2.32e+10	14.9	105.5
2.326e+10	14.9	105.5
2.331e+10	14.9	105.5
2.337e+10	14.9	105.5
2.342e+10	14.89	105.5
2.347e+10	14.89	105.5
2.353e+10	14.89	105.5
2.358e+10	14.88	105.5
2.364e+10	14.88	105.4
2.369e+10	14.88	105.4
2.374e+10	14.87	105.4
2.38e+10	14.87	105.4
2.385e+10	14.87	105.4
2.391e+10	14.87	105.4
2.396e+10	14.86	105.4
2.401e+10	14.86	105.4
2.406e+10	14.86	105.4
2.412e+10	14.85	105.3
2.417e+10	14.85	105.3
2.422e+10	14.85	105.3
2.428e+10	14.85	105.3
2.433e+10	14.84	105.3
2.439e+10	14.84	105.3
2.444e+10	14.84	105.3
2.45e+10	14.83	105.3
2.455e+10	14.83	105.3
2.46e+10	14.83	105.3
2.466e+10	14.83	105.2
2.471e+10	14.82	105.2
2.477e+10	14.82	105.2
2.482e+10	14.82	105.2
2.488e+10	14.81	105.2
2.493e+10	14.81	105.2
2.499e+10	14.81	105.2
2.504e+10	14.81	105.2
2.51e+10	14.8	105.2
2.515e+10	14.8	105.2
2.52e+10	14.8	105.1
2.526e+10	14.79	105.1
2.531e+10	14.79	105.1
2.536e+10	14.79	105.1
2.542e+10	14.79	105.1
2.547e+10	14.78	105.1
2.553e+10	14.78	105.1
2.558e+10	14.78	105.1
2.564e+10	14.77	105.1
2.569e+10	14.77	105.1
2.575e+10	14.77	105
2.58e+10	14.77	105
2.585e+10	14.76	105
2.591e+10	14.76	105
2.596e+10	14.76	105
2.602e+10	14.76	105
2.607e+10	14.75	105
2.613e+10	14.75	105
2.618e+10	14.75	105
2.624e+10	14.74	105
2.629e+10	14.74	104.9
2.635e+10	14.74	104.9
2.64e+10	14.74	104.9
2.646e+10	14.73	104.9
2.651e+10	14.73	104.9
2.657e+10	14.73	104.9
2.663e+10	14.73	104.9
2.668e+10	14.72	104.9
2.674e+10	14.72	104.9
2.679e+10	14.72	104.9
2.685e+10	14.71	104.8
2.69e+10	14.71	104.8
2.695e+10	14.71	104.8
2.701e+10	14.71	104.8
2.706e+10	14.7	104.8
2.712e+10	14.7	104.8
2.717e+10	14.7	104.8
2.722e+10	14.7	104.8
2.727e+10	14.69	104.8
2.733e+10	14.69	104.8
2.738e+10	14.69	104.7
2.744e+10	14.69	104.7
2.749e+10	14.68	104.7
2.755e+10	14.68	104.7
2.76e+10	14.68	104.7
2.765e+10	14.68	104.7
2.771e+10	14.67	104.7
2.776e+10	14.67	104.7
2.781e+10	14.67	104.7
2.786e+10	14.67	104.7
2.791e+10	14.66	104.7
2.797e+10	14.66	104.6
2.803e+10	14.66	104.6
2.808e+10	14.66	104.6
2.814e+10	14.65	104.6
2.819e+10	14.65	104.6
2.825e+10	14.65	104.6
2.83e+10	14.65	104.6
2.836e+10	14.64	104.6
2.841e+10	14.64	104.6
2.847e+10	14.64	104.6
2.851e+10	14.64	104.6
2.857e+10	14.63	104.5
2.863e+10	14.63	104.5
2.868e+10	14.63	104.5
2.873e+10	14.63	104.5
2.879e+10	14.62	104.5
2.884e+10	14.62	104.5
2.889e+10	14.62	104.5
2.895e+10	14.62	104.5
2.9e+10	14.61	104.5
2.905e+10	14.61	104.5
2.909e+10	14.61	104.5
2.914e+10	14.61	104.5
2.92e+10	14.61	104.4
2.925e+10	14.6	104.4
2.931e+10	14.6	104.4
2.935e+10	14.6	104.4
2.941e+10	14.6	104.4
2.946e+10	14.59	104.4
2.952e+10	14.59	104.4
2.957e+10	14.59	104.4
2.963e+10	14.59	104.4
2.968e+10	14.58	104.4
2.974e+10	14.58	104.4
2.98e+10	14.58	104.3
2.985e+10	14.58	104.3
2.991e+10	14.57	104.3
2.996e+10	14.57	104.3
3.001e+10	14.57	104.3
3.007e+10	14.57	104.3
3.012e+10	14.56	104.3
3.018e+10	14.56	104.3
3.023e+10	14.56	104.3
3.029e+10	14.56	104.3
3.034e+10	14.56	104.3
3.04e+10	14.55	104.3
3.045e+10	14.55	104.2
3.051e+10	14.55	104.2
3.056e+10	14.55	104.2
3.062e+10	14.54	104.2
3.067e+10	14.54	104.2
3.073e+10	14.54	104.2
3.078e+10	14.54	104.2
3.083e+10	14.53	104.2
3.089e+10	14.53	104.2
3.094e+10	14.53	104.2
3.1e+10	14.53	104.2
3.105e+10	14.53	104.2
3.111e+10	14.52	104.1
3.116e+10	14.52	104.1
3.121e+10	14.52	104.1
3.127e+10	14.52	104.1
3.132e+10	14.51	104.1
3.137e+10	14.51	104.1
3.143e+10	14.51	104.1
3.148e+10	14.51	104.1
3.154e+10	14.51	104.1
3.159e+10	14.5	104.1
3.165e+10	14.5	104.1
3.17e+10	14.5	104.1
3.176e+10	14.5	104
3.18e+10	14.49	104
3.186e+10	14.49	104
3.19e+10	14.49	104
3.195e+10	14.49	104
3.199e+10	14.49	104
3.205e+10	14.48	104
3.21e+10	14.48	104
3.215e+10	14.48	104
3.22e+10	14.48	104
3.225e+10	14.48	104
3.231e+10	14.47	104
3.236e+10	14.47	104
3.242e+10	14.47	103.9
3.246e+10	14.47	103.9
3.252e+10	14.47	103.9
3.257e+10	14.46	103.9
3.263e+10	14.46	103.9
3.268e+10	14.46	103.9
3.273e+10	14.46	103.9
3.279e+10	14.46	103.9
3.284e+10	14.45	103.9
3.29e+10	14.45	103.9
3.295e+10	14.45	103.9
3.3e+10	14.45	103.9
3.306e+10	14.45	103.9
3.311e+10	14.44	103.8
3.316e+10	14.44	103.8
3.321e+10	14.44	103.8
3.327e+10	14.44	103.8
3.332e+10	14.44	103.8
3.337e+10	14.43	103.8
3.342e+10	14.43	103.8
3.348e+10	14.43	103.8
3.353e+10	14.43	103.8
3.359e+10	14.43	103.8
3.363e+10	14.42	103.8
3.369e+10	14.42	103.8
3.374e+10	14.42	103.8
3.38e+10	14.42	103.7
3.386e+10	14.42	103.7
3.39e+10	14.41	103.7
3.395e+10	14.41	103.7
3.401e+10	14.41	103.7
3.406e+10	14.41	103.7
3.412e+10	14.41	103.7
3.417e+10	14.4	103.7
3.423e+10	14.4	103.7
3.428e+10	14.4	103.7
3.433e+10	14.4	103.7
3.438e+10	14.4	103.7
3.444e+10	14.39	103.7
3.449e+10	14.39	103.7
3.454e+10	14.39	103.6
3.459e+10	14.39	103.6
3.464e+10	14.39	103.6
3.47e+10	14.38	103.6
3.475e+10	14.38	103.6
3.48e+10	14.38	103.6
3.485e+10	14.38	103.6
3.49e+10	14.38	103.6
3.496e+10	14.38	103.6
3.501e+10	14.37	103.6
3.507e+10	14.37	103.6
3.512e+10	14.37	103.6
3.518e+10	14.37	103.6
3.523e+10	14.37	103.6
3.528e+10	14.36	103.5
3.534e+10	14.36	103.5
3.539e+10	14.36	103.5
3.544e+10	14.36	103.5
3.55e+10	14.36	103.5
3.555e+10	14.35	103.5
3.56e+10	14.35	103.5
3.566e+10	14.35	103.5
3.571e+10	14.35	103.5
3.577e+10	14.35	103.5
3.582e+10	14.34	103.5
3.588e+10	14.34	103.5
3.593e+10	14.34	103.5
3.599e+10	14.34	103.5
3.604e+10	14.34	103.4
3.61e+10	14.34	103.4
3.615e+10	14.33	103.4
3.621e+10	14.33	103.4
3.626e+10	14.33	103.4
3.632e+10	14.33	103.4
3.637e+10	14.33	103.4
3.642e+10	14.32	103.4
3.647e+10	14.32	103.4
3.652e+10	14.32	103.4
3.658e+10	14.32	103.4
3.663e+10	14.32	103.4
3.669e+10	14.31	103.4
3.673e+10	14.31	103.4
3.679e+10	14.31	103.3
3.684e+10	14.31	103.3
3.69e+10	14.31	103.3
3.695e+10	14.31	103.3
3.701e+10	14.3	103.3
3.705e+10	14.3	103.3
3.71e+10	14.3	103.3
3.715e+10	14.3	103.3
3.721e+10	14.3	103.3
3.726e+10	14.3	103.3
3.731e+10	14.29	103.3
3.736e+10	14.29	103.3
3.742e+10	14.29	103.3
3.747e+10	14.29	103.3
3.752e+10	14.29	103.3
3.758e+10	14.28	103.2
3.763e+10	14.28	103.2
3.769e+10	14.28	103.2
3.774e+10	14.28	103.2
3.779e+10	14.28	103.2
3.785e+10	14.28	103.2
3.79e+10	14.27	103.2
3.796e+10	14.27	103.2
3.801e+10	14.27	103.2
3.807e+10	14.27	103.2
3.812e+10	14.27	103.2
3.817e+10	14.26	103.2
3.822e+10	14.26	103.2
3.827e+10	14.26	103.2
3.833e+10	14.26	103.2
3.838e+10	14.26	103.1
3.844e+10	14.26	103.1
3.849e+10	14.25	103.1
3.855e+10	14.25	103.1
3.86e+10	14.25	103.1
3.866e+10	14.25	103.1
3.871e+10	14.25	103.1
3.877e+10	14.25	103.1
3.882e+10	14.24	103.1
3.888e+10	14.24	103.1
3.893e+10	14.24	103.1
3.899e+10	14.24	103.1
3.905e+10	14.24	103.1
3.91e+10	14.23	103.1
3.916e+10	14.23	103.1
3.921e+10	14.23	103
3.927e+10	14.23	103
3.932e+10	14.23	103
3.938e+10	14.23	103
3.944e+10	14.22	103
3.949e+10	14.22	103
3.955e+10	14.22	103
3.96e+10	14.22	103
3.966e+10	14.22	103
3.971e+10	14.22	103
3.977e+10	14.21	103
3.983e+10	14.21	103
3.988e+10	14.21	103
3.994e+10	14.21	103
3.999e+10	14.21	103
4.005e+10	14.2	103
4.011e+10	14.2	102.9
4.016e+10	14.2	102.9
4.022e+10	14.2	102.9
4.027e+10	14.2	102.9
4.033e+10	14.2	102.9
4.039e+10	14.19	102.9
4.044e+10	14.19	102.9
4.05e+10	14.19	102.9
4.055e+10	14.19	102.9
4.061e+10	14.19	102.9
4.067e+10	14.19	102.9
4.072e+10	14.18	102.9
4.078e+10	14.18	102.9
4.084e+10	14.18	102.9
4.089e+10	14.18	102.9
4.095e+10	14.18	102.8
4.101e+10	14.17	102.8
4.106e+10	14.17	102.8
4.112e+10	14.17	102.8
4.118e+10	14.17	102.8
4.123e+10	14.17	102.8
4.129e+10	14.17	102.8
4.135e+10	14.16	102.8
4.141e+10	14.16	102.8
4.146e+10	14.16	102.8
4.152e+10	14.16	102.8
4.158e+10	14.16	102.8
4.163e+10	14.16	102.8
4.169e+10	14.15	102.8
4.175e+10	14.15	102.8
4.18e+10	14.15	102.7
4.186e+10	14.15	102.7
4.192e+10	14.15	102.7
4.197e+10	14.15	102.7
4.203e+10	14.14	102.7
4.209e+10	14.14	102.7
4.214e+10	14.14	102.7
4.22e+10	14.14	102.7
4.225e+10	14.14	102.7
4.231e+10	14.14	102.7
4.236e+10	14.13	102.7
4.242e+10	14.13	102.7
4.247e+10	14.13	102.7
4.253e+10	14.13	102.7
4.259e+10	14.13	102.7
4.264e+10	14.13	102.7
4.27e+10	14.12	102.6
4.275e+10	14.12	102.6
4.281e+10	14.12	102.6
4.286e+10	14.12	102.6
4.292e+10	14.12	102.6
4.298e+10	14.12	102.6
4.303e+10	14.11	102.6
4.309e+10	14.11	102.6
4.314e+10	14.11	102.6
4.32e+10	14.11	102.6
4.326e+10	14.11	102.6
4.331e+10	14.11	102.6
4.337e+10	14.1	102.6
4.343e+10	14.1	102.6
4.348e+10	14.1	102.6
4.354e+10	14.1	102.6
4.359e+10	14.1	102.6
4.365e+10	14.1	102.5
4.371e+10	14.09	102.5
4.376e+10	14.09	102.5
4.382e+10	14.09	102.5
4.388e+10	14.09	102.5
4.393e+10	14.09	102.5
4.399e+10	14.09	102.5
4.405e+10	14.08	102.5
4.41e+10	14.08	102.5
4.416e+10	14.08	102.5
4.422e+10	14.08	102.5
4.427e+10	14.08	102.5
4.433e+10	14.08	102.5
4.439e+10	14.08	102.5
4.444e+10	14.07	102.5
4.45e+10	14.07	102.5
4.456e+10	14.07	102.5
4.461e+10	14.07	102.4
4.467e+10	14.07	102.4
4.473e+10	14.07	102.4
4.479e+10	14.06	102.4
4.484e+10	14.06	102.4
4.49e+10	14.06	102.4
4.496e+10	14.06	102.4
4.502e+10	14.06	102.4
4.507e+10	14.06	102.4
4.513e+10	14.05	102.4
4.518e+10	14.05	102.4
4.524e+10	14.05	102.4
4.53e+10	14.05	102.4
4.535e+10	14.05	102.4
4.541e+10	14.05	102.4
4.547e+10	14.05	102.4
4.552e+10	14.04	102.4
4.558e+10	14.04	102.3
4.563e+10	14.04	102.3
4.569e+10	14.04	102.3
4.574e+10	14.04	102.3
4.58e+10	14.04	102.3
4.585e+10	14.03	102.3
4.591e+10	14.03	102.3
4.597e+10	14.03	102.3
4.602e+10	14.03	102.3
4.608e+10	14.03	102.3
4.613e+10	14.03	102.3
4.619e+10	14.03	102.3
4.625e+10	14.02	102.3
4.63e+10	14.02	102.3
4.636e+10	14.02	102.3
4.641e+10	14.02	102.3
4.647e+10	14.02	102.3
4.653e+10	14.02	102.2
4.658e+10	14.01	102.2
4.664e+10	14.01	102.2
4.669e+10	14.01	102.2
4.675e+10	14.01	102.2
4.681e+10	14.01	102.2
4.686e+10	14.01	102.2
4.692e+10	14.01	102.2
4.698e+10	14	102.2
4.703e+10	14	102.2
4.709e+10	14	102.2
4.714e+10	14	102.2
4.72e+10	14	102.2
4.726e+10	14	102.2
4.731e+10	13.99	102.2
4.737e+10	13.99	102.2
4.743e+10	13.99	102.2
4.748e+10	13.99	102.2
4.754e+10	13.99	102.1
4.76e+10	13.99	102.1
4.765e+10	13.99	102.1
4.771e+10	13.98	102.1
4.777e+10	13.98	102.1
4.782e+10	13.98	102.1
4.788e+10	13.98	102.1
4.794e+10	13.98	102.1
4.799e+10	13.98	102.1
4.805e+10	13.98	102.1
4.811e+10	13.97	102.1
4.817e+10	13.97	102.1
4.822e+10	13.97	102.1
4.828e+10	13.97	102.1
4.834e+10	13.97	102.1
4.839e+10	13.97	102.1
4.845e+10	13.96	102.1
4.851e+10	13.96	102.1
4.857e+10	13.96	102
4.862e+10	13.96	102
4.868e+10	13.96	102
4.874e+10	13.96	102
4.879e+10	13.96	102
4.885e+10	13.95	102
4.891e+10	13.95	102
4.897e+10	13.95	102
4.902e+10	13.95	102
4.908e+10	13.95	102
4.914e+10	13.95	102
4.919e+10	13.95	102
4.925e+10	13.94	102
4.93e+10	13.94	102
4.936e+10	13.94	102
4.941e+10	13.94	102
4.947e+10	13.94	102
4.953e+10	13.94	102
4.958e+10	13.94	101.9
4.964e+10	13.93	101.9
4.969e+10	13.93	101.9
4.975e+10	13.93	101.9
4.98e+10	13.93	101.9
4.986e+10	13.93	101.9
4.992e+10	13.93	101.9
4.997e+10	13.93	101.9
5.003e+10	13.92	101.9
5.008e+10	13.92	101.9
5.014e+10	13.92	101.9
5.02e+10	13.92	101.9
5.025e+10	13.92	101.9
5.031e+10	13.92	101.9
5.036e+10	13.92	101.9
5.042e+10	13.91	101.9
5.048e+10	13.91	101.9
5.053e+10	13.91	101.9
5.059e+10	13.91	101.9
5.064e+10	13.91	101.8
5.07e+10	13.91	101.8
5.076e+10	13.91	101.8
5.081e+10	13.9	101.8
5.087e+10	13.9	101.8
5.093e+10	13.9	101.8
5.098e+10	13.9	101.8
5.104e+10	13.9	101.8
5.11e+10	13.9	101.8
5.115e+10	13.9	101.8
5.121e+10	13.9	101.8
5.126e+10	13.89	101.8
5.132e+10	13.89	101.8
5.138e+10	13.89	101.8
5.143e+10	13.89	101.8
5.149e+10	13.89	101.8
5.155e+10	13.89	101.8
5.161e+10	13.89	101.8
5.166e+10	13.88	101.8
5.172e+10	13.88	101.7
5.178e+10	13.88	101.7
5.183e+10	13.88	101.7
5.189e+10	13.88	101.7
5.195e+10	13.88	101.7
5.2e+10	13.88	101.7
5.206e+10	13.87	101.7
5.212e+10	13.87	101.7
5.217e+10	13.87	101.7
5.223e+10	13.87	101.7
5.229e+10	13.87	101.7
5.235e+10	13.87	101.7
5.24e+10	13.87	101.7
5.246e+10	13.86	101.7
5.252e+10	13.86	101.7
5.258e+10	13.86	101.7
5.263e+10	13.86	101.7
5.269e+10	13.86	101.7
5.275e+10	13.86	101.7
5.28e+10	13.86	101.7
5.286e+10	13.86	101.6
5.292e+10	13.85	101.6
5.298e+10	13.85	101.6
5.303e+10	13.85	101.6
5.309e+10	13.85	101.6
5.315e+10	13.85	101.6
5.321e+10	13.85	101.6
5.326e+10	13.85	101.6
5.332e+10	13.84	101.6
5.338e+10	13.84	101.6
5.343e+10	13.84	101.6
5.349e+10	13.84	101.6
5.354e+10	13.84	101.6
5.36e+10	13.84	101.6
5.365e+10	13.84	101.6
5.371e+10	13.83	101.6
5.376e+10	13.83	101.6
5.382e+10	13.83	101.6
5.388e+10	13.83	101.6
5.393e+10	13.83	101.6
5.399e+10	13.83	101.5
5.404e+10	13.83	101.5
5.41e+10	13.83	101.5
5.416e+10	13.82	101.5
5.421e+10	13.82	101.5
5.427e+10	13.82	101.5
5.432e+10	13.82	101.5
5.438e+10	13.82	101.5
5.443e+10	13.82	101.5
5.449e+10	13.82	101.5
5.455e+10	13.82	101.5
5.46e+10	13.81	101.5
5.466e+10	13.81	101.5
5.472e+10	13.81	101.5
5.478e+10	13.81	101.5
5.483e+10	13.81	101.5
5.489e+10	13.81	101.5
5.495e+10	13.81	101.5
5.501e+10	13.8	101.5
5.507e+10	13.8	101.5
5.513e+10	13.8	101.4
5.519e+10	13.8	101.4
5.524e+10	13.8	101.4
5.53e+10	13.8	101.4
5.536e+10	13.8	101.4
5.542e+10	13.8	101.4
5.548e+10	13.79	101.4
5.554e+10	13.79	101.4
5.56e+10	13.79	101.4
5.566e+10	13.79	101.4
5.572e+10	13.79	101.4
5.578e+10	13.79	101.4
5.583e+10	13.79	101.4
5.589e+10	13.78	101.4
5.595e+10	13.78	101.4
5.601e+10	13.78	101.4
5.607e+10	13.78	101.4
5.613e+10	13.78	101.4
5.619e+10	13.78	101.4
5.624e+10	13.78	101.4
5.63e+10	13.78	101.3
5.636e+10	13.77	101.3
5.642e+10	13.77	101.3
5.647e+10	13.77	101.3
5.653e+10	13.77	101.3
5.659e+10	13.77	101.3
5.665e+10	13.77	101.3
5.669e+10	13.77	101.3
5.674e+10	13.77	101.3
5.679e+10	13.76	101.3
5.684e+10	13.76	101.3
5.689e+10	13.76	101.3
5.695e+10	13.76	101.3
5.7e+10	13.76	101.3
5.705e+10	13.76	101.3
5.711e+10	13.76	101.3
5.716e+10	13.76	101.3
5.721e+10	13.76	101.3
5.726e+10	13.75	101.3
5.732e+10	13.75	101.3
5.737e+10	13.75	101.3
5.742e+10	13.75	101.3
5.747e+10	13.75	101.3
5.753e+10	13.75	101.2
5.758e+10	13.75	101.2
5.764e+10	13.75	101.2
5.769e+10	13.74	101.2
5.774e+10	13.74	101.2
5.778e+10	13.74	101.2
5.783e+10	13.74	101.2
5.788e+10	13.74	101.2
5.794e+10	13.74	101.2
5.798e+10	13.74	101.2
5.803e+10	13.74	101.2
5.807e+10	13.74	101.2
5.812e+10	13.74	101.2
5.816e+10	13.73	101.2
5.821e+10	13.73	101.2
5.825e+10	13.73	101.2
5.829e+10	13.73	101.2
5.834e+10	13.73	101.2
5.839e+10	13.73	101.2
5.843e+10	13.73	101.2
5.847e+10	13.73	101.2
5.852e+10	13.73	101.2
5.856e+10	13.73	101.2
5.86e+10	13.72	101.2
5.865e+10	13.72	101.2
5.869e+10	13.72	101.2
5.873e+10	13.72	101.1
5.877e+10	13.72	101.1
5.881e+10	13.72	101.1
5.886e+10	13.72	101.1
5.891e+10	13.72	101.1
5.897e+10	13.72	101.1
5.901e+10	13.72	101.1
5.907e+10	13.71	101.1
5.911e+10	13.71	101.1
5.916e+10	13.71	101.1
5.92e+10	13.71	101.1
5.924e+10	13.71	101.1
5.928e+10	13.71	101.1
5.934e+10	13.71	101.1
5.938e+10	13.71	101.1
5.942e+10	13.71	101.1
5.946e+10	13.71	101.1
5.951e+10	13.71	101.1
5.955e+10	13.7	101.1
5.959e+10	13.7	101.1
5.963e+10	13.7	101.1
5.967e+10	13.7	101.1
5.971e+10	13.7	101.1
5.975e+10	13.7	101.1
5.98e+10	13.7	101.1
5.984e+10	13.7	101.1
5.988e+10	13.7	101.1
5.993e+10	13.7	101.1
5.999e+10	13.7	101
6.004e+10	13.69	101
6.008e+10	13.69	101
6.012e+10	13.69	101
6.016e+10	13.69	101
6.021e+10	13.69	101
6.026e+10	13.69	101
6.03e+10	13.69	101
6.035e+10	13.69	101
6.039e+10	13.69	101
6.043e+10	13.69	101
6.048e+10	13.69	101
6.051e+10	13.68	101
6.056e+10	13.68	101
6.061e+10	13.68	101
6.066e+10	13.68	101
6.07e+10	13.68	101
6.075e+10	13.68	101
6.079e+10	13.68	101
6.084e+10	13.68	101
6.088e+10	13.68	101
6.092e+10	13.68	101
6.096e+10	13.68	101
6.101e+10	13.67	101
6.105e+10	13.67	101
6.11e+10	13.67	101
6.114e+10	13.67	101
6.119e+10	13.67	101
6.124e+10	13.67	101
6.129e+10	13.67	100.9
6.133e+10	13.67	100.9
6.137e+10	13.67	100.9
6.141e+10	13.67	100.9
6.146e+10	13.67	100.9
6.15e+10	13.66	100.9
6.154e+10	13.66	100.9
6.158e+10	13.66	100.9
6.162e+10	13.66	100.9
6.166e+10	13.66	100.9
6.171e+10	13.66	100.9
6.175e+10	13.66	100.9
6.179e+10	13.66	100.9
6.183e+10	13.66	100.9
6.188e+10	13.66	100.9
6.192e+10	13.66	100.9
6.196e+10	13.66	100.9
6.201e+10	13.65	100.9
6.206e+10	13.65	100.9
6.211e+10	13.65	100.9
6.216e+10	13.65	100.9
6.221e+10	13.65	100.9
6.226e+10	13.65	100.9
6.231e+10	13.65	100.9
6.236e+10	13.65	100.9
6.241e+10	13.65	100.9
6.246e+10	13.65	100.9
6.251e+10	13.64	100.9
6.256e+10	13.64	100.9
6.26e+10	13.64	100.9
6.264e+10	13.64	100.8
6.268e+10	13.64	100.8
6.273e+10	13.64	100.8
6.278e+10	13.64	100.8
6.283e+10	13.64	100.8
6.288e+10	13.64	100.8
6.292e+10	13.64	100.8
6.297e+10	13.64	100.8
6.301e+10	13.63	100.8
6.305e+10	13.63	100.8
6.31e+10	13.63	100.8
6.314e+10	13.63	100.8
6.318e+10	13.63	100.8
6.323e+10	13.63	100.8
6.328e+10	13.63	100.8
6.333e+10	13.63	100.8
6.339e+10	13.63	100.8
6.344e+10	13.63	100.8
6.348e+10	13.63	100.8
6.352e+10	13.62	100.8
6.357e+10	13.62	100.8
6.361e+10	13.62	100.8
6.365e+10	13.62	100.8
6.369e+10	13.62	100.8
6.373e+10	13.62	100.8
6.378e+10	13.62	100.8
6.384e+10	13.62	100.8
6.389e+10	13.62	100.8
6.393e+10	13.62	100.8
6.397e+10	13.62	100.7
6.402e+10	13.62	100.7
6.407e+10	13.61	100.7
6.412e+10	13.61	100.7
6.416e+10	13.61	100.7
6.422e+10	13.61	100.7
6.426e+10	13.61	100.7
6.43e+10	13.61	100.7
6.434e+10	13.61	100.7
6.438e+10	13.61	100.7
6.443e+10	13.61	100.7
6.448e+10	13.61	100.7
6.452e+10	13.61	100.7
6.457e+10	13.61	100.7
6.461e+10	13.6	100.7
6.465e+10	13.6	100.7
6.47e+10	13.6	100.7
6.474e+10	13.6	100.7
6.479e+10	13.6	100.7
6.484e+10	13.6	100.7
6.488e+10	13.6	100.7
6.492e+10	13.6	100.7
6.496e+10	13.6	100.7
6.5e+10	13.6	100.7
6.504e+10	13.6	100.7
6.509e+10	13.6	100.7
6.513e+10	13.59	100.7
6.517e+10	13.59	100.7
6.521e+10	13.59	100.7
6.525e+10	13.59	100.7
6.529e+10	13.59	100.7
6.534e+10	13.59	100.7
6.538e+10	13.59	100.6
6.542e+10	13.59	100.6
6.546e+10	13.59	100.6
6.55e+10	13.59	100.6
6.555e+10	13.59	100.6
6.559e+10	13.59	100.6
6.563e+10	13.59	100.6
6.568e+10	13.58	100.6
6.572e+10	13.58	100.6
6.576e+10	13.58	100.6
6.58e+10	13.58	100.6
6.585e+10	13.58	100.6
6.589e+10	13.58	100.6
6.594e+10	13.58	100.6
6.599e+10	13.58	100.6
6.604e+10	13.58	100.6
6.608e+10	13.58	100.6
6.612e+10	13.58	100.6
6.617e+10	13.58	100.6
6.621e+10	13.57	100.6
6.625e+10	13.57	100.6
6.629e+10	13.57	100.6
6.634e+10	13.57	100.6
6.638e+10	13.57	100.6
6.642e+10	13.57	100.6
6.646e+10	13.57	100.6
6.651e+10	13.57	100.6
6.655e+10	13.57	100.6
6.659e+10	13.57	100.6
6.663e+10	13.57	100.6
6.667e+10	13.57	100.6
6.671e+10	13.57	100.6
6.675e+10	13.56	100.5
6.68e+10	13.56	100.5
6.684e+10	13.56	100.5
6.688e+10	13.56	100.5
6.692e+10	13.56	100.5
6.697e+10	13.56	100.5
6.701e+10	13.56	100.5
6.705e+10	13.56	100.5
6.709e+10	13.56	100.5
6.713e+10	13.56	100.5
6.717e+10	13.56	100.5
6.722e+10	13.56	100.5
6.726e+10	13.56	100.5
6.73e+10	13.55	100.5
6.735e+10	13.55	100.5
6.74e+10	13.55	100.5
6.744e+10	13.55	100.5
6.749e+10	13.55	100.5
6.754e+10	13.55	100.5
6.758e+10	13.55	100.5
6.762e+10	13.55	100.5
6.766e+10	13.55	100.5
6.77e+10	13.55	100.5
6.774e+10	13.55	100.5
6.779e+10	13.55	100.5
6.783e+10	13.55	100.5
6.787e+10	13.54	100.5
6.792e+10	13.54	100.5
6.796e+10	13.54	100.5
6.802e+10	13.54	100.5
6.806e+10	13.54	100.5
6.811e+10	13.54	100.5
6.815e+10	13.54	100.5
6.82e+10	13.54	100.4
6.824e+10	13.54	100.4
6.829e+10	13.54	100.4
6.834e+10	13.54	100.4
6.839e+10	13.54	100.4
6.843e+10	13.53	100.4
6.848e+10	13.53	100.4
6.852e+10	13.53	100.4
6.857e+10	13.53	100.4
6.861e+10	13.53	100.4
6.865e+10	13.53	100.4
6.87e+10	13.53	100.4
6.874e+10	13.53	100.4
6.879e+10	13.53	100.4
6.883e+10	13.53	100.4
6.888e+10	13.53	100.4
6.892e+10	13.53	100.4
6.896e+10	13.53	100.4
6.9e+10	13.52	100.4
6.905e+10	13.52	100.4
6.909e+10	13.52	100.4
6.914e+10	13.52	100.4
6.919e+10	13.52	100.4
6.923e+10	13.52	100.4
6.928e+10	13.52	100.4
6.932e+10	13.52	100.4
6.936e+10	13.52	100.4
6.941e+10	13.52	100.4
6.945e+10	13.52	100.4
6.949e+10	13.52	100.4
6.953e+10	13.52	100.4
6.958e+10	13.51	100.4
6.962e+10	13.51	100.4
6.966e+10	13.51	100.4
6.971e+10	13.51	100.3
6.975e+10	13.51	100.3
6.98e+10	13.51	100.3
6.983e+10	13.51	100.3
6.988e+10	13.51	100.3
6.993e+10	13.51	100.3
6.998e+10	13.51	100.3
7.002e+10	13.51	100.3
7.006e+10	13.51	100.3
7.01e+10	13.5	100.3
7.015e+10	13.5	100.3
7.019e+10	13.5	100.3
7.024e+10	13.5	100.3
7.028e+10	13.5	100.3
7.032e+10	13.5	100.3
7.036e+10	13.5	100.3
7.04e+10	13.5	100.3
7.045e+10	13.5	100.3
7.049e+10	13.5	100.3
7.054e+10	13.5	100.3
7.059e+10	13.5	100.3
7.064e+10	13.5	100.3
7.069e+10	13.49	100.3
7.074e+10	13.49	100.3
7.079e+10	13.49	100.3
7.085e+10	13.49	100.3
7.09e+10	13.49	100.3
7.095e+10	13.49	100.3
7.101e+10	13.49	100.3
7.105e+10	13.49	100.3
7.11e+10	13.49	100.3
7.115e+10	13.49	100.3
7.12e+10	13.49	100.2
7.126e+10	13.49	100.2
7.131e+10	13.48	100.2
7.136e+10	13.48	100.2
7.142e+10	13.48	100.2
7.147e+10	13.48	100.2
7.151e+10	13.48	100.2
7.156e+10	13.48	100.2
7.161e+10	13.48	100.2
7.166e+10	13.48	100.2
7.171e+10	13.48	100.2
7.176e+10	13.48	100.2
7.181e+10	13.48	100.2
7.187e+10	13.47	100.2
7.192e+10	13.47	100.2
7.198e+10	13.47	100.2
7.203e+10	13.47	100.2
7.209e+10	13.47	100.2
7.215e+10	13.47	100.2
7.22e+10	13.47	100.2
7.225e+10	13.47	100.2
7.23e+10	13.47	100.2
7.235e+10	13.47	100.2
7.241e+10	13.47	100.2
7.246e+10	13.46	100.2
7.252e+10	13.46	100.2
7.257e+10	13.46	100.2
7.262e+10	13.46	100.2
7.267e+10	13.46	100.2
7.273e+10	13.46	100.1
7.279e+10	13.46	100.1
7.283e+10	13.46	100.1
7.289e+10	13.46	100.1
7.294e+10	13.46	100.1
7.299e+10	13.46	100.1
7.304e+10	13.46	100.1
7.309e+10	13.45	100.1
7.314e+10	13.45	100.1
7.32e+10	13.45	100.1
7.325e+10	13.45	100.1
7.33e+10	13.45	100.1
7.336e+10	13.45	100.1
7.341e+10	13.45	100.1
7.347e+10	13.45	100.1
7.352e+10	13.45	100.1
7.358e+10	13.45	100.1
7.363e+10	13.45	100.1
7.369e+10	13.44	100.1
7.374e+10	13.44	100.1
7.38e+10	13.44	100.1
7.385e+10	13.44	100.1
7.39e+10	13.44	100.1
7.396e+10	13.44	100.1
7.401e+10	13.44	100.1
7.407e+10	13.44	100.1
7.412e+10	13.44	100.1
7.418e+10	13.44	100.1
7.423e+10	13.44	100.1
7.428e+10	13.43	100
7.434e+10	13.43	100
7.439e+10	13.43	100
7.445e+10	13.43	100
7.45e+10	13.43	100
7.456e+10	13.43	100
7.461e+10	13.43	100
7.467e+10	13.43	100
7.472e+10	13.43	100
7.478e+10	13.43	100
7.483e+10	13.43	100
7.489e+10	13.42	100
7.494e+10	13.42	100
7.5e+10	13.42	100
7.505e+10	13.42	100
7.51e+10	13.42	100
7.515e+10	13.42	99.99
7.52e+10	13.42	99.99
7.524e+10	13.42	99.99
7.528e+10	13.42	99.99
7.532e+10	13.42	99.98
7.537e+10	13.42	99.98
7.541e+10	13.42	99.98
7.546e+10	13.42	99.98
7.55e+10	13.41	99.97
7.555e+10	13.41	99.97
7.56e+10	13.41	99.97
7.565e+10	13.41	99.96
7.568e+10	13.41	99.96
7.572e+10	13.41	99.96
7.576e+10	13.41	99.96
7.58e+10	13.41	99.96
7.584e+10	13.41	99.95
7.588e+10	13.41	99.95
7.592e+10	13.41	99.95
7.597e+10	13.41	99.95
7.601e+10	13.41	99.94
7.607e+10	13.41	99.94
7.612e+10	13.4	99.94
7.618e+10	13.4	99.93
7.623e+10	13.4	99.93
7.628e+10	13.4	99.93
7.632e+10	13.4	99.92
7.637e+10	13.4	99.92
7.642e+10	13.4	99.92
7.648e+10	13.4	99.91
7.653e+10	13.4	99.91
7.659e+10	13.4	99.91
7.664e+10	13.4	99.9
7.67e+10	13.4	99.9
7.675e+10	13.39	99.9
7.68e+10	13.39	99.89
7.686e+10	13.39	99.89
7.691e+10	13.39	99.89
7.697e+10	13.39	99.88
7.702e+10	13.39	99.88
7.708e+10	13.39	99.88
7.713e+10	13.39	99.87
7.719e+10	13.39	99.87
7.724e+10	13.39	99.87
7.729e+10	13.39	99.86
7.735e+10	13.39	99.86
7.74e+10	13.38	99.86
7.745e+10	13.38	99.85
7.749e+10	13.38	99.85
7.755e+10	13.38	99.85
7.759e+10	13.38	99.85
7.765e+10	13.38	99.84
7.769e+10	13.38	99.84
7.774e+10	13.38	99.84
7.779e+10	13.38	99.83
7.784e+10	13.38	99.83
7.789e+10	13.38	99.83
7.794e+10	13.38	99.82
7.798e+10	13.38	99.82
7.803e+10	13.37	99.82
7.807e+10	13.37	99.82
7.812e+10	13.37	99.81
7.818e+10	13.37	99.81
7.823e+10	13.37	99.81
7.828e+10	13.37	99.8
7.833e+10	13.37	99.8
7.839e+10	13.37	99.8
7.845e+10	13.37	99.8
7.85e+10	13.37	99.79
7.855e+10	13.37	99.79
7.86e+10	13.37	99.79
7.866e+10	13.36	99.78
7.87e+10	13.36	99.78
7.875e+10	13.36	99.78
7.881e+10	13.36	99.77
7.886e+10	13.36	99.77
7.891e+10	13.36	99.77
7.896e+10	13.36	99.77
7.902e+10	13.36	99.76
7.907e+10	13.36	99.76
7.913e+10	13.36	99.75
7.918e+10	13.36	99.75
7.923e+10	13.36	99.75
7.929e+10	13.36	99.74
7.934e+10	13.35	99.74
7.939e+10	13.35	99.74
7.945e+10	13.35	99.73
7.951e+10	13.35	99.73
7.956e+10	13.35	99.73
7.961e+10	13.35	99.73
7.967e+10	13.35	99.72
7.971e+10	13.35	99.72
7.976e+10	13.35	99.72
7.981e+10	13.35	99.71
7.986e+10	13.35	99.71
7.992e+10	13.35	99.71
7.997e+10	13.34	99.7
8.001e+10	13.34	99.7
8.006e+10	13.34	99.7
8.01e+10	13.34	99.7
8.014e+10	13.34	99.7
8.018e+10	13.34	99.69
8.023e+10	13.34	99.69
8.027e+10	13.34	99.69
8.031e+10	13.34	99.68
8.035e+10	13.34	99.68
8.039e+10	13.34	99.68
8.042e+10	13.34	99.68
8.046e+10	13.34	99.68
8.05e+10	13.34	99.67
8.054e+10	13.34	99.67
8.058e+10	13.34	99.67
8.062e+10	13.33	99.67
8.065e+10	13.33	99.67
8.068e+10	13.33	99.66
8.072e+10	13.33	99.66
8.076e+10	13.33	99.66
8.081e+10	13.33	99.66
8.086e+10	13.33	99.65
8.091e+10	13.33	99.65
8.096e+10	13.33	99.65
8.101e+10	13.33	99.64
8.105e+10	13.33	99.64
8.111e+10	13.33	99.64
8.116e+10	13.33	99.63
8.121e+10	13.33	99.63
8.126e+10	13.33	99.63
8.132e+10	13.32	99.63
8.137e+10	13.32	99.62
8.143e+10	13.32	99.62
8.148e+10	13.32	99.62
8.154e+10	13.32	99.61
8.159e+10	13.32	99.61
8.165e+10	13.32	99.61
8.17e+10	13.32	99.6
8.175e+10	13.32	99.6
8.18e+10	13.32	99.6
8.185e+10	13.32	99.6
8.19e+10	13.32	99.59
8.195e+10	13.31	99.59
8.2e+10	13.31	99.59
8.205e+10	13.31	99.58
8.21e+10	13.31	99.58
8.214e+10	13.31	99.58
8.219e+10	13.31	99.58
8.224e+10	13.31	99.57
8.23e+10	13.31	99.57
8.235e+10	13.31	99.57
8.24e+10	13.31	99.56
8.246e+10	13.31	99.56
8.251e+10	13.31	99.56
8.256e+10	13.31	99.55
8.261e+10	13.31	99.55
8.267e+10	13.3	99.55
8.271e+10	13.3	99.55
8.276e+10	13.3	99.54
8.282e+10	13.3	99.54
8.287e+10	13.3	99.54
8.293e+10	13.3	99.53
8.298e+10	13.3	99.53
8.303e+10	13.3	99.53
8.309e+10	13.3	99.53
8.314e+10	13.3	99.52
8.318e+10	13.3	99.52
8.324e+10	13.3	99.52
8.328e+10	13.3	99.52
8.333e+10	13.29	99.51
8.338e+10	13.29	99.51
8.343e+10	13.29	99.51
8.348e+10	13.29	99.5
8.353e+10	13.29	99.5
8.358e+10	13.29	99.5
8.364e+10	13.29	99.5
8.369e+10	13.29	99.49
8.374e+10	13.29	99.49
8.379e+10	13.29	99.49
8.385e+10	13.29	99.48
8.39e+10	13.29	99.48
8.396e+10	13.29	99.48
8.401e+10	13.28	99.47
8.407e+10	13.28	99.47
8.412e+10	13.28	99.47
8.418e+10	13.28	99.46
8.423e+10	13.28	99.46
8.428e+10	13.28	99.46
8.434e+10	13.28	99.46
8.439e+10	13.28	99.45
8.444e+10	13.28	99.45
8.45e+10	13.28	99.45
8.455e+10	13.28	99.44
8.46e+10	13.28	99.44
8.465e+10	13.28	99.44
8.47e+10	13.27	99.44
8.475e+10	13.27	99.43
8.479e+10	13.27	99.43
8.484e+10	13.27	99.43
8.489e+10	13.27	99.43
8.493e+10	13.27	99.42
8.497e+10	13.27	99.42
8.502e+10	13.27	99.42
8.507e+10	13.27	99.42
8.512e+10	13.27	99.41
8.517e+10	13.27	99.41
8.522e+10	13.27	99.41
8.527e+10	13.27	99.41
8.533e+10	13.27	99.4
8.537e+10	13.26	99.4
8.543e+10	13.26	99.4
8.548e+10	13.26	99.4
8.554e+10	13.26	99.39
8.56e+10	13.26	99.39
8.565e+10	13.26	99.39
8.57e+10	13.26	99.38
8.576e+10	13.26	99.38
8.581e+10	13.26	99.38
8.587e+10	13.26	99.37
8.592e+10	13.26	99.37
8.597e+10	13.26	99.37
8.602e+10	13.26	99.37
8.608e+10	13.25	99.36
8.613e+10	13.25	99.36
8.619e+10	13.25	99.36
8.625e+10	13.25	99.35
8.63e+10	13.25	99.35
8.636e+10	13.25	99.35
8.641e+10	13.25	99.34
8.647e+10	13.25	99.34
8.653e+10	13.25	99.34
8.658e+10	13.25	99.33
8.663e+10	13.25	99.33
8.668e+10	13.25	99.33
8.673e+10	13.25	99.33
8.678e+10	13.25	99.32
8.683e+10	13.24	99.32
8.688e+10	13.24	99.32
8.694e+10	13.24	99.32
8.699e+10	13.24	99.31
8.705e+10	13.24	99.31
8.71e+10	13.24	99.31
8.716e+10	13.24	99.3
8.721e+10	13.24	99.3
8.727e+10	13.24	99.3
8.731e+10	13.24	99.29
8.736e+10	13.24	99.29
8.742e+10	13.24	99.29
8.748e+10	13.24	99.29
8.752e+10	13.23	99.28
8.757e+10	13.23	99.28
8.762e+10	13.23	99.28
8.768e+10	13.23	99.27
8.773e+10	13.23	99.27
8.779e+10	13.23	99.27
8.784e+10	13.23	99.27
8.79e+10	13.23	99.26
8.796e+10	13.23	99.26
8.801e+10	13.23	99.26
8.807e+10	13.23	99.25
8.812e+10	13.23	99.25
8.818e+10	13.23	99.25
8.824e+10	13.22	99.24
8.829e+10	13.22	99.24
8.835e+10	13.22	99.24
8.84e+10	13.22	99.24
8.846e+10	13.22	99.23
8.851e+10	13.22	99.23
8.856e+10	13.22	99.23
8.862e+10	13.22	99.22
8.868e+10	13.22	99.22
8.873e+10	13.22	99.22
8.878e+10	13.22	99.22
8.884e+10	13.22	99.21
8.89e+10	13.22	99.21
8.895e+10	13.21	99.21
8.901e+10	13.21	99.2
8.907e+10	13.21	99.2
8.912e+10	13.21	99.2
8.918e+10	13.21	99.19
8.923e+10	13.21	99.19
8.929e+10	13.21	99.19
8.934e+10	13.21	99.19
8.939e+10	13.21	99.18
8.945e+10	13.21	99.18
8.951e+10	13.21	99.18
8.956e+10	13.21	99.17
8.961e+10	13.21	99.17
8.966e+10	13.21	99.17
8.97e+10	13.2	99.17
8.976e+10	13.2	99.16
8.98e+10	13.2	99.16
8.984e+10	13.2	99.16
8.989e+10	13.2	99.16
8.993e+10	13.2	99.16
8.997e+10	13.2	99.15
9.002e+10	13.2	99.15
9.006e+10	13.2	99.15
9.012e+10	13.2	99.15
9.017e+10	13.2	99.14
9.023e+10	13.2	99.14
9.028e+10	13.2	99.14
9.034e+10	13.2	99.13
9.039e+10	13.2	99.13
9.045e+10	13.19	99.13
9.05e+10	13.19	99.12
9.056e+10	13.19	99.12
9.061e+10	13.19	99.12
9.066e+10	13.19	99.12
9.072e+10	13.19	99.11
9.077e+10	13.19	99.11
9.083e+10	13.19	99.11
9.088e+10	13.19	99.11
9.094e+10	13.19	99.1
9.099e+10	13.19	99.1
9.104e+10	13.19	99.1
9.109e+10	13.19	99.09
9.114e+10	13.18	99.09
9.12e+10	13.18	99.09
9.125e+10	13.18	99.09
9.131e+10	13.18	99.08
9.136e+10	13.18	99.08
9.141e+10	13.18	99.08
9.147e+10	13.18	99.07
9.152e+10	13.18	99.07
9.157e+10	13.18	99.07
9.162e+10	13.18	99.07
9.167e+10	13.18	99.06
9.173e+10	13.18	99.06
9.178e+10	13.18	99.06
9.184e+10	13.18	99.05
9.189e+10	13.18	99.05
9.193e+10	13.17	99.05
9.197e+10	13.17	99.05
9.202e+10	13.17	99.05
9.207e+10	13.17	99.04
9.212e+10	13.17	99.04
9.217e+10	13.17	99.04
9.223e+10	13.17	99.04
9.228e+10	13.17	99.03
9.233e+10	13.17	99.03
9.239e+10	13.17	99.03
9.244e+10	13.17	99.03
9.249e+10	13.17	99.02
9.255e+10	13.17	99.02
9.26e+10	13.17	99.02
9.266e+10	13.17	99.01
9.271e+10	13.16	99.01
9.277e+10	13.16	99.01
9.282e+10	13.16	99.01
9.288e+10	13.16	99
9.293e+10	13.16	99
9.299e+10	13.16	99
9.304e+10	13.16	98.99
9.31e+10	13.16	98.99
9.315e+10	13.16	98.99
9.321e+10	13.16	98.99
9.326e+10	13.16	98.98
9.332e+10	13.16	98.98
9.337e+10	13.16	98.98
9.343e+10	13.15	98.98
9.348e+10	13.15	98.97
9.354e+10	13.15	98.97
9.359e+10	13.15	98.97
9.365e+10	13.15	98.96
9.37e+10	13.15	98.96
9.376e+10	13.15	98.96
9.381e+10	13.15	98.96
9.387e+10	13.15	98.95
9.392e+10	13.15	98.95
9.398e+10	13.15	98.95
9.403e+10	13.15	98.95
9.409e+10	13.15	98.94
9.414e+10	13.15	98.94
9.42e+10	13.14	98.94
9.425e+10	13.14	98.93
9.431e+10	13.14	98.93
9.436e+10	13.14	98.93
9.44e+10	13.14	98.93
9.445e+10	13.14	98.92
9.45e+10	13.14	98.92
9.454e+10	13.14	98.92
9.459e+10	13.14	98.92
9.464e+10	13.14	98.92
9.47e+10	13.14	98.91
9.475e+10	13.14	98.91
9.481e+10	13.14	98.91
9.486e+10	13.14	98.9
9.492e+10	13.14	98.9
9.497e+10	13.13	98.9
9.503e+10	13.13	98.9
9.508e+10	13.13	98.89
9.513e+10	13.13	98.89
9.519e+10	13.13	98.89
9.524e+10	13.13	98.89
9.53e+10	13.13	98.88
9.535e+10	13.13	98.88
9.541e+10	13.13	98.88
9.546e+10	13.13	98.87
9.552e+10	13.13	98.87
9.558e+10	13.13	98.87
9.563e+10	13.13	98.87
9.568e+10	13.13	98.86
9.574e+10	13.13	98.86
9.579e+10	13.12	98.86
9.585e+10	13.12	98.86
9.59e+10	13.12	98.85
9.595e+10	13.12	98.85
9.6e+10	13.12	98.85
9.606e+10	13.12	98.85
9.611e+10	13.12	98.84
9.617e+10	13.12	98.84
9.622e+10	13.12	98.84
9.628e+10	13.12	98.83
9.633e+10	13.12	98.83
9.639e+10	13.12	98.83
9.645e+10	13.12	98.83
9.65e+10	13.12	98.82
9.656e+10	13.11	98.82
9.661e+10	13.11	98.82
9.667e+10	13.11	98.82
9.673e+10	13.11	98.81
9.678e+10	13.11	98.81
9.682e+10	13.11	98.81
9.688e+10	13.11	98.81
9.693e+10	13.11	98.8
9.699e+10	13.11	98.8
9.705e+10	13.11	98.8
9.71e+10	13.11	98.8
9.716e+10	13.11	98.79
9.72e+10	13.11	98.79
9.726e+10	13.11	98.79
9.731e+10	13.11	98.78
9.737e+10	13.1	98.78
9.743e+10	13.1	98.78
9.748e+10	13.1	98.78
9.753e+10	13.1	98.77
9.758e+10	13.1	98.77
9.763e+10	13.1	98.77
9.768e+10	13.1	98.77
9.773e+10	13.1	98.76
9.778e+10	13.1	98.76
9.782e+10	13.1	98.76
9.787e+10	13.1	98.76
9.792e+10	13.1	98.76
9.798e+10	13.1	98.75
9.803e+10	13.1	98.75
9.809e+10	13.1	98.75
9.814e+10	13.09	98.75
9.819e+10	13.09	98.74
9.824e+10	13.09	98.74
9.829e+10	13.09	98.74
9.835e+10	13.09	98.74
9.84e+10	13.09	98.73
9.845e+10	13.09	98.73
9.85e+10	13.09	98.73
9.855e+10	13.09	98.73
9.86e+10	13.09	98.72
9.865e+10	13.09	98.72
9.871e+10	13.09	98.72
9.876e+10	13.09	98.72
9.882e+10	13.09	98.71
9.888e+10	13.09	98.71
9.893e+10	13.08	98.71
9.899e+10	13.08	98.7
9.905e+10	13.08	98.7
9.91e+10	13.08	98.7
9.915e+10	13.08	98.7
9.921e+10	13.08	98.69
9.926e+10	13.08	98.69
9.931e+10	13.08	98.69
9.937e+10	13.08	98.69
9.943e+10	13.08	98.68
9.949e+10	13.08	98.68
9.954e+10	13.08	98.68
9.959e+10	13.08	98.68
9.965e+10	13.08	98.67
9.971e+10	13.08	98.67
9.976e+10	13.07	98.67
9.982e+10	13.07	98.67
9.987e+10	13.07	98.66
9.993e+10	13.07	98.66
9.997e+10	13.07	98.66
1e+11	13.07	98.66
1.001e+11	13.07	98.65
1.001e+11	13.07	98.65
1.002e+11	13.07	98.65
1.002e+11	13.07	98.65
1.003e+11	13.07	98.64
1.003e+11	13.07	98.64
1.004e+11	13.07	98.64
1.005e+11	13.07	98.64
1.005e+11	13.07	98.63
1.006e+11	13.07	98.63
1.006e+11	13.06	98.63
1.007e+11	13.06	98.63
1.007e+11	13.06	98.62
1.008e+11	13.06	98.62
1.008e+11	13.06	98.62
1.009e+11	13.06	98.62
1.009e+11	13.06	98.61
1.01e+11	13.06	98.61
1.011e+11	13.06	98.61
1.011e+11	13.06	98.61
1.012e+11	13.06	98.6
1.012e+11	13.06	98.6
1.013e+11	13.06	98.6
1.013e+11	13.06	98.6
1.014e+11	13.06	98.59
1.014e+11	13.05	98.59
1.015e+11	13.05	98.59
1.015e+11	13.05	98.59
1.016e+11	13.05	98.58
1.016e+11	13.05	98.58
1.017e+11	13.05	98.58
1.017e+11	13.05	98.58
1.018e+11	13.05	98.58
1.018e+11	13.05	98.57
1.019e+11	13.05	98.57
1.019e+11	13.05	98.57
1.02e+11	13.05	98.57
1.02e+11	13.05	98.56
1.021e+11	13.05	98.56
1.021e+11	13.05	98.56
1.022e+11	13.05	98.56
1.022e+11	13.04	98.55
1.023e+11	13.04	98.55
1.023e+11	13.04	98.55
1.024e+11	13.04	98.55
1.024e+11	13.04	98.55
1.025e+11	13.04	98.54
1.025e+11	13.04	98.54
1.026e+11	13.04	98.54
1.026e+11	13.04	98.54
1.027e+11	13.04	98.53
1.027e+11	13.04	98.53
1.028e+11	13.04	98.53
1.029e+11	13.04	98.53
1.029e+11	13.04	98.52
1.03e+11	13.04	98.52
1.03e+11	13.04	98.52
1.031e+11	13.03	98.52
1.031e+11	13.03	98.51
1.032e+11	13.03	98.51
1.032e+11	13.03	98.51
1.033e+11	13.03	98.51
1.033e+11	13.03	98.5
1.034e+11	13.03	98.5
1.034e+11	13.03	98.5
1.035e+11	13.03	98.5
1.036e+11	13.03	98.49
1.036e+11	13.03	98.49
1.037e+11	13.03	98.49
1.037e+11	13.03	98.49
1.038e+11	13.03	98.48
1.038e+11	13.03	98.48
1.039e+11	13.03	98.48
1.039e+11	13.02	98.48
1.04e+11	13.02	98.47
1.04e+11	13.02	98.47
1.041e+11	13.02	98.47
1.041e+11	13.02	98.47
1.042e+11	13.02	98.46
1.042e+11	13.02	98.46
1.043e+11	13.02	98.46
1.044e+11	13.02	98.46
1.044e+11	13.02	98.46
1.045e+11	13.02	98.45
1.045e+11	13.02	98.45
1.046e+11	13.02	98.45
1.046e+11	13.02	98.45
1.047e+11	13.02	98.44
1.047e+11	13.02	98.44
1.048e+11	13.01	98.44
1.048e+11	13.01	98.44
1.049e+11	13.01	98.43
1.049e+11	13.01	98.43
1.05e+11	13.01	98.43
1.051e+11	13.01	98.43
1.051e+11	13.01	98.42
1.052e+11	13.01	98.42
1.052e+11	13.01	98.42
1.053e+11	13.01	98.42
1.053e+11	13.01	98.42
1.054e+11	13.01	98.41
1.054e+11	13.01	98.41
1.055e+11	13.01	98.41
1.055e+11	13.01	98.41
1.056e+11	13.01	98.4
1.057e+11	13	98.4
1.057e+11	13	98.4
1.058e+11	13	98.4
1.058e+11	13	98.39
1.059e+11	13	98.39
1.059e+11	13	98.39
1.06e+11	13	98.39
1.06e+11	13	98.38
1.061e+11	13	98.38
1.062e+11	13	98.38
1.062e+11	13	98.38
1.063e+11	13	98.37
1.063e+11	13	98.37
1.064e+11	13	98.37
1.064e+11	13	98.37
1.065e+11	13	98.36
1.065e+11	12.99	98.36
1.066e+11	12.99	98.36
1.067e+11	12.99	98.36
1.067e+11	12.99	98.35
1.068e+11	12.99	98.35
1.068e+11	12.99	98.35
1.069e+11	12.99	98.35
1.069e+11	12.99	98.35
1.069e+11	12.99	98.34
1.07e+11	12.99	98.34
1.07e+11	12.99	98.34
1.071e+11	12.99	98.34
1.072e+11	12.99	98.33
1.072e+11	12.99	98.33
1.073e+11	12.99	98.33
1.073e+11	12.99	98.33
1.074e+11	12.99	98.33
1.074e+11	12.98	98.32
1.075e+11	12.98	98.32
1.075e+11	12.98	98.32
1.076e+11	12.98	98.32
1.077e+11	12.98	98.31
1.077e+11	12.98	98.31
1.078e+11	12.98	98.31
1.078e+11	12.98	98.31
1.079e+11	12.98	98.3
1.079e+11	12.98	98.3
1.08e+11	12.98	98.3
1.08e+11	12.98	98.3
1.081e+11	12.98	98.29
1.082e+11	12.98	98.29
1.082e+11	12.98	98.29
1.083e+11	12.97	98.29
1.083e+11	12.97	98.28
1.084e+11	12.97	98.28
1.084e+11	12.97	98.28
1.085e+11	12.97	98.28
1.086e+11	12.97	98.27
1.086e+11	12.97	98.27
1.087e+11	12.97	98.27
1.087e+11	12.97	98.27
1.088e+11	12.97	98.26
1.088e+11	12.97	98.26
1.089e+11	12.97	98.26
1.089e+11	12.97	98.26
1.09e+11	12.97	98.25
1.091e+11	12.97	98.25
1.091e+11	12.97	98.25
1.092e+11	12.96	98.25
1.092e+11	12.96	98.24
1.093e+11	12.96	98.24
1.093e+11	12.96	98.24
1.094e+11	12.96	98.24
1.094e+11	12.96	98.24
1.095e+11	12.96	98.23
1.095e+11	12.96	98.23
1.096e+11	12.96	98.23
1.096e+11	12.96	98.23
1.097e+11	12.96	98.23
1.098e+11	12.96	98.22
1.098e+11	12.96	98.22
1.099e+11	12.96	98.22
1.099e+11	12.96	98.22
1.1e+11	12.96	98.21
1.1e+11	12.96	98.21
1.101e+11	12.95	98.21
1.101e+11	12.95	98.21
1.102e+11	12.95	98.2
1.102e+11	12.95	98.2
1.103e+11	12.95	98.2
1.103e+11	12.95	98.2
1.104e+11	12.95	98.2
1.104e+11	12.95	98.19
1.105e+11	12.95	98.19
1.106e+11	12.95	98.19
1.106e+11	12.95	98.19
1.107e+11	12.95	98.18
1.107e+11	12.95	98.18
1.108e+11	12.95	98.18
1.108e+11	12.95	98.18
1.109e+11	12.95	98.17
1.109e+11	12.95	98.17
1.11e+11	12.94	98.17
1.111e+11	12.94	98.17
1.111e+11	12.94	98.17
1.112e+11	12.94	98.16
1.112e+11	12.94	98.16
1.113e+11	12.94	98.16
1.113e+11	12.94	98.16
1.114e+11	12.94	98.15
1.115e+11	12.94	98.15
1.115e+11	12.94	98.15
1.116e+11	12.94	98.15
1.116e+11	12.94	98.14
1.117e+11	12.94	98.14
1.117e+11	12.94	98.14
1.118e+11	12.94	98.14
1.119e+11	12.94	98.14
1.119e+11	12.93	98.13
1.12e+11	12.93	98.13
1.12e+11	12.93	98.13
1.121e+11	12.93	98.13
1.121e+11	12.93	98.12
1.122e+11	12.93	98.12
1.123e+11	12.93	98.12
1.123e+11	12.93	98.12
1.124e+11	12.93	98.11
1.124e+11	12.93	98.11
1.125e+11	12.93	98.11
1.125e+11	12.93	98.11
1.126e+11	12.93	98.11
1.126e+11	12.93	98.1
1.127e+11	12.93	98.1
1.128e+11	12.93	98.1
1.128e+11	12.92	98.1
1.129e+11	12.92	98.09
1.129e+11	12.92	98.09
1.13e+11	12.92	98.09
1.13e+11	12.92	98.09
1.131e+11	12.92	98.08
1.131e+11	12.92	98.08
1.132e+11	12.92	98.08
1.132e+11	12.92	98.08
1.133e+11	12.92	98.08
1.133e+11	12.92	98.08
1.134e+11	12.92	98.07
1.134e+11	12.92	98.07
1.135e+11	12.92	98.07
1.135e+11	12.92	98.07
1.136e+11	12.92	98.06
1.137e+11	12.92	98.06
1.137e+11	12.92	98.06
1.138e+11	12.91	98.06
1.138e+11	12.91	98.06
1.139e+11	12.91	98.05
1.139e+11	12.91	98.05
1.14e+11	12.91	98.05
1.14e+11	12.91	98.05
1.141e+11	12.91	98.04
1.141e+11	12.91	98.04
1.142e+11	12.91	98.04
1.142e+11	12.91	98.04
1.143e+11	12.91	98.03
1.144e+11	12.91	98.03
1.144e+11	12.91	98.03
1.145e+11	12.91	98.03
1.145e+11	12.91	98.02
1.146e+11	12.91	98.02
1.146e+11	12.91	98.02
1.147e+11	12.9	98.02
1.147e+11	12.9	98.02
1.148e+11	12.9	98.01
1.148e+11	12.9	98.01
1.149e+11	12.9	98.01
1.149e+11	12.9	98.01
1.15e+11	12.9	98.01
1.15e+11	12.9	98
1.151e+11	12.9	98
1.151e+11	12.9	98
1.152e+11	12.9	98
1.152e+11	12.9	98
1.153e+11	12.9	97.99
1.153e+11	12.9	97.99
1.154e+11	12.9	97.99
1.154e+11	12.9	97.99
1.155e+11	12.9	97.98
1.156e+11	12.9	97.98
1.156e+11	12.89	97.98
1.157e+11	12.89	97.98
1.157e+11	12.89	97.98
1.158e+11	12.89	97.97
1.158e+11	12.89	97.97
1.159e+11	12.89	97.97
1.159e+11	12.89	97.97
1.16e+11	12.89	97.96
1.16e+11	12.89	97.96
1.161e+11	12.89	97.96
1.161e+11	12.89	97.96
1.162e+11	12.89	97.96
1.162e+11	12.89	97.96
1.163e+11	12.89	97.95
1.163e+11	12.89	97.95
1.164e+11	12.89	97.95
1.164e+11	12.89	97.95
1.165e+11	12.89	97.94
1.166e+11	12.88	97.94
1.166e+11	12.88	97.94
1.167e+11	12.88	97.94
1.167e+11	12.88	97.94
1.168e+11	12.88	97.93
1.168e+11	12.88	97.93
1.169e+11	12.88	97.93
1.169e+11	12.88	97.93
1.17e+11	12.88	97.93
1.17e+11	12.88	97.92
1.171e+11	12.88	97.92
1.172e+11	12.88	97.92
1.172e+11	12.88	97.92
1.173e+11	12.88	97.91
1.173e+11	12.88	97.91
1.174e+11	12.88	97.91
1.174e+11	12.88	97.91
1.175e+11	12.88	97.91
1.175e+11	12.87	97.9
1.176e+11	12.87	97.9
1.176e+11	12.87	97.9
1.177e+11	12.87	97.9
1.178e+11	12.87	97.9
1.178e+11	12.87	97.89
1.179e+11	12.87	97.89
1.179e+11	12.87	97.89
1.18e+11	12.87	97.89
1.18e+11	12.87	97.88
1.181e+11	12.87	97.88
1.181e+11	12.87	97.88
1.182e+11	12.87	97.88
1.182e+11	12.87	97.87
1.183e+11	12.87	97.87
1.184e+11	12.87	97.87
1.184e+11	12.87	97.87
1.185e+11	12.87	97.87
1.185e+11	12.86	97.86
1.186e+11	12.86	97.86
1.186e+11	12.86	97.86
1.187e+11	12.86	97.86
1.187e+11	12.86	97.86
1.188e+11	12.86	97.85
1.189e+11	12.86	97.85
1.189e+11	12.86	97.85
1.19e+11	12.86	97.85
1.19e+11	12.86	97.84
1.191e+11	12.86	97.84
1.191e+11	12.86	97.84
1.192e+11	12.86	97.84
1.192e+11	12.86	97.84
1.193e+11	12.86	97.83
1.193e+11	12.86	97.83
1.194e+11	12.86	97.83
1.195e+11	12.86	97.83
1.195e+11	12.85	97.83
1.196e+11	12.85	97.82
1.196e+11	12.85	97.82
1.197e+11	12.85	97.82
1.197e+11	12.85	97.82
1.198e+11	12.85	97.81
1.198e+11	12.85	97.81
1.199e+11	12.85	97.81
1.199e+11	12.85	97.81
1.2e+11	12.85	97.81
1.2e+11	12.85	97.8
1.201e+11	12.85	97.8
1.201e+11	12.85	97.8
1.202e+11	12.85	97.8
1.202e+11	12.85	97.8
1.203e+11	12.85	97.8
1.203e+11	12.85	97.79
1.204e+11	12.85	97.79
1.205e+11	12.85	97.79
1.205e+11	12.84	97.79
1.206e+11	12.84	97.78
1.206e+11	12.84	97.78
1.207e+11	12.84	97.78
1.207e+11	12.84	97.78
1.208e+11	12.84	97.78
1.208e+11	12.84	97.77
1.209e+11	12.84	97.77
1.209e+11	12.84	97.77
1.21e+11	12.84	97.77
1.211e+11	12.84	97.77
1.211e+11	12.84	97.76
1.212e+11	12.84	97.76
1.212e+11	12.84	97.76
1.213e+11	12.84	97.76
1.213e+11	12.84	97.75
1.214e+11	12.84	97.75
1.214e+11	12.84	97.75
1.215e+11	12.84	97.75
1.215e+11	12.84	97.75
1.216e+11	12.83	97.75
1.216e+11	12.83	97.74
1.217e+11	12.83	97.74
1.217e+11	12.83	97.74
1.218e+11	12.83	97.74
1.218e+11	12.83	97.74
1.219e+11	12.83	97.73
1.219e+11	12.83	97.73
1.22e+11	12.83	97.73
1.22e+11	12.83	97.73
1.221e+11	12.83	97.73
1.221e+11	12.83	97.72
1.222e+11	12.83	97.72
1.222e+11	12.83	97.72
1.223e+11	12.83	97.72
1.223e+11	12.83	97.72
1.224e+11	12.83	97.71
1.224e+11	12.83	97.71
1.225e+11	12.83	97.71
1.226e+11	12.82	97.71
1.226e+11	12.82	97.71
1.227e+11	12.82	97.7
1.227e+11	12.82	97.7
1.228e+11	12.82	97.7
1.228e+11	12.82	97.7
1.229e+11	12.82	97.7
1.229e+11	12.82	97.69
1.23e+11	12.82	97.69
1.231e+11	12.82	97.69
1.231e+11	12.82	97.69
1.232e+11	12.82	97.68
1.232e+11	12.82	97.68
1.233e+11	12.82	97.68
1.233e+11	12.82	97.68
1.234e+11	12.82	97.68
1.234e+11	12.82	97.67
1.235e+11	12.82	97.67
1.236e+11	12.82	97.67
1.236e+11	12.81	97.67
1.237e+11	12.81	97.67
1.237e+11	12.81	97.66
1.238e+11	12.81	97.66
1.238e+11	12.81	97.66
1.239e+11	12.81	97.66
1.239e+11	12.81	97.66
1.24e+11	12.81	97.65
1.241e+11	12.81	97.65
1.241e+11	12.81	97.65
1.242e+11	12.81	97.65
1.242e+11	12.81	97.65
1.243e+11	12.81	97.64
1.243e+11	12.81	97.64
1.244e+11	12.81	97.64
1.244e+11	12.81	97.64
1.244e+11	12.81	97.64
1.245e+11	12.81	97.63
1.245e+11	12.81	97.63
1.246e+11	12.81	97.63
1.247e+11	12.81	97.63
1.247e+11	12.8	97.63
1.248e+11	12.8	97.63
1.248e+11	12.8	97.62
1.249e+11	12.8	97.62
1.249e+11	12.8	97.62
1.25e+11	12.8	97.62
1.25e+11	12.8	97.61
1.251e+11	12.8	97.61
1.251e+11	12.8	97.61
1.252e+11	12.8	97.61
1.253e+11	12.8	97.61
1.253e+11	12.8	97.6
1.254e+11	12.8	97.6
1.254e+11	12.8	97.6
1.255e+11	12.8	97.6
1.255e+11	12.8	97.6
1.256e+11	12.8	97.59
1.256e+11	12.8	97.59
1.257e+11	12.8	97.59
1.258e+11	12.79	97.59
1.258e+11	12.79	97.59
1.259e+11	12.79	97.58
1.259e+11	12.79	97.58
1.26e+11	12.79	97.58
1.26e+11	12.79	97.58
1.261e+11	12.79	97.58
1.261e+11	12.79	97.57
1.262e+11	12.79	97.57
1.262e+11	12.79	97.57
1.263e+11	12.79	97.57
1.263e+11	12.79	97.57
1.264e+11	12.79	97.56
1.264e+11	12.79	97.56
1.265e+11	12.79	97.56
1.265e+11	12.79	97.56
1.266e+11	12.79	97.56
1.267e+11	12.79	97.55
1.267e+11	12.79	97.55
1.268e+11	12.79	97.55
1.268e+11	12.78	97.55
1.269e+11	12.78	97.55
1.269e+11	12.78	97.54
1.27e+11	12.78	97.54
1.27e+11	12.78	97.54
1.271e+11	12.78	97.54
1.271e+11	12.78	97.54
1.272e+11	12.78	97.54
1.272e+11	12.78	97.53
1.273e+11	12.78	97.53
1.273e+11	12.78	97.53
1.274e+11	12.78	97.53
1.274e+11	12.78	97.53
1.275e+11	12.78	97.53
1.275e+11	12.78	97.52
1.275e+11	12.78	97.52
1.276e+11	12.78	97.52
1.276e+11	12.78	97.52
1.277e+11	12.78	97.52
1.277e+11	12.78	97.52
1.278e+11	12.78	97.51
1.278e+11	12.78	97.51
1.279e+11	12.78	97.51
1.279e+11	12.77	97.51
1.28e+11	12.77	97.51
1.281e+11	12.77	97.5
1.281e+11	12.77	97.5
1.282e+11	12.77	97.5
1.282e+11	12.77	97.5
1.283e+11	12.77	97.49
1.283e+11	12.77	97.49
1.284e+11	12.77	97.49
1.284e+11	12.77	97.49
1.285e+11	12.77	97.49
1.286e+11	12.77	97.49
1.286e+11	12.77	97.48
1.287e+11	12.77	97.48
1.287e+11	12.77	97.48
1.288e+11	12.77	97.48
1.288e+11	12.77	97.48
1.289e+11	12.77	97.47
1.289e+11	12.77	97.47
1.29e+11	12.76	97.47
1.29e+11	12.76	97.47
1.291e+11	12.76	97.47
1.291e+11	12.76	97.46
1.292e+11	12.76	97.46
1.292e+11	12.76	97.46
1.293e+11	12.76	97.46
1.293e+11	12.76	97.46
1.294e+11	12.76	97.45
1.295e+11	12.76	97.45
1.295e+11	12.76	97.45
1.296e+11	12.76	97.45
1.296e+11	12.76	97.45
1.297e+11	12.76	97.44
1.297e+11	12.76	97.44
1.298e+11	12.76	97.44
1.298e+11	12.76	97.44
1.299e+11	12.76	97.44
1.299e+11	12.76	97.44
1.3e+11	12.76	97.43
1.3e+11	12.76	97.43
1.301e+11	12.75	97.43
1.301e+11	12.75	97.43
1.302e+11	12.75	97.43
1.303e+11	12.75	97.42
1.303e+11	12.75	97.42
1.304e+11	12.75	97.42
1.304e+11	12.75	97.42
1.305e+11	12.75	97.42
1.305e+11	12.75	97.41
1.306e+11	12.75	97.41
1.306e+11	12.75	97.41
1.307e+11	12.75	97.41
1.307e+11	12.75	97.41
1.308e+11	12.75	97.4
1.308e+11	12.75	97.4
1.309e+11	12.75	97.4
1.31e+11	12.75	97.4
1.31e+11	12.75	97.4
1.311e+11	12.75	97.4
1.311e+11	12.75	97.39
1.312e+11	12.75	97.39
1.312e+11	12.74	97.39
1.313e+11	12.74	97.39
1.313e+11	12.74	97.39
1.314e+11	12.74	97.38
1.314e+11	12.74	97.38
1.315e+11	12.74	97.38
1.315e+11	12.74	97.38
1.316e+11	12.74	97.38
1.316e+11	12.74	97.37
1.317e+11	12.74	97.37
1.317e+11	12.74	97.37
1.318e+11	12.74	97.37
1.319e+11	12.74	97.37
1.319e+11	12.74	97.37
1.32e+11	12.74	97.36
1.32e+11	12.74	97.36
1.321e+11	12.74	97.36
1.321e+11	12.74	97.36
1.322e+11	12.74	97.36
1.322e+11	12.74	97.35
1.323e+11	12.74	97.35
1.323e+11	12.73	97.35
1.324e+11	12.73	97.35
1.324e+11	12.73	97.35
1.325e+11	12.73	97.34
1.326e+11	12.73	97.34
1.326e+11	12.73	97.34
1.327e+11	12.73	97.34
1.327e+11	12.73	97.34
1.328e+11	12.73	97.34
1.328e+11	12.73	97.33
1.329e+11	12.73	97.33
1.329e+11	12.73	97.33
1.33e+11	12.73	97.33
1.33e+11	12.73	97.33
1.331e+11	12.73	97.32
1.331e+11	12.73	97.32
1.332e+11	12.73	97.32
1.332e+11	12.73	97.32
1.333e+11	12.73	97.32
1.333e+11	12.73	97.32
1.334e+11	12.73	97.31
1.334e+11	12.72	97.31
1.335e+11	12.72	97.31
1.335e+11	12.72	97.31
1.336e+11	12.72	97.31
1.337e+11	12.72	97.3
1.337e+11	12.72	97.3
1.338e+11	12.72	97.3
1.338e+11	12.72	97.3
1.339e+11	12.72	97.3
1.339e+11	12.72	97.3
1.34e+11	12.72	97.29
1.34e+11	12.72	97.29
1.341e+11	12.72	97.29
1.341e+11	12.72	97.29
1.342e+11	12.72	97.29
1.342e+11	12.72	97.28
1.343e+11	12.72	97.28
1.343e+11	12.72	97.28
1.344e+11	12.72	97.28
1.344e+11	12.72	97.28
1.345e+11	12.72	97.28
1.346e+11	12.72	97.27
1.346e+11	12.71	97.27
1.347e+11	12.71	97.27
1.347e+11	12.71	97.27
1.348e+11	12.71	97.27
1.348e+11	12.71	97.26
1.348e+11	12.71	97.26
1.349e+11	12.71	97.26
1.35e+11	12.71	97.26
1.35e+11	12.71	97.26
1.351e+11	12.71	97.26
1.351e+11	12.71	97.25
1.352e+11	12.71	97.25
1.352e+11	12.71	97.25
1.353e+11	12.71	97.25
1.353e+11	12.71	97.25
1.354e+11	12.71	97.25
1.354e+11	12.71	97.24
1.355e+11	12.71	97.24
1.355e+11	12.71	97.24
1.356e+11	12.71	97.24
1.356e+11	12.71	97.24
1.357e+11	12.71	97.23
1.357e+11	12.7	97.23
1.358e+11	12.7	97.23
1.358e+11	12.7	97.23
1.359e+11	12.7	97.23
1.359e+11	12.7	97.23
1.36e+11	12.7	97.22
1.36e+11	12.7	97.22
1.361e+11	12.7	97.22
1.361e+11	12.7	97.22
1.362e+11	12.7	97.22
1.363e+11	12.7	97.21
1.363e+11	12.7	97.21
1.364e+11	12.7	97.21
1.364e+11	12.7	97.21
1.365e+11	12.7	97.21
1.365e+11	12.7	97.21
1.366e+11	12.7	97.2
1.366e+11	12.7	97.2
1.367e+11	12.7	97.2
1.367e+11	12.7	97.2
1.368e+11	12.7	97.2
1.368e+11	12.7	97.2
1.369e+11	12.69	97.19
1.369e+11	12.69	97.19
1.37e+11	12.69	97.19
1.37e+11	12.69	97.19
1.371e+11	12.69	97.19
1.372e+11	12.69	97.18
1.372e+11	12.69	97.18
1.373e+11	12.69	97.18
1.373e+11	12.69	97.18
1.374e+11	12.69	97.18
1.374e+11	12.69	97.17
1.375e+11	12.69	97.17
1.375e+11	12.69	97.17
1.376e+11	12.69	97.17
1.376e+11	12.69	97.17
1.377e+11	12.69	97.17
1.378e+11	12.69	97.16
1.378e+11	12.69	97.16
1.379e+11	12.69	97.16
1.379e+11	12.69	97.16
1.38e+11	12.69	97.16
1.38e+11	12.68	97.15
1.381e+11	12.68	97.15
1.381e+11	12.68	97.15
1.382e+11	12.68	97.15
1.383e+11	12.68	97.15
1.383e+11	12.68	97.15
1.384e+11	12.68	97.14
1.384e+11	12.68	97.14
1.385e+11	12.68	97.14
1.385e+11	12.68	97.14
1.386e+11	12.68	97.14
1.386e+11	12.68	97.13
1.387e+11	12.68	97.13
1.388e+11	12.68	97.13
1.388e+11	12.68	97.13
1.389e+11	12.68	97.13
1.389e+11	12.68	97.12
1.39e+11	12.68	97.12
1.39e+11	12.68	97.12
1.391e+11	12.68	97.12
1.391e+11	12.68	97.12
1.392e+11	12.68	97.12
1.392e+11	12.67	97.11
1.393e+11	12.67	97.11
1.393e+11	12.67	97.11
1.394e+11	12.67	97.11
1.395e+11	12.67	97.11
1.395e+11	12.67	97.11
1.396e+11	12.67	97.1
1.396e+11	12.67	97.1
1.397e+11	12.67	97.1
1.397e+11	12.67	97.1
1.398e+11	12.67	97.1
1.398e+11	12.67	97.09
1.399e+11	12.67	97.09
1.4e+11	12.67	97.09
1.4e+11	12.67	97.09
1.401e+11	12.67	97.09
1.401e+11	12.67	97.08
1.402e+11	12.67	97.08
1.402e+11	12.67	97.08
1.403e+11	12.67	97.08
1.403e+11	12.67	97.08
1.404e+11	12.67	97.08
1.405e+11	12.66	97.07
1.405e+11	12.66	97.07
1.406e+11	12.66	97.07
1.406e+11	12.66	97.07
1.407e+11	12.66	97.07
1.407e+11	12.66	97.06
1.408e+11	12.66	97.06
1.408e+11	12.66	97.06
1.409e+11	12.66	97.06
1.41e+11	12.66	97.06
1.41e+11	12.66	97.05
1.411e+11	12.66	97.05
1.411e+11	12.66	97.05
1.412e+11	12.66	97.05
1.412e+11	12.66	97.05
1.413e+11	12.66	97.05
1.414e+11	12.66	97.04
1.414e+11	12.66	97.04
1.415e+11	12.66	97.04
1.415e+11	12.66	97.04
1.416e+11	12.66	97.04
1.416e+11	12.65	97.03
1.417e+11	12.65	97.03
1.417e+11	12.65	97.03
1.418e+11	12.65	97.03
1.418e+11	12.65	97.03
