# iterations	 errorinentropy	 maxerror	(generated with python figs/yaml-multi-comparison.py /home/jordan/ising-cp-data/ /home/jordan/deft/papers/histogram/data/ising-128-T15-reference-lndos.dat ising/N128 128 32408 0 true 8 ising-sad-128 ising-sad-128-T15 ising-samc-1e7-128 ising-wl-128 ising-wl-inv-t-128 ising-samc-1e8-128 ising-samc-1e9-128
0.007812	2897	1.104e+04
0.01562	2897	1.104e+04
0.02344	2897	1.104e+04
0.03125	2897	1.104e+04
0.04688	2897	1.104e+04
0.05469	2897	1.104e+04
0.07812	2897	1.104e+04
0.1016	2897	1.104e+04
0.1406	2897	1.104e+04
0.1875	2897	1.104e+04
0.25	2897	1.104e+04
0.3281	2897	1.104e+04
0.4375	2897	1.104e+04
0.5859	2897	1.104e+04
0.7812	2897	1.104e+04
1.039	2897	1.104e+04
1.391	2897	1.104e+04
1.852	2897	1.104e+04
2.469	2897	1.104e+04
3.297	2897	1.104e+04
4.391	2897	1.104e+04
5.859	2897	1.104e+04
7.812	2897	1.104e+04
10.42	2897	1.104e+04
13.89	2897	1.104e+04
18.52	2897	1.104e+04
24.7	2897	1.104e+04
32.95	2897	1.104e+04
43.93	2897	1.104e+04
58.59	2897	1.103e+04
78.12	2896	1.103e+04
104.2	2896	1.103e+04
138.9	2896	1.103e+04
185.3	2896	1.103e+04
247.1	2896	1.103e+04
329.5	2895	1.103e+04
439.3	2895	1.103e+04
585.9	2894	1.102e+04
781.2	2892	1.099e+04
1042	2889	1.099e+04
1389	2889	1.099e+04
1853	2888	1.099e+04
2471	2884	1.097e+04
3295	2876	1.092e+04
4393	2861	1.089e+04
5859	2854	1.084e+04
7812	2832	1.079e+04
1.042e+04	2816	1.076e+04
1.389e+04	2800	1.076e+04
1.853e+04	2766	1.068e+04
2.471e+04	2718	1.058e+04
3.295e+04	2679	1.055e+04
4.393e+04	2573	1.032e+04
5.859e+04	2487	1.025e+04
7.812e+04	2362	1.01e+04
1.042e+05	2224	9943
1.389e+05	2060	9719
1.853e+05	1970	9396
2.471e+05	2016	9190
3.295e+05	2109	8717
4.393e+05	2394	9203
5.859e+05	2959	1.131e+04
7.812e+05	3775	1.377e+04
1.042e+06	4441	1.439e+04
1.389e+06	4632	1.439e+04
1.853e+06	4424	1.421e+04
2.471e+06	4081	1.398e+04
3.295e+06	3567	1.395e+04
4.393e+06	2412	1.314e+04
5.859e+06	1886	1.174e+04
7.812e+06	1514	1.285e+04
1.042e+07	1025	1.404e+04
1.389e+07	908.7	1.555e+04
1.853e+07	621.9	4522
2.471e+07	455.6	2566
3.295e+07	340.6	4177
4.393e+07	273.6	2226
5.859e+07	186.9	1233
7.812e+07	136.4	927.1
1.042e+08	122.9	728.1
1.389e+08	99.13	521
1.853e+08	29.54	205.7
2.471e+08	65.95	309.2
3.295e+08	27.62	133.9
4.393e+08	11.7	77.24
5.859e+08	28.05	133.9
7.812e+08	21.63	82.17
1.042e+09	6.624	41.09
1.389e+09	9.14	45.59
1.853e+09	4.585	22.26
2.471e+09	5.607	29.9
3.295e+09	7.45	27.21
4.393e+09	2.765	10.44
5.859e+09	1.16	5.075
7.812e+09	11.55	37.31
1.042e+10	3.78	12.32
1.389e+10	1.356	6.337
1.853e+10	1.401	6.603
2.471e+10	0.6253	4.053
3.295e+10	0.8316	4.215
4.393e+10	1.171	4.423
5.859e+10	0.6104	3.382
7.812e+10	2.12	6.331
1.042e+11	0.3346	1.534
1.389e+11	1.102	3.424
1.853e+11	0.2021	1.315
