# round trips	 doserror
0	20.6
0	-2.649
0	-0.8623
0	-0.9899
0	-1.511
0	-1.041
0	-1.21
0	-1.118
0	-1.212
0	-1.126
0	-0.482
0	-0.3185
0	-0.293
0	-0.2615
0	-0.1899
0	-0.2499
0	-0.3854
0	-0.2692
0	-0.08674
0	0.07283
0	0.001714
0	-0.194
0	-0.3999
0	-0.3146
0	-0.1879
0	-0.259
0	-0.08805
0	-0.05633
0	-0.07185
0	-0.07185
0	-0.07185
0	-0.07185
0	-0.07185
0	-0.07185
0	-0.07185
0	-0.07185
0	-0.07185
0	-0.07185
0	-0.07185
0	-0.07185
0	-0.07185
0	-0.07185
0	-0.07185
0	-0.07185
0	-0.07185
0	-0.07185
0	-0.07185
0	-0.07185
0	-0.07185
0	-0.07185
0	-0.07185
0	-0.07185
0	-0.07185
0	-0.07185
0	-0.07185
0	-0.07185
0	-0.07185
0	-0.07185
0	-0.07185
0	-0.07185
0	-0.07185
0	-0.07185
0	-0.07185
0	-0.07185
0	-0.07185
0	-0.07185
0	-0.07185
0	-0.07185
0	-0.07185
0	-0.07185
0	-0.07185
0	-0.07185
0	-0.07185
0	-0.07185
0	-0.07185
0	-0.07185
0	-0.07185
0	-0.07185
0	-0.07185
0	-0.07185
0	-0.07185
0	-0.07185
0	-0.07185
0	-0.07185
0	-0.07185
0	-0.07185
0	-0.07185
0	-0.07185
0	-0.07185
0	-0.07185
0	-0.07185
0	-0.07185
0	-0.07185
0	-0.07185
0	-0.07185
0	-0.07185
0	-0.07185
0	-0.07185
0	-0.07185
0	-0.07185
0	-0.07185
0	-0.07185
0	-0.07185
0	-0.07185
0	-0.07185
0	-0.07185
0	-0.07185
0	-0.07185
0	-0.07185
0	-0.07185
0	-0.07185
0	-0.07185
0	-0.07185
0	-0.07185
0	-0.07185
0	-0.07185
0	-0.07185
0	-0.07185
0	-0.07185
0	-0.07185
0	-0.07185
0	-0.07185
0	-0.07185
0	-0.07185
0	-0.07185
0	-0.07185
0	-0.07185
0	-0.07185
0	-0.07185
0	-0.07185
0	-0.07185
0	-0.07185
0	-0.07185
0	-0.07185
0	-0.07185
0	-0.07185
0	-0.07185
0	-0.07185
0	-0.07185
0	-0.07185
0	-0.07185
0	-0.07185
0	-0.07185
0	-0.07185
0	-0.07185
0	-0.07185
0	-0.07185
0	-0.07185
0	-0.07185
0	-0.07185
0	-0.07185
0	-0.07185
0	-0.07185
0	-0.07185
0	-0.07185
0	-0.07185
0	-0.07185
0	-0.07185
0	-0.07185
0	-0.07185
0	-0.07185
0	-0.07185
0	-0.07185
0	-0.07185
0	-0.07185
0	-0.07185
0	-0.07185
0	-0.07185
0	-0.07185
0	-0.07185
0	-0.07185
0	-0.07185
0	-0.07185
0	-0.07185
0	-0.07185
0	-0.07185
0	-0.07185
0	-0.07185
0	-0.07185
0	-0.07185
0	-0.07185
0	-0.07185
0	-0.07185
0	-0.07185
0	-0.07185
0	-0.07185
0	-0.07185
0	-0.07185
0	-0.07185
0	-0.07185
0	-0.07185
0	-0.07185
0	-0.07185
0	-0.07185
0	-0.07185
0	-0.07185
0	-0.07185
0	-0.07185
0	-0.07185
0	-0.07185
0	-0.07185
0	-0.07185
0	-0.07185
0	-0.07185
0	-0.07185
0	-0.07185
0	-0.07185
0	-0.07185
0	-0.07185
0	-0.07185
0	-0.07185
0	-0.07185
0	-0.07185
0	-0.07185
0	-0.07185
0	-0.07185
0	-0.07185
0	-0.07185
0	-0.07185
0	-0.07185
0	-0.07185
0	-0.07185
0	-0.07185
0	-0.07185
0	-0.07185
0	-0.07185
0	-0.07185
0	-0.07185
0	-0.07185
0	-0.07185
0	-0.07185
0	-0.07185
0	-0.07185
0	-0.07185
0	-0.07185
0	-0.07185
0	-0.07185
0	-0.07185
0	-0.07185
0	-0.07185
0	-0.07185
0	-0.07185
0	-0.07185
0	-0.07185
0	-0.07185
0	-0.07185
0	-0.07185
0	-0.07185
0	-0.07185
0	-0.07185
0	-0.07185
0	-0.07185
0	-0.07185
0	-0.07185
0	-0.07185
0	-0.07185
0	-0.07185
0	-0.07185
0	-0.07185
0	-0.07185
0	-0.07185
0	-0.07185
0	-0.07185
0	-0.07185
0	-0.07185
0	-0.07185
0	-0.07185
0	-0.07185
0	-0.07185
0	-0.07185
0	-0.07185
0	-0.07185
0	-0.07185
0	-0.07185
0	-0.07185
0	-0.07185
0	-0.07185
0	-0.07185
0	-0.07185
0	-0.07185
0	-0.07185
0	-0.07185
0	-0.07185
0	-0.07185
0	-0.07185
0	-0.07185
0	-0.07185
0	-0.07185
0	-0.07185
0	-0.07185
0	-0.07185
0	-0.07185
0	-0.07185
0	-0.07185
0	-0.07185
0	-0.07185
0	-0.07185
0	-0.07185
0	-0.07185
0	-0.07185
0	-0.07185
0	-0.07185
0	-0.07185
0	-0.07185
0	-0.07185
0	-0.07185
0	-0.07185
0	-0.07185
0	-0.07185
0	-0.07185
0	-0.07185
0	-0.07185
0	-0.07185
0	-0.07185
0	-0.07185
0	-0.07185
0	-0.07185
0	-0.07185
0	-0.07185
0	-0.07185
0	-0.07185
0	-0.07185
0	-0.07185
0	-0.07185
0	-0.07185
0	-0.07185
0	-0.07185
0	-0.07185
0	-0.07185
0	-0.07185
0	-0.07185
0	-0.07185
0	-0.07185
0	-0.07185
0	-0.07185
0	-0.07185
0	-0.07185
0	-0.07185
0	-0.07161
0	-0.07168
0	-0.07168
0	-0.07168
0	-0.07168
0	-0.07244
0	-0.06975
0	-0.06911
0	-0.06911
0	-0.06911
0	-0.06894
0	-0.06896
0	-0.06587
0	-0.0665
0	-0.06631
0	-0.06631
0	-0.06631
0	-0.06555
0	-0.06555
0	-0.06555
0	-0.06479
0	-0.06385
0	-0.06149
0	-0.06062
0	-0.06062
0	-0.06062
0	-0.06009
0	-0.06237
0	-0.06216
0	-0.06238
0	-0.05968
0	-0.05846
0	-0.0567
0	-0.05888
0	-0.05888
0	-0.05888
0	-0.05894
0	-0.05923
0	-0.05798
0	-0.05738
0	-0.05719
0	-0.05859
0	-0.05812
0	-0.05802
0	-0.05776
0	-0.05809
0	-0.05744
0	-0.05627
0	-0.05434
0	-0.05646
0	-0.05761
0	-0.05595
0	-0.05537
0	-0.05395
0	-0.05135
0	-0.05162
0	-0.05162
0	-0.05212
0	-0.05197
0	-0.05083
0	-0.05047
0	-0.05126
0	-0.05221
0	-0.05383
0	-0.05396
0	-0.05521
0	-0.05336
0	-0.05439
0	-0.05413
0	-0.05413
0	-0.0543
0	-0.05443
0	-0.05317
0	-0.05223
0	-0.05313
0	-0.05121
0	-0.05179
0	-0.05273
0	-0.05276
0	-0.05305
0	-0.05093
0	-0.04925
0	-0.04861
0	-0.04652
0	-0.04906
0	-0.04894
0	-0.04929
0	-0.04871
0	-0.04718
0	-0.0477
0	-0.04971
0	-0.04953
0	-0.04927
0	-0.04939
0	-0.04947
0	-0.04867
0	-0.04913
0	-0.04877
0	-0.04843
0	-0.0476
0	-0.0447
0	-0.04676
0	-0.04676
0	-0.04646
0	-0.04556
0	-0.0442
0	-0.04466
0	-0.04335
0	-0.04367
0	-0.04466
0	-0.04102
0	-0.03974
0	-0.0386
0	-0.03911
0	-0.03958
0	-0.04172
0	-0.04036
0	-0.0401
0	-0.04287
0	-0.04408
0	-0.0444
0	-0.04341
0	-0.04295
0	-0.04333
0	-0.04418
0	-0.04339
0	-0.04149
0	-0.04097
0	-0.04172
0	-0.04203
0	-0.04284
0	-0.04069
0	-0.04237
0	-0.04428
0	-0.045
0	-0.04424
0	-0.04499
0	-0.04269
0	-0.04297
0	-0.04123
0	-0.03998
0	-0.03959
0	-0.0394
0	-0.04139
0	-0.04231
0	-0.04212
0	-0.04103
0	-0.03944
0	-0.03909
0	-0.03978
0	-0.04017
0	-0.0391
0	-0.03864
0	-0.03967
0	-0.03933
0	-0.03794
0	-0.03876
0	-0.03849
0	-0.0378
0	-0.03826
0	-0.03811
0	-0.03749
0	-0.03698
0	-0.03561
0	-0.03535
0	-0.0348
0	-0.03397
0	-0.03323
0	-0.03262
0	-0.0321
0	-0.03189
0	-0.03262
0	-0.03258
0	-0.03107
0	-0.03165
0	-0.03133
0	-0.03082
0	-0.03094
0	-0.0304
0	-0.03054
0	-0.03039
0	-0.02937
0	-0.02618
0	-0.02932
0	-0.02938
0	-0.02901
0	-0.02853
0	-0.03005
0	-0.03025
0	-0.0293
0	-0.03057
0	-0.03029
0	-0.0308
0	-0.03108
0	-0.0309
0	-0.02936
0	-0.03047
0	-0.0297
0	-0.02883
0	-0.0301
0	-0.02935
0	-0.03055
0	-0.02939
0	-0.02972
0	-0.03099
0	-0.03038
0	-0.03089
0	-0.02992
0	-0.02838
0	-0.02788
0	-0.02771
0	-0.02852
0	-0.02665
0	-0.02773
0	-0.02803
0	-0.02773
0	-0.02916
0	-0.0295
0	-0.02889
0	-0.02892
0	-0.0287
0	-0.02911
0	-0.02828
0	-0.02793
0	-0.02662
0	-0.02549
0	-0.02586
0	-0.02562
0	-0.02324
0	-0.02114
0	-0.01979
0	-0.01976
0	-0.02072
0	-0.02034
0	-0.02057
0	-0.02165
0	-0.02165
0	-0.02176
0	-0.02062
0	-0.02019
0	-0.02062
0	-0.02149
0	-0.02189
0	-0.0225
0	-0.02188
0	-0.02064
0	-0.02114
0	-0.01947
0	-0.01907
0	-0.01818
0	-0.01744
0	-0.01833
0	-0.01774
0	-0.01798
0	-0.01785
0	-0.01802
0	-0.0188
0	-0.01926
0	-0.01839
0	-0.01796
0	-0.01785
0	-0.0173
0	-0.01653
0	-0.01492
0	-0.01388
0	-0.0137
0	-0.01393
0	-0.01567
0	-0.01643
0	-0.0164
0	-0.01629
0	-0.01714
0	-0.01708
0	-0.01663
0	-0.01655
0	-0.01733
0	-0.01711
0	-0.01774
0	-0.01945
0	-0.01845
0	-0.01924
0	-0.01979
0	-0.01831
0	-0.01978
0	-0.01908
0	-0.02076
0	-0.02168
0	-0.02092
0	-0.02106
0	-0.02049
0	-0.01975
0	-0.01811
0	-0.01683
0	-0.01682
0	-0.01718
0	-0.01575
0	-0.01574
0	-0.0154
0	-0.01545
0	-0.01408
0	-0.01401
0	-0.01365
0	-0.01455
0	-0.01589
0	-0.01574
0	-0.0168
0	-0.01667
0	-0.01507
0	-0.01508
0	-0.01475
0	-0.01339
0	-0.01394
0	-0.01328
0	-0.01261
0	-0.01211
0	-0.01188
0	-0.01224
0	-0.01209
0	-0.01113
0	-0.01215
0	-0.013
0	-0.01346
0	-0.0136
0	-0.01253
0	-0.012
0	-0.0113
0	-0.01028
0	-0.009634
0	-0.009212
0	-0.009093
0	-0.009244
0	-0.007889
0	-0.007734
0	-0.008009
0	-0.008121
0	-0.008429
0	-0.00762
0	-0.009026
0	-0.007821
0	-0.007828
0	-0.008014
0	-0.008737
0	-0.01012
0	-0.009656
0	-0.01025
0	-0.009821
0	-0.009394
0	-0.008419
0	-0.007301
0	-0.006349
0	-0.005429
0	-0.005339
0	-0.004898
0	-0.004638
0	-0.003961
0	-0.003444
0	-0.004989
0	-0.003127
0	-0.003237
0	-0.00188
0	-0.001777
0	-0.002571
0	-0.001819
0	-0.001277
0	-0.002221
0	-0.002071
0	-0.0008574
0	-0.0002337
0	-0.0003878
0	0.0005584
0	0.001002
0	0.001365
0	0.001722
0	0.001545
0	0.0005686
0	0.0009487
0	0.0005202
0	4.031e-05
0	0.0002577
0	0.0002116
0	0.0005452
0	0.0009107
0	0.0007015
0	0.0001317
0	-0.000403
0	0.0004808
0	0.001745
0	0.002099
0	0.002568
0	0.002439
0	0.003993
0	0.003914
0	0.004214
0	0.004763
0	0.00421
0	0.003999
0	0.003451
0	0.004224
0	0.004373
0	0.003824
0	0.003558
0	0.002944
0	0.003959
0	0.003544
0	0.003142
0	0.003097
0	0.003281
0	0.003522
0	0.002457
0	0.002798
0	0.002062
0	0.002759
0	0.002314
0	0.001609
0	0.001866
0	0.0008055
0	0.001911
0	0.00289
0	0.003749
0	0.003162
0	0.003293
0	0.003024
0	0.003597
0	0.00303
0	0.004027
0	0.005085
0	0.004831
0	0.004847
0	0.003805
0	0.004185
0	0.00454
0	0.004895
0	0.005288
0	0.005171
0	0.006181
0	0.006618
0	0.007102
0	0.005606
0	0.005113
0	0.004807
0	0.004515
0	0.0053
0	0.005061
0	0.005296
0	0.005719
0	0.005909
0	0.00617
0	0.004994
0	0.005423
0	0.00573
0	0.006688
0	0.006683
0	0.006376
0	0.005998
0	0.004491
0	0.003823
0	0.003291
0	0.002356
0	0.003607
0	0.003702
0	0.003844
0	0.003478
0	0.004069
0	0.004519
0	0.004576
0	0.004521
0	0.004303
0	0.004273
0	0.004201
0	0.00463
0	0.005159
0	0.00499
0	0.005692
0	0.005072
0	0.005725
0	0.004839
0	0.005233
0	0.004731
0	0.005117
0	0.004585
0	0.004803
0	0.003537
0	0.003992
0	0.003833
0	0.002935
0	0.003176
0	0.003666
0	0.003349
0	0.003913
0	0.004314
0	0.003285
0	0.002255
0	0.001692
0	0.001074
0	0.0009129
0	0.001473
0	0.001626
0	0.001371
0	0.002053
0	0.002488
0	0.002937
0	0.003258
0	0.004038
0	0.003798
0	0.004233
0	0.004588
0	0.004689
0	0.004916
0	0.00455
0	0.004682
0	0.004684
0	0.005196
0	0.00501
0	0.005377
0	0.005391
0	0.006316
0	0.006422
0	0.00649
0	0.006949
0	0.007322
0	0.007513
0	0.006662
0	0.006794
0	0.006647
0	0.005756
0	0.004291
0	0.004919
0	0.0051
0	0.004655
0	0.005019
0	0.00371
0	0.004995
0	0.004939
0	0.004699
0	0.004104
0	0.003613
0	0.0037
0	0.0026
0	0.003079
0	0.002722
0	0.002986
0	0.001886
0	0.001777
0	0.002529
0	0.003311
0	0.002371
0	0.0001903
0	0.0007075
0	-9.344e-05
0	-0.0009755
0	-0.0005742
0	-0.001312
0	-0.0007451
0	-0.0005731
0	-0.0005599
0	-8.313e-05
0	-0.0008247
0	-0.001676
0	-0.001902
0	-0.002041
0	-0.001469
0	-0.001842
0	-0.001583
0	-0.0009897
0	-0.001319
0	-0.001435
0	-0.001792
0	-0.001827
0	-0.001235
0	-0.0007057
0	-0.0006777
0	-0.001857
0	-0.001991
0	-0.002719
0	-0.003112
0	-0.00259
0	-0.002195
0	-0.002402
0	-0.001754
0	-0.00171
0	-0.001623
0	-0.001648
0	-0.0009288
0	-0.001561
0	-0.00195
0	-0.002522
0	-0.002015
0	-0.002337
0	-0.001295
0	-0.001493
0	-0.001111
0	-0.0002738
0	7.867e-05
0	-0.000212
0	-0.0003153
0	-0.0007951
0	-0.001396
0	-0.001547
0	-0.001571
0	-0.001265
0	-0.001307
0	-0.001072
0	-0.0009092
0	-0.001362
0	-0.001904
0	-0.002625
0	-0.00237
0	-0.002314
0	-0.002183
0	-0.002225
0	-0.002635
0	-0.001997
0	-0.0009124
0	-0.001011
0	-0.0009614
0	-0.001052
0	-0.001269
0	-0.00207
0	-0.002762
0	-0.003191
0	-0.003215
0	-0.003088
0	-0.002237
0	-0.0006216
0	-0.0009223
0	-0.001561
0	-0.002146
0	-0.001956
0	-0.00237
0	-0.002831
0	-0.002752
0	-0.002474
0	-0.002527
0	-0.002714
0	-0.002158
0	-0.002072
0	-0.001678
0	-0.00191
0	-0.001176
0	-0.001508
0	-0.001723
0	-0.001355
0	-0.001626
0	-0.0008935
0	-0.0008082
0	-0.0006265
0	-0.00104
0	-0.0009366
0	-0.0003481
0	-0.0004455
0	0.0001602
0	0.0001483
0	0.0007555
0	0.001309
0	0.001639
0	0.001996
0	0.002588
0	0.002216
0	0.002548
0	0.002687
0	0.002998
0	0.003013
0	0.003007
0	0.003656
0	0.003682
0	0.003933
0	0.004219
0	0.004629
0	0.004472
0	0.004657
0	0.003027
0	0.003224
0	0.004179
0	0.00454
0	0.004773
0	0.004737
0	0.004977
0	0.003618
0	0.003277
0	0.002781
0	0.003142
0	0.003019
0	0.0028
0	0.002949
0	0.003736
0	0.004006
0	0.004125
0	0.004173
0	0.004581
0	0.004624
0	0.00451
0	0.004498
0	0.004685
0	0.004302
0	0.00368
0	0.003546
0	0.003994
0	0.004165
0	0.004276
0	0.004417
0	0.004366
0	0.004686
0	0.004824
0	0.00483
0	0.004947
0	0.004463
0	0.004365
0	0.004254
0	0.004134
0	0.003679
0	0.004031
0	0.00425
0	0.004407
0	0.004581
0	0.004899
0	0.005144
0	0.004857
0	0.004948
0	0.004501
0	0.0052
0	0.004654
0	0.004574
0	0.004376
0	0.004206
0	0.004318
0	0.004801
0	0.004962
0	0.005201
0	0.004932
0	0.005335
0	0.005224
0	0.006494
0	0.006885
0	0.006188
0	0.006011
0	0.005922
0	0.00618
0	0.006149
0	0.006592
0	0.006441
0	0.006669
0	0.005579
0	0.005668
0	0.005337
0	0.00513
0	0.004331
0	0.004858
0	0.005328
0	0.005001
0	0.00517
0	0.005157
0	0.004508
0	0.004555
0	0.003966
0	0.00506
0	0.00471
0	0.004766
0	0.00537
0	0.005343
0	0.005191
0	0.004494
0	0.004352
0	0.004273
0	0.004358
0	0.00292
0	0.002881
0	0.001719
0	0.001647
0	0.002174
0	0.002329
0	0.002574
0	0.002884
0	0.002519
0	0.002724
0	0.003044
0	0.002679
0	0.002701
0	0.003123
0	0.003105
0	0.002713
0	0.002918
0	0.003166
0	0.003035
0	0.003034
0	0.003468
0	0.00364
0	0.002743
0	0.002738
0	0.002229
0	0.00197
0	0.001902
0	0.002178
0	0.001693
0	0.002087
0	0.002018
0	0.002452
0	0.0027
0	0.002478
0	0.001241
0	0.001954
0	0.001911
0	0.001497
0	0.001261
0	0.0008793
0	0.001375
0	0.001028
0	0.0005156
0	0.0002934
0	-0.0002952
0	-0.0001406
0	2.101e-05
0	-5.055e-05
0	-0.0003268
0	0.0005747
0	0.0003656
0	0.0007549
0	0.0002282
0	0.000473
0	-0.0002645
0	-0.0002514
0	-0.0002491
0	-0.000292
0	0.0003674
0	0.0002501
0	-0.0002932
0	0.0004443
0	0.0005324
0	0.0006587
0	0.001346
0	0.001113
0	0.0008778
0	0.0009656
0	0.001065
0	0.001347
0	0.0009881
0	0.0008343
0	0.0006873
0	0.0004365
0	0.0005697
0	0.0005701
0	-0.0005417
0	-0.0008289
0	-0.0008698
0	-0.0008928
0	-0.0007861
0	-0.0008191
0	-0.0005075
0	-0.0003292
0	-4.664e-05
0	-0.0006294
0	-0.0006544
0	-0.0003943
0	0.0002578
0	-0.000132
0	0.0004331
0	0.0002606
0	0.0007127
0	-0.0001856
0	-3.969e-05
0	6.007e-05
0	0.0007478
0	0.0006875
0	0.0002855
0	-0.0003479
0	-0.0001693
0	-3.297e-05
0	-0.0005009
0	-0.000236
0	-0.0002306
0	-0.0003489
0	-0.001319
0	-0.001812
0	-0.002565
0	-0.003738
0	-0.003674
0	-0.003481
0	-0.003045
0	-0.003072
0	-0.00327
0	-0.004031
0	-0.003832
0	-0.004587
0	-0.004068
0	-0.003468
0	-0.004074
0	-0.004153
0	-0.004667
0	-0.005414
0	-0.005292
0	-0.005519
0	-0.005608
0	-0.005417
0	-0.005149
0	-0.00547
0	-0.005225
0	-0.005197
0	-0.004863
0	-0.004801
0	-0.004886
0	-0.004221
0	-0.004403
0	-0.004476
0	-0.00505
0	-0.00512
0	-0.00477
0	-0.004946
0	-0.004437
0	-0.00422
0	-0.004244
0	-0.004308
0	-0.004734
0	-0.004973
0	-0.004649
0	-0.005148
0	-0.005224
0	-0.005311
0	-0.005421
0	-0.00484
0	-0.005133
0	-0.00562
0	-0.005889
0	-0.005304
0	-0.005613
0	-0.00526
0	-0.005179
0	-0.004404
0	-0.005191
0	-0.00464
0	-0.004326
0	-0.003991
0	-0.003671
0	-0.003888
0	-0.003312
0	-0.003394
0	-0.003044
0	-0.00237
0	-0.002594
0	-0.002693
0	-0.002725
0	-0.003082
0	-0.003893
0	-0.003965
0	-0.003409
0	-0.003686
0	-0.003904
0	-0.003555
0	-0.003348
0	-0.003441
0	-0.003758
0	-0.003676
0	-0.003309
0	-0.003865
0	-0.003516
0	-0.003065
0	-0.003094
0	-0.003836
0	-0.003933
0	-0.004082
0	-0.004154
0	-0.004584
0	-0.004777
0	-0.005305
0	-0.005707
0	-0.005898
0	-0.005708
0	-0.006331
0	-0.006224
0	-0.006642
0	-0.007093
0	-0.006686
0	-0.006955
0	-0.006726
0	-0.006503
0	-0.006313
0	-0.006064
0	-0.005829
0	-0.006233
0	-0.005919
0	-0.005733
0	-0.005986
0	-0.005812
0	-0.005941
0	-0.005981
0	-0.006331
0	-0.006235
0	-0.006757
0	-0.00615
0	-0.005666
0	-0.005445
0	-0.005228
0	-0.004807
0	-0.0045
0	-0.004443
0	-0.004178
0	-0.00477
0	-0.004223
0	-0.004418
0	-0.003772
0	-0.003435
0	-0.003018
0	-0.003463
0	-0.003071
0	-0.002991
0	-0.002664
0	-0.002209
0	-0.002026
0	-0.001911
0	-0.001855
0	-0.002598
0	-0.002363
0	-0.002301
0	-0.002075
0	-0.002399
0	-0.002123
0	-0.001807
0	-0.001375
0	-0.001368
0	-0.001385
0	-0.0008074
0	-0.0007809
0	2.164e-05
0	-0.0001956
0	-0.0001691
0	-0.0003128
0	-0.0003723
0	-0.0002322
0	-0.0003991
0	-0.0006391
0	-0.0007823
0	-0.0004596
0	-1.368e-05
0	-5.985e-05
0	0.0001963
0	0.0004777
0	0.0006232
0	0.0005186
0	0.0002305
0	0.0001408
0	-9.883e-05
0	-0.0002629
0	-3.508e-05
0	-0.0003527
0	5.543e-06
0	0.0003031
0	0.0001711
0	0.0006064
0	0.0004977
0	0.0007242
0	0.0007073
0	0.0007421
0	0.0006894
0	0.0005886
0	0.0007315
0	0.0009275
0	0.001388
0	0.001069
0	0.001093
0	0.001593
0	0.001276
0	0.001708
0	0.001268
0	0.001351
0	0.0008285
0	0.001024
0	0.000902
0	0.001117
0	0.00139
0	0.001195
0	0.001234
0	0.001071
0	0.0009223
0	0.001128
0	0.0008455
0	0.00105
0	0.001438
0	0.002002
0	0.002043
0	0.001806
0	0.00159
0	0.001495
0	0.001553
0	0.00141
0	0.001671
0	0.00174
0	0.001704
0	0.001793
0	0.001524
0	0.001747
0	0.002084
0	0.001909
0	0.002366
0	0.002661
0	0.002471
0	0.002352
0	0.002632
0	0.002422
0	0.002172
0	0.002088
0	0.001814
0	0.001853
0	0.001325
0	0.00138
0	0.000977
0	0.0009162
0	0.001121
0	0.001246
0	0.001427
0	0.001595
0	0.002113
0	0.002386
0	0.002032
0	0.002576
0	0.002687
0	0.002668
0	0.002447
0	0.002753
0	0.002577
0	0.002669
0	0.002592
0	0.002497
0	0.001924
0	0.00194
0	0.002011
0	0.002008
0	0.002255
0	0.002496
0	0.002495
0	0.002283
0	0.002336
0	0.0024
0	0.00219
0	0.00223
0	0.001956
0	0.002318
0	0.002612
0	0.002595
0	0.003056
0	0.00309
0	0.003212
0	0.002644
0	0.002651
0	0.002636
0	0.002664
0	0.002666
0	0.002406
0	0.002168
0	0.001991
0	0.002019
0	0.001953
0	0.001606
0	0.001273
0	0.001469
0	0.001462
0	0.001495
0	0.001296
0	0.001673
0	0.001717
0	0.001819
0	0.002082
0	0.002089
0	0.001896
0	0.002352
0	0.002763
0	0.00272
0	0.003169
0	0.003161
0	0.003506
0	0.003201
0	0.003105
0	0.003381
0	0.003606
0	0.0031
0	0.003052
0	0.003534
0	0.003911
0	0.004295
0	0.003667
0	0.003213
0	0.002998
0	0.003331
0	0.003343
0	0.003565
0	0.003712
0	0.00365
0	0.004095
0	0.003811
0	0.003963
0	0.003793
0	0.003911
0	0.003702
0	0.004233
0	0.004454
0	0.003862
0	0.003641
0	0.003567
0	0.00398
0	0.003663
0	0.004053
0	0.004153
0	0.004052
0	0.004194
0	0.004089
0	0.003974
0	0.003814
0	0.003648
0	0.003794
0	0.003722
0	0.003621
0	0.003696
0	0.003718
0	0.003839
0	0.003797
0	0.003252
0	0.002979
0	0.002433
0	0.002447
0	0.002313
0	0.002605
0	0.003172
0	0.002914
0	0.002261
0	0.002175
0	0.002259
0	0.002142
0	0.002134
0	0.002334
0	0.002481
0	0.00227
0	0.002306
0	0.002176
0	0.002506
0	0.002508
0	0.002846
0	0.002967
0	0.002746
0	0.00262
0	0.002722
0	0.002714
0	0.00314
0	0.003196
0	0.002613
0	0.002561
0	0.002266
0	0.002015
0	0.001644
0	0.001779
0	0.002244
0	0.001962
0	0.001639
0	0.001655
0	0.00166
0	0.001816
0	0.001788
0	0.001689
0	0.001457
0	0.001641
0	0.001392
0	0.001515
0	0.001296
0	0.001067
0	0.001304
0	0.001451
0	0.001595
0	0.001879
0	0.001767
0	0.002277
0	0.002295
0	0.00209
0	0.002435
0	0.002535
0	0.0029
0	0.003165
0	0.003096
0	0.002752
0	0.003227
0	0.003413
0	0.003577
0	0.003845
0	0.00386
0	0.003809
0	0.003615
0	0.003348
0	0.003154
0	0.003171
0	0.003579
0	0.003091
0	0.003159
0	0.003342
0	0.002873
0	0.003151
0	0.003641
0	0.003333
0	0.003011
0	0.00293
0	0.002772
0	0.00248
0	0.00235
0	0.002598
0	0.002956
0	0.00283
0	0.003085
0	0.002761
0	0.00297
0	0.002921
0	0.00317
0	0.003226
0	0.002971
0	0.00289
0	0.002609
0	0.001989
0	0.001606
0	0.001577
0	0.001407
0	0.001303
0	0.001513
0	0.001586
0	0.001523
0	0.001619
0	0.001742
0	0.001747
0	0.001717
0	0.001908
0	0.00177
0	0.001296
0	0.001372
0	0.0009421
0	0.0007374
0	0.001011
0	0.0009296
0	0.001056
0	0.0008778
0	0.001161
0	0.001112
0	0.001362
0	0.001102
0	0.001497
0	0.001738
0	0.001565
0	0.001387
0	0.001572
0	0.001108
0	0.001484
0	0.001796
0	0.001858
0	0.002045
0	0.002157
0	0.002092
0	0.002207
0	0.002335
0	0.001923
0	0.002265
0	0.002376
0	0.002733
0	0.003087
0	0.003342
0	0.00323
0	0.003134
0	0.003131
0	0.002974
0	0.003046
0	0.002546
0	0.00245
0	0.002351
0	0.002658
0	0.002903
0	0.003182
0	0.003241
0	0.003638
0	0.00337
0	0.003671
0	0.003801
0	0.003642
0	0.0038
0	0.003677
0	0.003375
0	0.00381
0	0.003604
0	0.00329
0	0.003293
0	0.003298
0	0.003274
0	0.003342
0	0.003286
0	0.003212
0	0.003097
0	0.002715
0	0.002877
0	0.003105
0	0.002857
0	0.002921
0	0.002751
0	0.003096
0	0.002538
0	0.002779
0	0.002708
0	0.002951
0	0.003093
0	0.003132
0	0.003055
0	0.002937
0	0.002675
0	0.002671
0	0.002462
0	0.002998
0	0.003123
0	0.003416
0	0.00351
0	0.003882
0	0.00405
0	0.003968
0	0.003722
0	0.003624
0	0.003923
0	0.003621
0	0.002929
0	0.003028
0	0.003178
0	0.002647
0	0.002689
0	0.002805
0	0.002867
0	0.002577
0	0.0027
0	0.00271
0	0.002873
0	0.003241
0	0.003142
0	0.00345
0	0.003402
0	0.003409
0	0.003526
0	0.0034
0	0.00311
0	0.003015
0	0.003172
0	0.003135
0	0.003029
0	0.003185
0	0.002925
0	0.002782
0	0.002955
0	0.003307
0	0.003318
0	0.003364
0	0.00349
0	0.00355
0	0.003894
0	0.003916
0	0.003758
0	0.003983
0	0.003743
0	0.003648
0	0.003438
0	0.003533
0	0.003809
0	0.003197
0	0.003083
0	0.002988
0	0.003132
0	0.003363
0	0.003726
0	0.003528
0	0.003279
0	0.003859
0	0.004125
0	0.003935
0	0.004207
0	0.004238
0	0.00431
0	0.004283
0	0.004396
0	0.004291
0	0.00459
0	0.004767
0	0.00478
0	0.004876
0	0.004697
0	0.004573
0	0.004767
0	0.004865
0	0.004947
0	0.004963
0	0.004988
0	0.005293
0	0.005605
0	0.005744
0	0.006037
0	0.005655
0	0.005681
0	0.006244
0	0.006323
0	0.006506
0	0.006686
0	0.006711
0	0.006718
0	0.006602
0	0.006581
0	0.006852
0	0.006871
0	0.006836
0	0.006747
0	0.006953
0	0.007114
0	0.007272
0	0.007453
0	0.007606
0	0.007759
0	0.007812
0	0.007619
0	0.007532
0	0.007563
0	0.007764
0	0.007748
0	0.007734
0	0.007771
0	0.00772
0	0.007446
0	0.007678
0	0.007785
0	0.00771
0	0.007351
0	0.007277
0	0.007142
0	0.007425
0	0.007524
0	0.007559
0	0.007814
0	0.007879
0	0.008084
0	0.007994
0	0.008078
0	0.008244
0	0.008171
0	0.007973
0	0.007827
0	0.0079
0	0.007943
0	0.007937
0	0.008153
0	0.007972
0	0.008108
0	0.008139
0	0.00826
0	0.008498
0	0.008565
0	0.008808
0	0.008847
0	0.008934
0	0.008838
0	0.008732
0	0.008995
0	0.009005
0	0.009201
0	0.008839
0	0.008922
0	0.009093
0	0.008881
0	0.009044
0	0.009371
0	0.009385
0	0.009517
0	0.009756
0	0.00977
0	0.009724
0	0.009733
0	0.009668
0	0.00984
0	0.009548
0	0.009851
0	0.009938
0	0.009959
0	0.009785
0	0.01006
0	0.01035
0	0.01026
0	0.01013
0	0.01008
0	0.01006
0	0.01
0	0.01024
0	0.01023
0	0.01028
0	0.01017
0	0.01042
0	0.01017
0	0.00988
0	0.01014
0	0.01004
0	0.01026
0	0.01022
0	0.01014
0	0.01005
0	0.01007
0	0.009979
0	0.01009
0	0.009675
0	0.009374
0	0.009373
0	0.00933
0	0.009061
0	0.009203
0	0.009222
0	0.009348
0	0.009281
0	0.009589
0	0.009488
0	0.00939
0	0.009315
0	0.009455
0	0.009677
0	0.009551
0	0.009498
0	0.009325
0	0.008959
0	0.009039
0	0.009246
0	0.00937
0	0.009131
0	0.00899
0	0.009058
0	0.008639
0	0.008533
0	0.008535
0	0.008744
0	0.00887
0	0.008776
0	0.008503
0	0.008072
0	0.008163
0	0.00836
0	0.008567
0	0.008552
0	0.008504
0	0.008444
0	0.00838
0	0.008596
0	0.008371
0	0.008414
0	0.007981
0	0.008047
0	0.007972
0	0.008197
0	0.008167
0	0.007915
0	0.00794
0	0.00803
0	0.008134
0	0.008368
0	0.00831
0	0.008407
0	0.008075
0	0.008163
0	0.008326
0	0.008095
0	0.00787
0	0.008037
0	0.008387
0	0.008351
0	0.008129
0	0.008149
0	0.008072
0	0.007927
0	0.007977
0	0.00822
0	0.008132
0	0.00791
0	0.007949
0	0.008003
0	0.007741
0	0.007952
0	0.007496
0	0.007262
0	0.007154
0	0.007336
0	0.007244
0	0.007188
0	0.00744
0	0.00722
0	0.007031
0	0.007082
0	0.007249
0	0.007179
0	0.007311
0	0.007505
0	0.007242
0	0.007264
0	0.007606
0	0.007631
0	0.007602
0	0.00734
0	0.007448
0	0.007229
0	0.007244
0	0.007033
0	0.006851
0	0.006404
0	0.006434
0	0.006348
0	0.006624
0	0.006702
0	0.006779
0	0.006778
0	0.006598
0	0.006576
0	0.006682
0	0.006748
0	0.006799
0	0.006571
0	0.006701
0	0.006766
0	0.006798
0	0.006989
0	0.007119
0	0.00731
0	0.007182
0	0.007084
0	0.007268
0	0.006971
0	0.006798
0	0.00673
0	0.006669
0	0.006484
0	0.006667
0	0.006783
0	0.006642
0	0.00653
0	0.006567
0	0.006579
0	0.006766
0	0.006691
0	0.00635
0	0.006365
0	0.006118
0	0.006183
0	0.006182
0	0.005726
0	0.00559
0	0.00559
0	0.005757
0	0.005925
0	0.005867
0	0.00601
0	0.006257
0	0.006295
0	0.006395
0	0.006524
0	0.00667
0	0.006642
0	0.006777
0	0.006847
0	0.006358
0	0.006081
0	0.006036
0	0.006049
0	0.00595
0	0.005962
0	0.005924
0	0.005627
0	0.005577
0	0.00591
0	0.005676
0	0.005791
0	0.00576
0	0.005702
0	0.005761
0	0.005699
0	0.005388
0	0.00519
0	0.004889
0	0.00481
0	0.004682
0	0.004682
0	0.00464
0	0.004474
0	0.00465
0	0.004521
0	0.0043
0	0.004414
0	0.00439
0	0.00451
0	0.004522
0	0.004216
0	0.004254
0	0.00409
0	0.004292
0	0.003702
0	0.003966
0	0.004029
0	0.003797
0	0.003905
0	0.003736
0	0.00369
0	0.003697
0	0.003883
0	0.00361
0	0.003953
0	0.004162
0	0.004018
0	0.003683
0	0.003787
0	0.003575
0	0.003865
0	0.003923
0	0.004129
0	0.004113
0	0.004183
0	0.004026
0	0.004079
0	0.004102
0	0.003758
0	0.003715
0	0.003933
0	0.004052
0	0.003797
0	0.003902
0	0.003798
0	0.003762
0	0.003645
0	0.003673
0	0.003831
0	0.003622
0	0.003566
0	0.00372
0	0.003679
0	0.003831
0	0.003747
0	0.003701
0	0.003745
0	0.00353
0	0.003716
0	0.003842
0	0.003933
0	0.00388
0	0.004205
0	0.004292
0	0.004319
0	0.004233
0	0.004059
0	0.003799
0	0.003895
0	0.004041
0	0.004143
0	0.004271
0	0.004105
0	0.00432
0	0.004197
0	0.004298
0	0.00456
0	0.00465
0	0.004446
0	0.004443
0	0.004484
0	0.004474
0	0.004547
0	0.004609
0	0.004676
0	0.005002
0	0.004761
0	0.005044
0	0.005241
0	0.005315
0	0.005616
0	0.005498
0	0.005427
0	0.005588
0	0.005549
0	0.005635
0	0.005676
0	0.005847
0	0.005995
0	0.005681
0	0.005388
0	0.00516
0	0.005473
0	0.005356
0	0.00542
0	0.005298
0	0.005227
0	0.005149
0	0.005095
0	0.005227
0	0.005362
0	0.005468
0	0.00541
0	0.005589
0	0.005695
0	0.005862
0	0.005912
0	0.005753
0	0.006258
0	0.006498
0	0.006543
0	0.006334
0	0.006062
0	0.006122
0	0.006319
0	0.006599
0	0.006622
0	0.006613
0	0.006897
0	0.007224
0	0.007422
0	0.007473
0	0.007575
0	0.00782
0	0.008188
0	0.008175
0	0.008191
0	0.008276
0	0.008279
0	0.008401
0	0.008194
0	0.008135
0	0.008466
0	0.008637
0	0.008325
0	0.008171
0	0.008199
0	0.008478
0	0.00852
0	0.008719
0	0.008654
0	0.0085
0	0.008324
0	0.008411
0	0.008339
0	0.008529
0	0.00807
0	0.008157
0	0.008272
0	0.00819
0	0.008044
0	0.00799
0	0.007889
0	0.008137
0	0.008309
0	0.008275
0	0.00838
0	0.008149
0	0.008271
0	0.0083
0	0.007849
0	0.007571
0	0.007713
0	0.007823
0	0.008052
0	0.00799
0	0.007865
0	0.007783
0	0.007467
0	0.007445
0	0.007453
0	0.007352
0	0.007339
0	0.007278
0	0.007027
0	0.007302
0	0.00742
0	0.007251
0	0.006905
0	0.006922
0	0.00685
0	0.006989
0	0.006978
0	0.007058
0	0.007125
0	0.006973
0	0.007118
0	0.007205
0	0.007531
0	0.007866
0	0.008016
0	0.008289
0	0.008086
0	0.008281
0	0.008307
0	0.008202
0	0.008638
0	0.008592
0	0.008379
0	0.008512
0	0.00838
0	0.00829
0	0.008322
0	0.008545
0	0.008602
0	0.008614
0	0.008613
0	0.008756
0	0.009062
0	0.009132
0	0.009048
0	0.008712
0	0.008816
0	0.00874
0	0.008852
0	0.008775
0	0.00841
0	0.008535
0	0.008371
0	0.00827
0	0.008403
0	0.008284
0	0.008139
0	0.008019
0	0.008104
0	0.008095
0	0.008372
0	0.007912
0	0.00789
0	0.008091
0	0.007938
0	0.007772
0	0.007796
0	0.007788
0	0.007727
0	0.007705
0	0.0072
0	0.007278
0	0.007426
0	0.007187
0	0.007313
0	0.006981
0	0.006962
0	0.006576
0	0.006583
0	0.006782
0	0.006891
0	0.006981
0	0.006485
0	0.006529
0	0.006577
0	0.006741
0	0.006935
0	0.007063
0	0.006973
0	0.006995
0	0.006885
0	0.006953
0	0.007076
0	0.006848
0	0.006857
0	0.006952
0	0.007191
0	0.007055
0	0.006887
0	0.006964
0	0.007002
0	0.006975
0	0.006995
0	0.007191
0	0.007137
0	0.00696
0	0.006809
0	0.006913
0	0.006914
0	0.007078
0	0.00714
0	0.006899
0	0.006854
0	0.006985
0	0.006921
0	0.007075
0	0.00716
0	0.007294
0	0.007458
0	0.00746
0	0.007526
0	0.007285
0	0.007635
0	0.007583
0	0.007615
0	0.007713
0	0.007601
0	0.007416
0	0.007616
0	0.007529
0	0.007531
0	0.007514
0	0.0074
0	0.007312
0	0.007349
0	0.007405
0	0.007454
0	0.007615
0	0.007625
0	0.007856
0	0.007855
0	0.007838
0	0.008014
0	0.008149
0	0.008201
0	0.008167
0	0.008034
0	0.008162
0	0.007989
0	0.007826
0	0.00782
0	0.007727
0	0.007689
0	0.007579
0	0.007552
0	0.007595
0	0.007535
0	0.007367
0	0.007321
0	0.00734
0	0.007585
0	0.007643
0	0.007657
0	0.007471
0	0.007443
0	0.007587
0	0.007651
0	0.007862
0	0.007935
0	0.008052
0	0.007986
0	0.008064
0	0.007873
0	0.007786
0	0.007908
0	0.008064
0	0.008065
0	0.008091
0	0.008016
0	0.008034
0	0.008135
0	0.008079
0	0.007748
0	0.007538
0	0.007623
0	0.007825
0	0.007984
0	0.00801
0	0.007756
0	0.007747
0	0.007833
0	0.007969
0	0.008012
0	0.008015
0	0.008065
0	0.008102
0	0.007965
0	0.008122
0	0.008501
0	0.008468
0	0.008384
0	0.00848
0	0.008514
0	0.008466
0	0.008162
0	0.008152
0	0.008189
0	0.008062
0	0.008099
0	0.008182
0	0.008318
0	0.008234
0	0.008287
0	0.008189
0	0.008087
0	0.008139
0	0.008131
0	0.008214
0	0.008138
0	0.008392
0	0.0082
0	0.008135
0	0.008237
0	0.008354
0	0.008328
0	0.008448
0	0.008376
0	0.008532
0	0.008317
0	0.00817
0	0.008159
0	0.008105
0	0.008165
0	0.008548
0	0.008606
0	0.0086
0	0.008647
0	0.008735
0	0.008733
0	0.008669
0	0.00849
0	0.008402
0	0.008502
0	0.008298
0	0.008225
0	0.008138
0	0.008342
0	0.008471
0	0.008277
0	0.00847
0	0.008611
0	0.008374
0	0.008553
0	0.008731
0	0.008838
0	0.008652
0	0.008641
0	0.008505
0	0.008592
0	0.008316
0	0.008588
0	0.008658
0	0.008703
0	0.008801
0	0.008847
0	0.008914
0	0.009078
