# iterations	 errorinentropy	 maxerror	(generated with python figs/yaml-multi-comparison.py /home/jordan/weniger-cp-data/ data/samc-1e5-256-reference-lndos.dat s000/periodic-ww1.50-ff0.17-N256 256 915 509 true 4 samc-1e4-256 samc-1e5-256 samc-1e6-256 samc-1e7-256 samc-1e8-256
0.003906	74.18	274.6
0.007812	74.18	274.6
0.01172	74.18	274.6
0.01562	74.18	274.6
0.02344	74.18	274.6
0.02734	74.18	274.6
0.03906	74.18	274.6
0.05078	74.18	274.6
0.07031	74.18	274.6
0.09375	74.18	274.6
0.125	74.18	274.6
0.1641	74.18	274.6
0.2188	74.18	274.6
0.293	74.18	274.6
0.3906	74.18	274.6
0.5195	74.18	274.6
0.6953	74.18	274.6
0.9258	74.18	274.6
1.234	74.18	274.6
1.648	74.18	274.6
2.195	74.18	274.6
2.93	74.18	274.6
3.906	74.18	274.6
5.211	73.56	274.1
6.945	72.58	274
9.262	72.37	274
12.35	71.67	273.2
16.47	69.31	271.2
21.96	66.23	265.1
29.29	65.19	265.1
39.06	59.83	257.2
52.09	61.59	252.8
69.46	57.99	243
92.63	62.18	243
123.5	65.02	258.7
164.7	65.81	280.5
219.7	87.87	387.4
292.9	117.4	477.2
390.6	157.4	609.9
520.9	157.4	609.9
694.6	210.5	887.4
926.3	332.7	965.1
1235	405	1188
1647	509.8	1452
2197	607.5	1671
2929	841	2357
3906	943.3	2738
5209	923.4	2777
6946	398	1524
9263	483	1923
1.235e+04	423.8	1560
1.647e+04	345.5	1118
2.197e+04	217.6	835
2.929e+04	90.99	429.9
3.906e+04	85.22	355.2
5.209e+04	57.99	229.8
6.946e+04	51.58	233.9
9.263e+04	41.75	134.7
1.235e+05	21.24	84
1.647e+05	39.62	140
2.197e+05	18.48	73.03
2.929e+05	8.067	28.04
3.906e+05	6.23	24.81
5.209e+05	5.207	29.79
6.946e+05	14.45	51.16
9.263e+05	6.252	27.3
1.235e+06	4.267	18.97
1.647e+06	6.452	21.71
2.197e+06	7.068	22.31
2.929e+06	12.84	41.27
3.906e+06	2.761	12.88
5.209e+06	2.149	9.842
6.946e+06	1.371	8.119
9.263e+06	2.833	10.43
1.235e+07	1.694	6.475
1.647e+07	0.8233	3.608
2.197e+07	2.796	8.389
2.929e+07	0.7717	3.694
3.906e+07	0.6519	4.701
5.209e+07	0.5451	2.181
6.946e+07	0.4745	2.876
9.263e+07	1.026	3.404
1.235e+08	0.2547	1.168
1.647e+08	0.6648	2.506
2.197e+08	0.5221	2.424
2.929e+08	0.6741	2.052
3.906e+08	0.482	1.925
5.209e+08	0.3388	1.365
6.946e+08	0.1457	0.6386
9.263e+08	0.1457	0.6386
1.235e+09	0.1457	0.6386
1.647e+09	0.1457	0.6386
2.197e+09	0.1457	0.6386
2.929e+09	0.1847	0.7681
3.906e+09	0.1254	0.6778
