2	0.351732
2.005	0.351114
2.015	0.349876
2.025	0.347304
2.035	0.342746
2.045	0.342462
2.055	0.339399
2.065	0.33435
2.075	0.335457
2.085	0.329081
2.095	0.328735
2.105	0.325792
2.115	0.325714
2.125	0.32082
2.135	0.321525
2.145	0.31665
2.155	0.31657
2.165	0.314947
2.175	0.309585
2.185	0.309116
2.195	0.307764
2.205	0.30601
2.215	0.302931
2.225	0.301391
2.235	0.30045
2.245	0.298667
2.255	0.295978
2.265	0.291306
2.275	0.290929
2.285	0.291193
2.295	0.287601
2.305	0.288214
2.315	0.284493
2.325	0.28128
2.335	0.280421
2.345	0.278286
2.355	0.277751
2.365	0.275383
2.375	0.275621
2.385	0.271878
2.395	0.271127
2.405	0.26944
2.415	0.266954
2.425	0.267725
2.435	0.265687
2.445	0.263327
2.455	0.262357
2.465	0.260571
2.475	0.258916
2.485	0.256059
2.495	0.255255
2.505	0.253839
2.515	0.253491
2.525	0.253356
2.535	0.250186
2.545	0.24953
2.555	0.248594
2.565	0.249125
2.575	0.246007
2.585	0.245375
2.595	0.244974
2.605	0.243116
2.615	0.241416
2.625	0.240023
2.635	0.239495
2.645	0.238677
2.655	0.238364
2.665	0.235387
2.675	0.233646
2.685	0.232412
2.695	0.232073
2.705	0.23251
2.715	0.230307
2.725	0.228443
2.735	0.226882
2.745	0.227855
2.755	0.227724
2.765	0.223645
2.775	0.224093
2.785	0.223533
2.795	0.222217
2.805	0.220302
2.815	0.220529
2.825	0.218834
2.835	0.219186
2.845	0.216482
2.855	0.216478
2.865	0.21551
2.875	0.215661
2.885	0.2147
2.895	0.213782
2.905	0.213553
2.915	0.212831
2.925	0.211461
2.935	0.21009
2.945	0.20902
2.955	0.2093
2.965	0.209481
2.975	0.207867
2.985	0.20705
2.995	0.206601
3.005	0.207604
3.015	0.204509
3.025	0.204611
3.035	0.203832
3.045	0.201799
3.055	0.203566
3.065	0.203344
3.075	0.201021
3.085	0.201301
3.095	0.200876
3.105	0.198782
3.115	0.200209
3.125	0.199896
3.135	0.198423
3.145	0.198576
3.155	0.198792
3.165	0.197399
3.175	0.197514
3.185	0.197227
3.195	0.194882
3.205	0.194715
3.215	0.195414
3.225	0.193194
3.235	0.194843
3.245	0.193392
3.255	0.193647
3.265	0.193971
3.275	0.192718
3.285	0.191676
3.295	0.192249
3.305	0.191008
3.315	0.192271
3.325	0.191598
3.335	0.190381
3.345	0.190572
3.355	0.190218
3.365	0.191167
3.375	0.190656
3.385	0.189564
3.395	0.189544
3.405	0.190317
3.415	0.188787
3.425	0.189054
3.435	0.189723
3.445	0.188593
3.455	0.189356
3.465	0.188031
3.475	0.188474
3.485	0.188938
3.495	0.188297
3.505	0.188528
3.515	0.188715
3.525	0.188021
3.535	0.188071
3.545	0.187603
3.555	0.18775
3.565	0.188613
3.575	0.187743
3.585	0.188745
3.595	0.187742
3.605	0.187444
3.615	0.187734
3.625	0.187427
3.635	0.188276
3.645	0.187853
3.655	0.188278
3.665	0.187661
3.675	0.187352
3.685	0.188861
3.695	0.187355
3.705	0.187576
3.715	0.188254
3.725	0.188871
3.735	0.187902
3.745	0.189089
3.755	0.188198
3.765	0.188813
3.775	0.189363
3.785	0.189049
3.795	0.189757
3.805	0.189961
3.815	0.189303
3.825	0.190917
3.835	0.190008
3.845	0.190841
3.855	0.190631
3.865	0.189759
3.875	0.190914
3.885	0.191294
3.895	0.191927
3.905	0.192294
3.915	0.192583
3.925	0.193101
3.935	0.192349
3.945	0.1941
3.955	0.193263
3.965	0.194354
3.975	0.19397
3.985	0.194875
3.995	0.194988
4.005	0.195052
4.015	0.196071
4.025	0.195757
4.035	0.196654
4.045	0.196391
4.055	0.196981
4.065	0.196407
4.075	0.19714
4.085	0.19795
4.095	0.198468
4.105	0.197881
4.115	0.198071
4.125	0.198692
4.135	0.199413
4.145	0.199576
4.155	0.198752
4.165	0.200186
4.175	0.20029
4.185	0.200086
4.195	0.199405
4.205	0.2
4.215	0.200955
4.225	0.2
4.235	0.200197
4.245	0.201622
4.255	0.200848
4.265	0.201188
4.275	0.200905
4.285	0.202361
4.295	0.20204
4.305	0.20148
4.315	0.201439
4.325	0.201767
4.335	0.202134
4.345	0.201809
4.355	0.202156
4.365	0.202663
4.375	0.202818
4.385	0.2028
4.395	0.203562
4.405	0.202681
4.415	0.203585
4.425	0.202785
4.435	0.202652
4.445	0.203133
4.455	0.203032
4.465	0.203212
4.475	0.202578
4.485	0.202282
4.495	0.20322
4.505	0.203234
4.515	0.203086
4.525	0.202802
4.535	0.203526
4.545	0.202458
4.555	0.20348
4.565	0.202455
4.575	0.20304
4.585	0.203829
4.595	0.203328
4.605	0.202675
4.615	0.202619
4.625	0.203219
4.635	0.202413
4.645	0.203327
4.655	0.204384
4.665	0.203336
4.675	0.202485
4.685	0.203111
4.695	0.203033
4.705	0.203377
4.715	0.203518
4.725	0.202678
4.735	0.202788
4.745	0.203134
4.755	0.203264
4.765	0.203316
4.775	0.203055
4.785	0.203253
4.795	0.201802
4.805	0.20251
4.815	0.202342
4.825	0.202299
4.835	0.202314
4.845	0.202545
4.855	0.202105
4.865	0.201513
4.875	0.201752
4.885	0.202067
4.895	0.202478
4.905	0.202398
4.915	0.202214
4.925	0.201223
4.935	0.20238
4.945	0.202038
4.955	0.202156
4.965	0.201466
4.975	0.202798
4.985	0.202127
4.995	0.201769
5.005	0.201421
5.015	0.201778
5.025	0.201584
5.035	0.200943
5.045	0.201363
5.055	0.200727
5.065	0.201399
5.075	0.200805
5.085	0.20115
5.095	0.200923
5.105	0.201283
5.115	0.201326
5.125	0.201188
5.135	0.200485
5.145	0.200764
5.155	0.20117
5.165	0.200548
5.175	0.200701
5.185	0.201271
5.195	0.201084
5.205	0.200739
5.215	0.20098
5.225	0.200659
5.235	0.200035
5.245	0.200926
5.255	0.199958
5.265	0.199966
5.275	0.200491
5.285	0.200297
5.295	0.199522
5.305	0.200858
5.315	0.200127
5.325	0.200708
5.335	0.20044
5.345	0.19986
5.355	0.199806
5.365	0.199421
5.375	0.200101
5.385	0.19964
5.395	0.199692
5.405	0.199822
5.415	0.200047
5.425	0.200102
5.435	0.20003
5.445	0.199846
5.455	0.199713
5.465	0.198904
5.475	0.199435
5.485	0.200371
5.495	0.199431
5.505	0.199748
5.515	0.199412
5.525	0.199364
5.535	0.199009
5.545	0.199708
5.555	0.19938
5.565	0.198966
5.575	0.199202
5.585	0.19906
5.595	0.199529
5.605	0.199642
5.615	0.199125
5.625	0.199551
5.635	0.198972
5.645	0.199466
5.655	0.198996
5.665	0.199411
5.675	0.198797
5.685	0.199799
5.695	0.19954
5.705	0.199198
5.715	0.199394
5.725	0.199146
5.735	0.198546
5.745	0.199197
5.755	0.19912
5.765	0.198809
5.775	0.199202
5.785	0.199894
5.795	0.199301
5.805	0.199687
5.815	0.198557
5.825	0.19913
5.835	0.19895
5.845	0.199095
5.855	0.19929
5.865	0.198808
5.875	0.199559
5.885	0.198731
5.895	0.199677
5.905	0.199557
5.915	0.199048
5.925	0.19973
5.935	0.198735
5.945	0.200429
5.955	0.198838
5.965	0.199268
5.975	0.199031
5.985	0.199912
5.995	0.20015
6.005	0.19966
6.015	0.198773
6.025	0.199377
6.035	0.19909
6.045	0.199391
6.055	0.19964
6.065	0.199623
6.075	0.199641
6.085	0.199957
6.095	0.199744
6.105	0.199442
6.115	0.199915
6.125	0.200152
6.135	0.20039
6.145	0.200057
6.155	0.199677
6.165	0.200066
6.175	0.20007
6.185	0.199787
6.195	0.199535
6.205	0.199339
6.215	0.200033
6.225	0.199518
6.235	0.199941
6.245	0.199622
6.255	0.19953
6.265	0.199658
6.275	0.200012
6.285	0.200174
6.295	0.199722
6.305	0.200239
6.315	0.199687
6.325	0.199827
6.335	0.199609
6.345	0.200278
6.355	0.199517
6.365	0.200447
6.375	0.199596
6.385	0.200337
6.395	0.200153
6.405	0.200421
6.415	0.199748
6.425	0.199727
6.435	0.200209
6.445	0.200063
6.455	0.199855
6.465	0.199822
6.475	0.199932
6.485	0.200359
6.495	0.199731
6.505	0.200019
6.515	0.200167
6.525	0.199368
6.535	0.200096
6.545	0.200411
6.555	0.199543
6.565	0.20011
6.575	0.200566
6.585	0.200466
6.595	0.199978
6.605	0.200267
6.615	0.199865
6.625	0.200343
6.635	0.200651
6.645	0.200431
6.655	0.200244
6.665	0.199904
6.675	0.200196
6.685	0.1999
6.695	0.199963
6.705	0.20038
6.715	0.19947
6.725	0.199836
6.735	0.200234
6.745	0.200512
6.755	0.200254
6.765	0.199923
6.775	0.199819
6.785	0.200384
6.795	0.200632
6.805	0.199752
6.815	0.200312
6.825	0.200177
6.835	0.200627
6.845	0.200019
6.855	0.199912
6.865	0.199978
6.875	0.200391
6.885	0.199946
6.895	0.20018
6.905	0.199613
6.915	0.200527
6.925	0.199904
6.935	0.200061
6.945	0.199872
6.955	0.200099
6.965	0.200089
6.975	0.199719
6.985	0.200064
6.995	0.199902
7.005	0.199825
7.015	0.199933
7.025	0.20007
7.035	0.199879
7.045	0.199826
7.055	0.200106
7.065	0.199813
7.075	0.200129
7.085	0.200434
7.095	0.200119
7.105	0.199939
7.115	0.200489
7.125	0.200536
7.135	0.200183
7.145	0.200325
7.155	0.199785
7.165	0.200067
7.175	0.200348
7.185	0.200443
7.195	0.200196
7.205	0.200569
7.215	0.2001
7.225	0.200565
7.235	0.200567
7.245	0.200044
7.255	0.200145
7.265	0.200649
7.275	0.200021
7.285	0.199513
7.295	0.200298
7.305	0.200447
7.315	0.200427
7.325	0.200463
7.335	0.19944
7.345	0.200069
7.355	0.200142
7.365	0.199794
7.375	0.200258
7.385	0.200418
7.395	0.200141
7.405	0.199905
7.415	0.199833
7.425	0.199689
7.435	0.200034
7.445	0.200118
7.455	0.200166
7.465	0.200317
7.475	0.200143
7.485	0.200313
7.495	0.199931
7.505	0.199786
7.515	0.199623
7.525	0.200091
7.535	0.19999
7.545	0.199575
7.555	0.199675
7.565	0.200335
7.575	0.200166
7.585	0.200526
7.595	0.199765
7.605	0.200606
7.615	0.200287
7.625	0.199196
7.635	0.200023
7.645	0.199753
7.655	0.199607
7.665	0.199777
7.675	0.199967
7.685	0.200091
7.695	0.199665
7.705	0.199801
7.715	0.199992
7.725	0.199807
7.735	0.200203
7.745	0.199937
7.755	0.199856
7.765	0.199734
7.775	0.200303
7.785	0.2001
7.795	0.199406
7.805	0.199777
7.815	0.199964
7.825	0.199733
7.835	0.199979
7.845	0.199603
7.855	0.19986
7.865	0.199428
7.875	0.199916
7.885	0.199976
7.895	0.200067
7.905	0.199474
7.915	0.200219
7.925	0.200074
7.935	0.200008
7.945	0.20005
7.955	0.199901
7.965	0.200345
7.975	0.199916
7.985	0.200288
7.995	0.200325
8.005	0.199849
8.015	0.199896
8.025	0.199701
8.035	0.199778
8.045	0.20018
8.055	0.200341
8.065	0.200699
8.075	0.199935
8.085	0.199915
8.095	0.200051
8.105	0.200549
8.115	0.19986
8.125	0.200066
8.135	0.199719
8.145	0.200212
8.155	0.200049
8.165	0.200065
8.175	0.200077
8.185	0.199805
8.195	0.200053
8.205	0.200277
8.215	0.199757
8.225	0.200158
8.235	0.200013
8.245	0.199645
8.255	0.199854
8.265	0.199974
8.275	0.200041
8.285	0.200435
8.295	0.199386
8.305	0.199919
8.315	0.199827
8.325	0.200358
8.335	0.200232
8.345	0.199741
8.355	0.200171
8.365	0.200873
8.375	0.199637
8.385	0.1997
8.395	0.200073
8.405	0.199841
8.415	0.199694
8.425	0.200474
8.435	0.200048
8.445	0.199739
8.455	0.200257
8.465	0.199987
8.475	0.200175
8.485	0.199894
8.495	0.19967
8.505	0.199943
8.515	0.200244
8.525	0.199853
8.535	0.19974
8.545	0.199608
8.555	0.200065
8.565	0.19981
8.575	0.200588
8.585	0.200017
8.595	0.200061
8.605	0.200171
8.615	0.200328
8.625	0.199923
8.635	0.200042
8.645	0.200156
8.655	0.199757
8.665	0.199793
8.675	0.199726
8.685	0.19989
8.695	0.20015
8.705	0.200079
8.715	0.200183
8.725	0.200204
8.735	0.200042
8.745	0.199548
8.755	0.199909
8.765	0.200187
8.775	0.200209
8.785	0.199842
8.795	0.199835
8.805	0.200234
8.815	0.199956
8.825	0.200042
8.835	0.200079
8.845	0.199958
8.855	0.200014
8.865	0.199973
8.875	0.200074
8.885	0.200079
8.895	0.200071
8.905	0.200314
8.915	0.199859
8.925	0.200064
8.935	0.200087
8.945	0.199926
8.955	0.200075
8.965	0.200291
8.975	0.199454
8.985	0.200256
8.995	0.200275
9.005	0.200035
9.015	0.200242
9.025	0.200057
9.035	0.200046
9.045	0.200482
9.055	0.20012
9.065	0.200162
9.075	0.20005
9.085	0.200228
9.095	0.200037
9.105	0.199976
9.115	0.200235
9.125	0.199581
9.135	0.200467
9.145	0.199907
9.155	0.19973
9.165	0.200464
9.175	0.199704
9.185	0.199896
9.195	0.199909
9.205	0.200178
9.215	0.200408
9.225	0.199809
9.235	0.200003
9.245	0.200537
9.255	0.200122
9.265	0.200147
9.275	0.199703
9.285	0.199509
9.295	0.200068
9.305	0.199888
9.315	0.199822
9.325	0.199822
9.335	0.199988
9.345	0.200419
9.355	0.200218
9.365	0.199814
9.375	0.199575
9.385	0.199934
9.395	0.200032
9.405	0.199732
9.415	0.199915
9.425	0.199898
9.435	0.200202
9.445	0.199887
9.455	0.199965
9.465	0.200011
9.475	0.199792
9.485	0.200355
9.495	0.200114
9.505	0.200054
9.515	0.200008
9.525	0.19991
9.535	0.200262
9.545	0.199909
9.555	0.20034
9.565	0.199497
9.575	0.199923
9.585	0.200222
9.595	0.200219
9.605	0.199735
9.615	0.199734
9.625	0.200287
9.635	0.200031
9.645	0.199607
9.655	0.200156
9.665	0.200041
9.675	0.19984
9.685	0.199947
9.695	0.199966
9.705	0.199971
9.715	0.200094
9.725	0.199609
9.735	0.200259
9.745	0.199915
9.755	0.199969
9.765	0.199995
9.775	0.200126
9.785	0.200398
9.795	0.199545
9.805	0.199807
9.815	0.20011
9.825	0.199927
9.835	0.200087
9.845	0.200201
9.855	0.199946
9.865	0.199769
9.875	0.200071
9.885	0.200219
9.895	0.199508
9.905	0.19975
9.915	0.200084
9.925	0.200076
9.935	0.199971
9.945	0.200107
9.955	0.199869
9.965	0.199964
9.975	0.200091
9.985	0.200319
9.995	0.200046
10.005	0.199605
10.015	0.199964
10.025	0.200046
10.035	0.200008
10.045	0.200258
10.055	0.200422
10.065	0.200178
10.075	0.200239
10.085	0.19998
10.095	0.20016
10.105	0.200276
10.115	0.199909
10.125	0.200019
10.135	0.200019
10.145	0.20037
10.155	0.200111
10.165	0.200136
10.175	0.199714
10.185	0.199743
10.195	0.199952
10.205	0.200132
10.215	0.199886
10.225	0.199932
10.235	0.199882
10.245	0.200088
10.255	0.200227
10.265	0.199992
10.275	0.199767
10.285	0.19987
10.295	0.19987
10.305	0.199896
10.315	0.199857
10.325	0.200105
10.335	0.200102
10.345	0.200067
10.355	0.200164
10.365	0.200081
10.375	0.20014
10.385	0.199958
10.395	0.199926
10.405	0.200098
10.415	0.199908
10.425	0.199876
10.435	0.199962
10.445	0.19973
10.455	0.20005
10.465	0.19991
10.475	0.199984
10.485	0.199907
10.495	0.20047
10.505	0.199952
10.515	0.199649
10.525	0.199735
10.535	0.199629
10.545	0.200182
10.555	0.199623
10.565	0.200416
10.575	0.199791
10.585	0.200132
10.595	0.19996
10.605	0.200186
10.615	0.200072
10.625	0.20008
10.635	0.19988
10.645	0.199801
10.655	0.200097
10.665	0.200085
10.675	0.200044
10.685	0.200195
10.695	0.199962
10.705	0.200121
10.715	0.199957
10.725	0.200217
10.735	0.200003
10.745	0.20002
10.755	0.200044
10.765	0.200093
10.775	0.199734
10.785	0.200011
10.795	0.200003
10.805	0.20019
10.815	0.200134
10.825	0.199687
10.835	0.200097
10.845	0.200287
10.855	0.200136
10.865	0.199987
10.875	0.199791
10.885	0.199747
10.895	0.199885
10.905	0.200213
10.915	0.19991
10.925	0.199977
10.935	0.200037
10.945	0.20003
10.955	0.200013
10.965	0.200265
10.975	0.200154
10.985	0.20016
10.995	0.200205
11.005	0.20013
11.015	0.19985
11.025	0.199926
11.035	0.199799
11.045	0.199995
11.055	0.199686
11.065	0.199966
11.075	0.200047
11.085	0.200007
11.095	0.19977
11.105	0.200194
11.115	0.200033
11.125	0.200136
11.135	0.19998
11.145	0.199831
11.155	0.199685
11.165	0.199903
11.175	0.199818
11.185	0.199877
11.195	0.200294
11.205	0.200287
11.215	0.200026
11.225	0.199781
11.235	0.200083
11.245	0.200091
11.255	0.199843
11.265	0.200181
11.275	0.199807
11.285	0.2004
11.295	0.200006
11.305	0.1999
11.315	0.199993
11.325	0.200064
11.335	0.199881
11.345	0.199944
11.355	0.200022
11.365	0.200364
11.375	0.199752
11.385	0.200234
11.395	0.199951
11.405	0.200363
11.415	0.200042
11.425	0.199873
11.435	0.200003
11.445	0.199863
11.455	0.199734
11.465	0.200179
11.475	0.200264
11.485	0.200107
11.495	0.199994
11.505	0.199877
11.515	0.200319
11.525	0.200279
11.535	0.199902
11.545	0.199996
11.555	0.199954
11.565	0.199908
11.575	0.199818
11.585	0.19974
11.595	0.200229
11.605	0.200084
11.615	0.199956
11.625	0.199972
11.635	0.199683
11.645	0.200237
11.655	0.199814
11.665	0.199744
11.675	0.199681
11.685	0.200015
11.695	0.199918
11.705	0.20019
11.715	0.199602
11.725	0.199991
11.735	0.1998
11.745	0.200061
11.755	0.199833
11.765	0.200016
11.775	0.200062
11.785	0.200085
11.795	0.199924
11.805	0.199969
11.815	0.200105
11.825	0.199992
11.835	0.200118
11.845	0.199865
11.855	0.199949
11.865	0.19979
11.875	0.200164
11.885	0.200136
11.895	0.199846
11.905	0.200133
11.915	0.199844
11.925	0.199983
11.935	0.19973
11.945	0.199843
11.955	0.199851
11.965	0.20033
11.975	0.19971
11.985	0.20023
11.995	0.200041
12.005	0.199881
12.015	0.200099
12.025	0.199908
12.035	0.199947
12.045	0.199905
12.055	0.200031
12.065	0.199827
12.075	0.200264
12.085	0.200072
12.095	0.199949
12.105	0.200192
12.115	0.200042
12.125	0.199863
12.135	0.200257
12.145	0.200003
12.155	0.199856
12.165	0.199906
12.175	0.199904
12.185	0.200284
12.195	0.199989
12.205	0.200038
12.215	0.200457
12.225	0.200011
12.235	0.2001
12.245	0.200182
12.255	0.200122
12.265	0.200133
12.275	0.199851
12.285	0.200022
12.295	0.199894
12.305	0.199774
12.315	0.199749
12.325	0.200161
12.335	0.200019
12.345	0.200025
12.355	0.200009
12.365	0.19981
12.375	0.199727
12.385	0.199808
12.395	0.200278
12.405	0.199817
12.415	0.19974
12.425	0.199826
12.435	0.199835
12.445	0.200267
12.455	0.20012
12.465	0.200224
12.475	0.199818
12.485	0.19994
12.495	0.199588
12.505	0.199969
12.515	0.200343
12.525	0.199964
12.535	0.200375
12.545	0.200245
12.555	0.199642
12.565	0.200116
12.575	0.199785
12.585	0.200271
12.595	0.199984
12.605	0.200119
12.615	0.1999
12.625	0.199972
12.635	0.200146
12.645	0.199962
12.655	0.199872
12.665	0.199846
12.675	0.199848
12.685	0.200133
12.695	0.199848
12.705	0.200007
12.715	0.199812
12.725	0.20027
12.735	0.199768
12.745	0.200123
12.755	0.199697
12.765	0.200066
12.775	0.199931
12.785	0.199802
12.795	0.200026
12.805	0.200072
12.815	0.200193
12.825	0.200008
12.835	0.199924
12.845	0.200069
12.855	0.200054
12.865	0.199835
12.875	0.200066
12.885	0.20002
12.895	0.199982
12.905	0.200056
12.915	0.200005
12.925	0.20007
12.935	0.19982
12.945	0.200039
12.955	0.199952
12.965	0.200128
12.975	0.19997
12.985	0.199878
12.995	0.199853
13.005	0.20006
13.015	0.200085
13.025	0.199898
13.035	0.200126
13.045	0.200023
13.055	0.199747
13.065	0.199834
13.075	0.199936
13.085	0.199974
13.095	0.199707
13.105	0.199898
13.115	0.199872
13.125	0.200319
13.135	0.199957
13.145	0.200037
13.155	0.199949
13.165	0.199905
13.175	0.199876
13.185	0.200017
13.195	0.199804
13.205	0.19982
13.215	0.200317
13.225	0.199895
13.235	0.199581
13.245	0.199964
13.255	0.199928
13.265	0.200107
13.275	0.199909
13.285	0.199664
13.295	0.19993
13.305	0.19986
13.315	0.200077
13.325	0.20026
13.335	0.200028
13.345	0.199918
13.355	0.199822
13.365	0.199963
13.375	0.200132
13.385	0.200045
13.395	0.200033
13.405	0.200068
13.415	0.200162
13.425	0.20026
13.435	0.19998
13.445	0.199685
13.455	0.19982
13.465	0.199823
13.475	0.199896
13.485	0.19995
13.495	0.199716
13.505	0.199904
13.515	0.199979
13.525	0.200176
13.535	0.200083
13.545	0.199998
13.555	0.200051
13.565	0.199716
13.575	0.199784
13.585	0.199936
13.595	0.200058
13.605	0.199896
13.615	0.199918
13.625	0.199959
13.635	0.2001
13.645	0.200041
13.655	0.200112
13.665	0.199698
13.675	0.199845
13.685	0.200304
13.695	0.20006
13.705	0.19978
13.715	0.200026
13.725	0.199926
13.735	0.199853
13.745	0.200022
13.755	0.20006
13.765	0.199813
13.775	0.199845
13.785	0.200095
13.795	0.199849
13.805	0.199814
13.815	0.19992
13.825	0.199639
13.835	0.200082
13.845	0.199815
13.855	0.199954
13.865	0.199971
13.875	0.199968
13.885	0.19997
13.895	0.20037
13.905	0.199863
13.915	0.200093
13.925	0.200009
13.935	0.200235
13.945	0.200123
13.955	0.199838
13.965	0.199569
13.975	0.200186
13.985	0.199877
13.995	0.200081
14.005	0.200141
14.015	0.200142
14.025	0.199697
14.035	0.199891
14.045	0.199776
14.055	0.2001
14.065	0.200008
14.075	0.199831
14.085	0.200084
14.095	0.199927
14.105	0.200039
14.115	0.200134
14.125	0.20001
14.135	0.199881
14.145	0.199744
14.155	0.199818
14.165	0.200122
14.175	0.200254
14.185	0.200117
14.195	0.200173
14.205	0.200382
14.215	0.199901
14.225	0.199856
14.235	0.200049
14.245	0.199926
14.255	0.20011
14.265	0.199862
14.275	0.199947
14.285	0.200031
14.295	0.200074
14.305	0.199954
14.315	0.199925
14.325	0.199756
14.335	0.200012
14.345	0.19998
14.355	0.199935
14.365	0.200005
14.375	0.2
14.385	0.199872
14.395	0.200039
14.405	0.199986
14.415	0.200014
14.425	0.199844
14.435	0.199912
14.445	0.199941
14.455	0.199838
14.465	0.200055
14.475	0.199839
14.485	0.199809
14.495	0.200149
14.505	0.199901
14.515	0.200008
14.525	0.200004
14.535	0.199952
14.545	0.199944
14.555	0.200124
14.565	0.200149
14.575	0.200112
14.585	0.199982
14.595	0.200139
14.605	0.199977
14.615	0.200009
14.625	0.200057
14.635	0.200095
14.645	0.200022
14.655	0.200099
14.665	0.20011
14.675	0.200009
14.685	0.199848
14.695	0.199941
14.705	0.199836
14.715	0.199885
14.725	0.19984
14.735	0.199857
14.745	0.20023
14.755	0.199855
14.765	0.200031
14.775	0.200107
14.785	0.199942
14.795	0.199916
14.805	0.200166
14.815	0.200278
14.825	0.200119
14.835	0.200116
14.845	0.200109
14.855	0.199965
14.865	0.199986
14.875	0.200274
14.885	0.200071
14.895	0.199655
14.905	0.200155
14.915	0.199977
14.925	0.199866
14.935	0.200026
14.945	0.199917
14.955	0.199852
14.965	0.199854
14.975	0.199876
14.985	0.199968
