# unused	g3	z	x
0	1.01832	-10	0
0	1.01832	-9.99	0
0	1.01832	-9.98	0
0	1.01832	-9.97	0
0	1.01832	-9.96	0
0	1.01833	-9.95	0
0	1.01833	-9.94	0
0	1.01833	-9.93	0
0	1.01833	-9.92	0
0	1.01833	-9.91	0
0	1.01833	-9.9	0
0	1.01834	-9.89	0
0	1.01834	-9.88	0
0	1.01834	-9.87	0
0	1.01835	-9.86	0
0	1.01835	-9.85	0
0	1.01835	-9.84	0
0	1.01836	-9.83	0
0	1.01836	-9.82	0
0	1.01837	-9.81	0
0	1.01837	-9.8	0
0	1.01838	-9.79	0
0	1.01838	-9.78	0
0	1.01839	-9.77	0
0	1.01839	-9.76	0
0	1.0184	-9.75	0
0	1.01841	-9.74	0
0	1.01841	-9.73	0
0	1.01842	-9.72	0
0	1.01843	-9.71	0
0	1.01843	-9.7	0
0	1.01844	-9.69	0
0	1.01845	-9.68	0
0	1.01846	-9.67	0
0	1.01847	-9.66	0
0	1.01847	-9.65	0
0	1.01848	-9.64	0
0	1.01849	-9.63	0
0	1.0185	-9.62	0
0	1.01851	-9.61	0
0	1.01852	-9.6	0
0	1.01853	-9.59	0
0	1.01853	-9.58	0
0	1.01854	-9.57	0
0	1.01855	-9.56	0
0	1.01856	-9.55	0
0	1.01857	-9.54	0
0	1.01858	-9.53	0
0	1.01859	-9.52	0
0	1.0186	-9.51	0
0	1.01861	-9.5	0
0	1.01862	-9.49	0
0	1.01863	-9.48	0
0	1.01864	-9.47	0
0	1.01865	-9.46	0
0	1.01866	-9.45	0
0	1.01867	-9.44	0
0	1.01868	-9.43	0
0	1.01869	-9.42	0
0	1.01871	-9.41	0
0	1.01872	-9.4	0
0	1.01873	-9.39	0
0	1.01874	-9.38	0
0	1.01875	-9.37	0
0	1.01876	-9.36	0
0	1.01877	-9.35	0
0	1.01878	-9.34	0
0	1.01879	-9.33	0
0	1.0188	-9.32	0
0	1.01881	-9.31	0
0	1.01882	-9.3	0
0	1.01883	-9.29	0
0	1.01884	-9.28	0
0	1.01885	-9.27	0
0	1.01886	-9.26	0
0	1.01887	-9.25	0
0	1.01888	-9.24	0
0	1.01888	-9.23	0
0	1.01889	-9.22	0
0	1.0189	-9.21	0
0	1.01891	-9.2	0
0	1.01892	-9.19	0
0	1.01893	-9.18	0
0	1.01893	-9.17	0
0	1.01894	-9.16	0
0	1.01895	-9.15	0
0	1.01896	-9.14	0
0	1.01896	-9.13	0
0	1.01897	-9.12	0
0	1.01898	-9.11	0
0	1.01898	-9.1	0
0	1.01899	-9.09	0
0	1.01899	-9.08	0
0	1.019	-9.07	0
0	1.019	-9.06	0
0	1.01901	-9.05	0
0	1.01901	-9.04	0
0	1.01902	-9.03	0
0	1.01902	-9.02	0
0	1.01902	-9.01	0
0	1.01902	-9	0
0	1.01903	-8.99	0
0	1.01903	-8.98	0
0	1.01903	-8.97	0
0	1.01903	-8.96	0
0	1.01903	-8.95	0
0	1.01903	-8.94	0
0	1.01903	-8.93	0
0	1.01903	-8.92	0
0	1.01903	-8.91	0
0	1.01903	-8.9	0
0	1.01903	-8.89	0
0	1.01903	-8.88	0
0	1.01902	-8.87	0
0	1.01902	-8.86	0
0	1.01902	-8.85	0
0	1.01902	-8.84	0
0	1.01901	-8.83	0
0	1.019	-8.82	0
0	1.019	-8.81	0
0	1.01899	-8.8	0
0	1.01899	-8.79	0
0	1.01898	-8.78	0
0	1.01897	-8.77	0
0	1.01896	-8.76	0
0	1.01896	-8.75	0
0	1.01895	-8.74	0
0	1.01894	-8.73	0
0	1.01893	-8.72	0
0	1.01892	-8.71	0
0	1.01891	-8.7	0
0	1.01889	-8.69	0
0	1.01888	-8.68	0
0	1.01887	-8.67	0
0	1.01886	-8.66	0
0	1.01884	-8.65	0
0	1.01883	-8.64	0
0	1.01882	-8.63	0
0	1.0188	-8.62	0
0	1.01878	-8.61	0
0	1.01877	-8.6	0
0	1.01875	-8.59	0
0	1.01874	-8.58	0
0	1.01872	-8.57	0
0	1.0187	-8.56	0
0	1.01868	-8.55	0
0	1.01867	-8.54	0
0	1.01865	-8.53	0
0	1.01863	-8.52	0
0	1.01861	-8.51	0
0	1.01859	-8.5	0
0	1.01857	-8.49	0
0	1.01855	-8.48	0
0	1.01852	-8.47	0
0	1.0185	-8.46	0
0	1.01848	-8.45	0
0	1.01846	-8.44	0
0	1.01844	-8.43	0
0	1.01841	-8.42	0
0	1.01839	-8.41	0
0	1.01837	-8.4	0
0	1.01834	-8.39	0
0	1.01832	-8.38	0
0	1.0183	-8.37	0
0	1.01827	-8.36	0
0	1.01825	-8.35	0
0	1.01822	-8.34	0
0	1.0182	-8.33	0
0	1.01817	-8.32	0
0	1.01815	-8.31	0
0	1.01812	-8.3	0
0	1.0181	-8.29	0
0	1.01807	-8.28	0
0	1.01805	-8.27	0
0	1.01802	-8.26	0
0	1.018	-8.25	0
0	1.01797	-8.24	0
0	1.01795	-8.23	0
0	1.01792	-8.22	0
0	1.0179	-8.21	0
0	1.01787	-8.2	0
0	1.01785	-8.19	0
0	1.01782	-8.18	0
0	1.0178	-8.17	0
0	1.01777	-8.16	0
0	1.01775	-8.15	0
0	1.01773	-8.14	0
0	1.0177	-8.13	0
0	1.01768	-8.12	0
0	1.01765	-8.11	0
0	1.01763	-8.1	0
0	1.01761	-8.09	0
0	1.01759	-8.08	0
0	1.01757	-8.07	0
0	1.01755	-8.06	0
0	1.01753	-8.05	0
0	1.01751	-8.04	0
0	1.01749	-8.03	0
0	1.01747	-8.02	0
0	1.01745	-8.01	0
0	1.01744	-8	0
0	1.01742	-7.99	0
0	1.0174	-7.98	0
0	1.01739	-7.97	0
0	1.01737	-7.96	0
0	1.01736	-7.95	0
0	1.01735	-7.94	0
0	1.01733	-7.93	0
0	1.01732	-7.92	0
0	1.01731	-7.91	0
0	1.0173	-7.9	0
0	1.01729	-7.89	0
0	1.01729	-7.88	0
0	1.01728	-7.87	0
0	1.01727	-7.86	0
0	1.01727	-7.85	0
0	1.01726	-7.84	0
0	1.01726	-7.83	0
0	1.01726	-7.82	0
0	1.01726	-7.81	0
0	1.01726	-7.8	0
0	1.01726	-7.79	0
0	1.01726	-7.78	0
0	1.01727	-7.77	0
0	1.01727	-7.76	0
0	1.01728	-7.75	0
0	1.01729	-7.74	0
0	1.0173	-7.73	0
0	1.01731	-7.72	0
0	1.01731	-7.71	0
0	1.01733	-7.7	0
0	1.01735	-7.69	0
0	1.01736	-7.68	0
0	1.01738	-7.67	0
0	1.0174	-7.66	0
0	1.01741	-7.65	0
0	1.01743	-7.64	0
0	1.01746	-7.63	0
0	1.01748	-7.62	0
0	1.01751	-7.61	0
0	1.01753	-7.6	0
0	1.01756	-7.59	0
0	1.01758	-7.58	0
0	1.01761	-7.57	0
0	1.01765	-7.56	0
0	1.01768	-7.55	0
0	1.01772	-7.54	0
0	1.01775	-7.53	0
0	1.01779	-7.52	0
0	1.01782	-7.51	0
0	1.01786	-7.5	0
0	1.01791	-7.49	0
0	1.01795	-7.48	0
0	1.018	-7.47	0
0	1.01804	-7.46	0
0	1.01808	-7.45	0
0	1.01813	-7.44	0
0	1.01818	-7.43	0
0	1.01823	-7.42	0
0	1.01828	-7.41	0
0	1.01833	-7.4	0
0	1.01839	-7.39	0
0	1.01844	-7.38	0
0	1.01849	-7.37	0
0	1.01855	-7.36	0
0	1.01861	-7.35	0
0	1.01867	-7.34	0
0	1.01873	-7.33	0
0	1.01879	-7.32	0
0	1.01885	-7.31	0
0	1.01891	-7.3	0
0	1.01897	-7.29	0
0	1.01904	-7.28	0
0	1.0191	-7.27	0
0	1.01917	-7.26	0
0	1.01923	-7.25	0
0	1.0193	-7.24	0
0	1.01936	-7.23	0
0	1.01943	-7.22	0
0	1.0195	-7.21	0
0	1.01957	-7.2	0
0	1.01964	-7.19	0
0	1.0197	-7.18	0
0	1.01977	-7.17	0
0	1.01984	-7.16	0
0	1.01991	-7.15	0
0	1.01998	-7.14	0
0	1.02005	-7.13	0
0	1.02012	-7.12	0
0	1.02019	-7.11	0
0	1.02025	-7.1	0
0	1.02032	-7.09	0
0	1.02039	-7.08	0
0	1.02045	-7.07	0
0	1.02052	-7.06	0
0	1.02059	-7.05	0
0	1.02065	-7.04	0
0	1.02072	-7.03	0
0	1.02078	-7.02	0
0	1.02084	-7.01	0
0	1.0209	-7	0
0	1.02096	-6.99	0
0	1.02103	-6.98	0
0	1.02108	-6.97	0
0	1.02114	-6.96	0
0	1.02119	-6.95	0
0	1.02124	-6.94	0
0	1.0213	-6.93	0
0	1.02135	-6.92	0
0	1.0214	-6.91	0
0	1.02144	-6.9	0
0	1.02149	-6.89	0
0	1.02153	-6.88	0
0	1.02157	-6.87	0
0	1.02161	-6.86	0
0	1.02165	-6.85	0
0	1.02169	-6.84	0
0	1.02171	-6.83	0
0	1.02174	-6.82	0
0	1.02176	-6.81	0
0	1.02179	-6.8	0
0	1.02181	-6.79	0
0	1.02184	-6.78	0
0	1.02185	-6.77	0
0	1.02186	-6.76	0
0	1.02186	-6.75	0
0	1.02187	-6.74	0
0	1.02188	-6.73	0
0	1.02188	-6.72	0
0	1.02189	-6.71	0
0	1.02187	-6.7	0
0	1.02186	-6.69	0
0	1.02184	-6.68	0
0	1.02182	-6.67	0
0	1.02181	-6.66	0
0	1.02179	-6.65	0
0	1.02176	-6.64	0
0	1.02172	-6.63	0
0	1.02168	-6.62	0
0	1.02164	-6.61	0
0	1.0216	-6.6	0
0	1.02156	-6.59	0
0	1.02152	-6.58	0
0	1.02145	-6.57	0
0	1.02139	-6.56	0
0	1.02132	-6.55	0
0	1.02125	-6.54	0
0	1.02118	-6.53	0
0	1.02111	-6.52	0
0	1.02104	-6.51	0
0	1.02094	-6.5	0
0	1.02085	-6.49	0
0	1.02075	-6.48	0
0	1.02065	-6.47	0
0	1.02056	-6.46	0
0	1.02046	-6.45	0
0	1.02035	-6.44	0
0	1.02022	-6.43	0
0	1.0201	-6.42	0
0	1.01998	-6.41	0
0	1.01985	-6.4	0
0	1.01973	-6.39	0
0	1.0196	-6.38	0
0	1.01945	-6.37	0
0	1.0193	-6.36	0
0	1.01915	-6.35	0
0	1.019	-6.34	0
0	1.01885	-6.33	0
0	1.0187	-6.32	0
0	1.01854	-6.31	0
0	1.01836	-6.3	0
0	1.01819	-6.29	0
0	1.01801	-6.28	0
0	1.01783	-6.27	0
0	1.01766	-6.26	0
0	1.01748	-6.25	0
0	1.01729	-6.24	0
0	1.0171	-6.23	0
0	1.0169	-6.22	0
0	1.0167	-6.21	0
0	1.01651	-6.2	0
0	1.01631	-6.19	0
0	1.01611	-6.18	0
0	1.0159	-6.17	0
0	1.01569	-6.16	0
0	1.01548	-6.15	0
0	1.01527	-6.14	0
0	1.01506	-6.13	0
0	1.01484	-6.12	0
0	1.01463	-6.11	0
0	1.01441	-6.1	0
0	1.01419	-6.09	0
0	1.01397	-6.08	0
0	1.01375	-6.07	0
0	1.01353	-6.06	0
0	1.01331	-6.05	0
0	1.01308	-6.04	0
0	1.01286	-6.03	0
0	1.01264	-6.02	0
0	1.01242	-6.01	0
0	1.0122	-6	0
0	1.01198	-5.99	0
0	1.01176	-5.98	0
0	1.01154	-5.97	0
0	1.01133	-5.96	0
0	1.01112	-5.95	0
0	1.0109	-5.94	0
0	1.01069	-5.93	0
0	1.01048	-5.92	0
0	1.01027	-5.91	0
0	1.01007	-5.9	0
0	1.00988	-5.89	0
0	1.00968	-5.88	0
0	1.00948	-5.87	0
0	1.00929	-5.86	0
0	1.00909	-5.85	0
0	1.00892	-5.84	0
0	1.00875	-5.83	0
0	1.00858	-5.82	0
0	1.00841	-5.81	0
0	1.00824	-5.8	0
0	1.00808	-5.79	0
0	1.00791	-5.78	0
0	1.00778	-5.77	0
0	1.00765	-5.76	0
0	1.00752	-5.75	0
0	1.00739	-5.74	0
0	1.00726	-5.73	0
0	1.00713	-5.72	0
0	1.00702	-5.71	0
0	1.00694	-5.7	0
0	1.00686	-5.69	0
0	1.00678	-5.68	0
0	1.0067	-5.67	0
0	1.00662	-5.66	0
0	1.00654	-5.65	0
0	1.0065	-5.64	0
0	1.00648	-5.63	0
0	1.00646	-5.62	0
0	1.00643	-5.61	0
0	1.00641	-5.6	0
0	1.00639	-5.59	0
0	1.00637	-5.58	0
0	1.00642	-5.57	0
0	1.00646	-5.56	0
0	1.00651	-5.55	0
0	1.00655	-5.54	0
0	1.0066	-5.53	0
0	1.00664	-5.52	0
0	1.00672	-5.51	0
0	1.00684	-5.5	0
0	1.00696	-5.49	0
0	1.00708	-5.48	0
0	1.0072	-5.47	0
0	1.00732	-5.46	0
0	1.00744	-5.45	0
0	1.00763	-5.44	0
0	1.00783	-5.43	0
0	1.00803	-5.42	0
0	1.00823	-5.41	0
0	1.00843	-5.4	0
0	1.00863	-5.39	0
0	1.00885	-5.38	0
0	1.00914	-5.37	0
0	1.00942	-5.36	0
0	1.00971	-5.35	0
0	1.00999	-5.34	0
0	1.01028	-5.33	0
0	1.01056	-5.32	0
0	1.0109	-5.31	0
0	1.01127	-5.3	0
0	1.01164	-5.29	0
0	1.01201	-5.28	0
0	1.01239	-5.27	0
0	1.01276	-5.26	0
0	1.01313	-5.25	0
0	1.01358	-5.24	0
0	1.01404	-5.23	0
0	1.01449	-5.22	0
0	1.01495	-5.21	0
0	1.01541	-5.2	0
0	1.01587	-5.19	0
0	1.01634	-5.18	0
0	1.01688	-5.17	0
0	1.01742	-5.16	0
0	1.01795	-5.15	0
0	1.01849	-5.14	0
0	1.01903	-5.13	0
0	1.01956	-5.12	0
0	1.02014	-5.11	0
0	1.02075	-5.1	0
0	1.02135	-5.09	0
0	1.02196	-5.08	0
0	1.02257	-5.07	0
0	1.02317	-5.06	0
0	1.02378	-5.05	0
0	1.02444	-5.04	0
0	1.0251	-5.03	0
0	1.02577	-5.02	0
0	1.02643	-5.01	0
0	1.02709	-5	0
0	1.02775	-4.99	0
0	1.02843	-4.98	0
0	1.02912	-4.97	0
0	1.02982	-4.96	0
0	1.03052	-4.95	0
0	1.03122	-4.94	0
0	1.03192	-4.93	0
0	1.03262	-4.92	0
0	1.03333	-4.91	0
0	1.03404	-4.9	0
0	1.03475	-4.89	0
0	1.03546	-4.88	0
0	1.03617	-4.87	0
0	1.03688	-4.86	0
0	1.03759	-4.85	0
0	1.03828	-4.84	0
0	1.03897	-4.83	0
0	1.03966	-4.82	0
0	1.04035	-4.81	0
0	1.04104	-4.8	0
0	1.04173	-4.79	0
0	1.0424	-4.78	0
0	1.04303	-4.77	0
0	1.04367	-4.76	0
0	1.0443	-4.75	0
0	1.04494	-4.74	0
0	1.04557	-4.73	0
0	1.04621	-4.72	0
0	1.04677	-4.71	0
0	1.0473	-4.7	0
0	1.04784	-4.69	0
0	1.04838	-4.68	0
0	1.04891	-4.67	0
0	1.04945	-4.66	0
0	1.04997	-4.65	0
0	1.05036	-4.64	0
0	1.05075	-4.63	0
0	1.05115	-4.62	0
0	1.05154	-4.61	0
0	1.05193	-4.6	0
0	1.05232	-4.59	0
0	1.05262	-4.58	0
0	1.05282	-4.57	0
0	1.05302	-4.56	0
0	1.05323	-4.55	0
0	1.05343	-4.54	0
0	1.05363	-4.53	0
0	1.05383	-4.52	0
0	1.05383	-4.51	0
0	1.05379	-4.5	0
0	1.05375	-4.49	0
0	1.05372	-4.48	0
0	1.05368	-4.47	0
0	1.05364	-4.46	0
0	1.05355	-4.45	0
0	1.05324	-4.44	0
0	1.05292	-4.43	0
0	1.0526	-4.42	0
0	1.05229	-4.41	0
0	1.05197	-4.4	0
0	1.05165	-4.39	0
0	1.05117	-4.38	0
0	1.05054	-4.37	0
0	1.04991	-4.36	0
0	1.04929	-4.35	0
0	1.04866	-4.34	0
0	1.04803	-4.33	0
0	1.0474	-4.32	0
0	1.04648	-4.31	0
0	1.04553	-4.3	0
0	1.04457	-4.29	0
0	1.04362	-4.28	0
0	1.04266	-4.27	0
0	1.04171	-4.26	0
0	1.04067	-4.25	0
0	1.03939	-4.24	0
0	1.03811	-4.23	0
0	1.03682	-4.22	0
0	1.03554	-4.21	0
0	1.03426	-4.2	0
0	1.03298	-4.19	0
0	1.03151	-4.18	0
0	1.02992	-4.17	0
0	1.02833	-4.16	0
0	1.02674	-4.15	0
0	1.02515	-4.14	0
0	1.02357	-4.13	0
0	1.02198	-4.12	0
0	1.02013	-4.11	0
0	1.01828	-4.1	0
0	1.01643	-4.09	0
0	1.01457	-4.08	0
0	1.01272	-4.07	0
0	1.01086	-4.06	0
0	1.00894	-4.05	0
0	1.00689	-4.04	0
0	1.00483	-4.03	0
0	1.00277	-4.02	0
0	1.00071	-4.01	0
0	0.998649	-4	0
0	0.996589	-3.99	0
0	0.994443	-3.98	0
0	0.992254	-3.97	0
0	0.990064	-3.96	0
0	0.987875	-3.95	0
0	0.985686	-3.94	0
0	0.983496	-3.93	0
0	0.981305	-3.92	0
0	0.979071	-3.91	0
0	0.976837	-3.9	0
0	0.974603	-3.89	0
0	0.972368	-3.88	0
0	0.970133	-3.87	0
0	0.967899	-3.86	0
0	0.965681	-3.85	0
0	0.963491	-3.84	0
0	0.961301	-3.83	0
0	0.959111	-3.82	0
0	0.956921	-3.81	0
0	0.95473	-3.8	0
0	0.95254	-3.79	0
0	0.950448	-3.78	0
0	0.94839	-3.77	0
0	0.946333	-3.76	0
0	0.944275	-3.75	0
0	0.942218	-3.74	0
0	0.94016	-3.73	0
0	0.938123	-3.72	0
0	0.936282	-3.71	0
0	0.934441	-3.7	0
0	0.9326	-3.69	0
0	0.930759	-3.68	0
0	0.928917	-3.67	0
0	0.927076	-3.66	0
0	0.925366	-3.65	0
0	0.923817	-3.64	0
0	0.922268	-3.63	0
0	0.920719	-3.62	0
0	0.91917	-3.61	0
0	0.917621	-3.6	0
0	0.916071	-3.59	0
0	0.914811	-3.58	0
0	0.913622	-3.57	0
0	0.912432	-3.56	0
0	0.911242	-3.55	0
0	0.910052	-3.54	0
0	0.908862	-3.53	0
0	0.907738	-3.52	0
0	0.906967	-3.51	0
0	0.906195	-3.5	0
0	0.905423	-3.49	0
0	0.904651	-3.48	0
0	0.903879	-3.47	0
0	0.903106	-3.46	0
0	0.902576	-3.45	0
0	0.902274	-3.44	0
0	0.901972	-3.43	0
0	0.901669	-3.42	0
0	0.901366	-3.41	0
0	0.901063	-3.4	0
0	0.900759	-3.39	0
0	0.900906	-3.38	0
0	0.90112	-3.37	0
0	0.901334	-3.36	0
0	0.901547	-3.35	0
0	0.90176	-3.34	0
0	0.901972	-3.33	0
0	0.902311	-3.32	0
0	0.903085	-3.31	0
0	0.903859	-3.3	0
0	0.904632	-3.29	0
0	0.905405	-3.28	0
0	0.906177	-3.27	0
0	0.906949	-3.26	0
0	0.908073	-3.25	0
0	0.909451	-3.24	0
0	0.910828	-3.23	0
0	0.912204	-3.22	0
0	0.91358	-3.21	0
0	0.914956	-3.2	0
0	0.916331	-3.19	0
0	0.918316	-3.18	0
0	0.920343	-3.17	0
0	0.922369	-3.16	0
0	0.924394	-3.15	0
0	0.926419	-3.14	0
0	0.928443	-3.13	0
0	0.930672	-3.12	0
0	0.933398	-3.11	0
0	0.936124	-3.1	0
0	0.938849	-3.09	0
0	0.941573	-3.08	0
0	0.944296	-3.07	0
0	0.947019	-3.06	0
0	0.950233	-3.05	0
0	0.953714	-3.04	0
0	0.957195	-3.03	0
0	0.960674	-3.02	0
0	0.964153	-3.01	0
0	0.967631	-3	0
0	0.971111	-2.99	0
0	0.975411	-2.98	0
0	0.979711	-2.97	0
0	0.98401	-2.96	0
0	0.988309	-2.95	0
0	0.992606	-2.94	0
0	0.996902	-2.93	0
0	1.00152	-2.92	0
0	1.00671	-2.91	0
0	1.01191	-2.9	0
0	1.0171	-2.89	0
0	1.02229	-2.88	0
0	1.02748	-2.87	0
0	1.03266	-2.86	0
0	1.03856	-2.85	0
0	1.04473	-2.84	0
0	1.0509	-2.83	0
0	1.05707	-2.82	0
0	1.06323	-2.81	0
0	1.0694	-2.8	0
0	1.07564	-2.79	0
0	1.08289	-2.78	0
0	1.09014	-2.77	0
0	1.09738	-2.76	0
0	1.10463	-2.75	0
0	1.11187	-2.74	0
0	1.11911	-2.73	0
0	1.12687	-2.72	0
0	1.13531	-2.71	0
0	1.14375	-2.7	0
0	1.15218	-2.69	0
0	1.16062	-2.68	0
0	1.16905	-2.67	0
0	1.17748	-2.66	0
0	1.18696	-2.65	0
0	1.19672	-2.64	0
0	1.20649	-2.63	0
0	1.21625	-2.62	0
0	1.22601	-2.61	0
0	1.23576	-2.6	0
0	1.24572	-2.59	0
0	1.25697	-2.58	0
0	1.26821	-2.57	0
0	1.27945	-2.56	0
0	1.29069	-2.55	0
0	1.30193	-2.54	0
0	1.31316	-2.53	0
0	1.32522	-2.52	0
0	1.33813	-2.51	0
0	1.35103	-2.5	0
0	1.36393	-2.49	0
0	1.37683	-2.48	0
0	1.38972	-2.47	0
0	1.40261	-2.46	0
0	1.4171	-2.45	0
0	1.43188	-2.44	0
0	1.44665	-2.43	0
0	1.46142	-2.42	0
0	1.47618	-2.41	0
0	1.49095	-2.4	0
0	1.50614	-2.39	0
0	1.52303	-2.38	0
0	1.53992	-2.37	0
0	1.55681	-2.36	0
0	1.57369	-2.35	0
0	1.59057	-2.34	0
0	1.60745	-2.33	0
0	1.62568	-2.32	0
0	1.64498	-2.31	0
0	1.66427	-2.3	0
0	1.68356	-2.29	0
0	1.70284	-2.28	0
0	1.72212	-2.27	0
0	1.7414	-2.26	0
0	1.7632	-2.25	0
0	1.78524	-2.24	0
0	1.80727	-2.23	0
0	1.82929	-2.22	0
0	1.85131	-2.21	0
0	1.87332	-2.2	0
0	1.89618	-2.19	0
0	1.92135	-2.18	0
0	1.94651	-2.17	0
0	1.97166	-2.16	0
0	1.9968	-2.15	0
0	2.02194	-2.14	0
0	2.04707	-2.13	0
0	2.07446	-2.12	0
0	2.10319	-2.11	0
0	2.13192	-2.1	0
0	2.13192	-2.1	0
0	2.13152	-2.09997	0.0105
0	2.13127	-2.0999	0.0209997
0	2.13117	-2.09976	0.0314988
0	2.13122	-2.09958	0.0419972
0	2.13143	-2.09934	0.0524945
0	2.13178	-2.09906	0.0629906
0	2.13165	-2.09871	0.073485
0	2.13135	-2.09832	0.0839776
0	2.13121	-2.09787	0.0944681
0	2.13121	-2.09738	0.104956
0	2.13135	-2.09682	0.115442
0	2.13164	-2.09622	0.125924
0	2.13177	-2.09557	0.136404
0	2.13142	-2.09486	0.14688
0	2.13121	-2.0941	0.157352
0	2.13114	-2.09328	0.167821
0	2.13121	-2.09242	0.178285
0	2.13142	-2.0915	0.188745
0	2.13177	-2.09053	0.1992
0	2.13135	-2.08951	0.20965
0	2.13106	-2.08843	0.220095
0	2.1309	-2.08731	0.230534
0	2.13087	-2.08613	0.240968
0	2.13097	-2.0849	0.251396
0	2.13119	-2.08362	0.261817
0	2.131	-2.08228	0.272232
0	2.1306	-2.08089	0.28264
0	2.13032	-2.07945	0.293041
0	2.13015	-2.07796	0.303434
0	2.1301	-2.07642	0.31382
0	2.13016	-2.07482	0.324198
0	2.13015	-2.07318	0.334568
0	2.12961	-2.07148	0.34493
0	2.12917	-2.06973	0.355283
0	2.12884	-2.06793	0.365627
0	2.1286	-2.06607	0.375962
0	2.12846	-2.06417	0.386288
0	2.12842	-2.06221	0.396604
0	2.12787	-2.0602	0.40691
0	2.12784	-2.05814	0.417206
0	2.12806	-2.05603	0.427491
0	2.12837	-2.05386	0.437766
0	2.12876	-2.05165	0.44803
0	2.12924	-2.04938	0.458282
0	2.12958	-2.04707	0.468523
0	2.12953	-2.0447	0.478753
0	2.12955	-2.04228	0.48897
0	2.12964	-2.03981	0.499176
0	2.12979	-2.03729	0.509368
0	2.13001	-2.03472	0.519548
0	2.13029	-2.03209	0.529715
0	2.13013	-2.02942	0.539869
0	2.12991	-2.02669	0.550009
0	2.12973	-2.02392	0.560136
0	2.1296	-2.02109	0.570249
0	2.12952	-2.01822	0.580347
0	2.12947	-2.01529	0.590431
0	2.12933	-2.01231	0.6005
0	2.12882	-2.00928	0.610554
0	2.12835	-2.00621	0.620592
0	2.1279	-2.00308	0.630616
0	2.12747	-1.9999	0.640623
0	2.12706	-1.99667	0.650615
0	2.12666	-1.99339	0.66059
0	2.12711	-1.99007	0.670548
0	2.1274	-1.98669	0.68049
0	2.1277	-1.98326	0.690415
0	2.12798	-1.97978	0.700323
0	2.12826	-1.97626	0.710213
0	2.12853	-1.97268	0.720085
0	2.12878	-1.96906	0.72994
0	2.12872	-1.96538	0.739776
0	2.12861	-1.96166	0.749594
0	2.12847	-1.95789	0.759392
0	2.1283	-1.95407	0.769172
0	2.1281	-1.9502	0.778933
0	2.12787	-1.94628	0.788674
0	2.12757	-1.94231	0.798396
0	2.12704	-1.93829	0.808097
0	2.12647	-1.93423	0.817779
0	2.12586	-1.93012	0.827439
0	2.12548	-1.92595	0.83708
0	2.12603	-1.92174	0.846699
0	2.12651	-1.91749	0.856297
0	2.12689	-1.91318	0.865874
0	2.12711	-1.90883	0.875429
0	2.12726	-1.90443	0.884962
0	2.12732	-1.89998	0.894473
0	2.1273	-1.89548	0.903962
0	2.12719	-1.89094	0.913428
0	2.12698	-1.88635	0.922871
0	2.12669	-1.88171	0.932291
0	2.12632	-1.87703	0.941688
0	2.12586	-1.87229	0.951061
0	2.1253	-1.86751	0.960411
0	2.12464	-1.86269	0.969736
0	2.12462	-1.85782	0.979038
0	2.12508	-1.8529	0.988314
0	2.12543	-1.84793	0.997566
0	2.12578	-1.84292	1.00679
0	2.12599	-1.83787	1.016
0	2.12608	-1.83276	1.02517
0	2.12602	-1.82761	1.03432
0	2.12583	-1.82242	1.04345
0	2.12549	-1.81718	1.05255
0	2.12502	-1.81189	1.06162
0	2.12462	-1.80656	1.07067
0	2.12414	-1.80119	1.07969
0	2.12352	-1.79577	1.08868
0	2.12368	-1.7903	1.09764
0	2.12412	-1.78479	1.10658
0	2.12437	-1.77924	1.11549
0	2.12445	-1.77364	1.12437
0	2.12451	-1.76799	1.13323
0	2.12464	-1.7623	1.14205
0	2.12459	-1.75657	1.15085
0	2.12437	-1.7508	1.15962
0	2.12398	-1.74498	1.16836
0	2.1234	-1.73911	1.17707
0	2.12265	-1.7332	1.18575
0	2.12178	-1.72725	1.1944
0	2.12245	-1.72126	1.20302
0	2.12301	-1.71522	1.21161
0	2.12337	-1.70914	1.22017
0	2.12353	-1.70302	1.2287
0	2.12347	-1.69686	1.2372
0	2.12321	-1.69065	1.24567
0	2.12273	-1.6844	1.25411
0	2.12205	-1.67811	1.26252
0	2.12183	-1.67178	1.27089
0	2.12142	-1.6654	1.27923
0	2.12125	-1.65898	1.28755
0	2.12173	-1.65253	1.29582
0	2.12197	-1.64603	1.30407
0	2.12198	-1.63948	1.31228
0	2.12176	-1.6329	1.32047
0	2.1213	-1.62628	1.32861
0	2.12138	-1.61962	1.33673
0	2.12127	-1.61291	1.34481
0	2.12096	-1.60617	1.35286
0	2.12042	-1.59938	1.36087
0	2.12006	-1.59256	1.36885
0	2.1203	-1.5857	1.3768
0	2.12029	-1.57879	1.38471
0	2.12003	-1.57185	1.39258
0	2.12011	-1.56487	1.40043
0	2.12029	-1.55784	1.40823
0	2.12024	-1.55078	1.416
0	2.11996	-1.54368	1.42374
0	2.11946	-1.53655	1.43144
0	2.11873	-1.52937	1.43911
0	2.11872	-1.52216	1.44674
0	2.11863	-1.5149	1.45433
0	2.11829	-1.50761	1.46188
0	2.11872	-1.50028	1.4694
0	2.11892	-1.49292	1.47689
0	2.11889	-1.48552	1.48433
0	2.11863	-1.47808	1.49174
0	2.11814	-1.4706	1.49911
0	2.11741	-1.46308	1.50645
0	2.11731	-1.45553	1.51374
0	2.11711	-1.44795	1.521
0	2.11666	-1.44032	1.52822
0	2.11709	-1.43266	1.53541
0	2.1173	-1.42497	1.54255
0	2.11729	-1.41724	1.54966
0	2.11704	-1.40947	1.55672
0	2.11657	-1.40167	1.56375
0	2.11605	-1.39384	1.57074
0	2.11603	-1.38596	1.57769
0	2.11575	-1.37806	1.5846
0	2.11522	-1.37012	1.59147
0	2.1151	-1.36214	1.5983
0	2.11533	-1.35414	1.60509
0	2.11535	-1.34609	1.61184
0	2.11516	-1.33802	1.61855
0	2.11475	-1.32991	1.62522
0	2.11482	-1.32177	1.63185
0	2.11476	-1.31359	1.63844
0	2.11445	-1.30538	1.64499
0	2.11391	-1.29714	1.65149
0	2.11314	-1.28887	1.65796
0	2.1128	-1.28056	1.66438
0	2.11291	-1.27222	1.67076
0	2.11283	-1.26385	1.6771
0	2.1131	-1.25545	1.6834
0	2.11327	-1.24702	1.68966
0	2.11323	-1.23855	1.69587
0	2.11298	-1.23006	1.70204
0	2.11252	-1.22153	1.70817
0	2.11186	-1.21298	1.71426
0	2.111	-1.20439	1.7203
0	2.10994	-1.19578	1.7263
0	2.11028	-1.18713	1.73226
0	2.11072	-1.17845	1.73817
0	2.11098	-1.16975	1.74404
0	2.11106	-1.16101	1.74987
0	2.11096	-1.15225	1.75565
0	2.11069	-1.14346	1.76139
0	2.11025	-1.13463	1.76709
0	2.10981	-1.12579	1.77274
0	2.10942	-1.11691	1.77835
0	2.10885	-1.108	1.78391
0	2.1081	-1.09907	1.78943
0	2.1074	-1.09011	1.7949
0	2.10769	-1.08112	1.80033
0	2.10785	-1.0721	1.80571
0	2.10786	-1.06306	1.81105
0	2.10801	-1.05399	1.81634
0	2.10801	-1.0449	1.82159
0	2.10788	-1.03578	1.82679
0	2.1076	-1.02663	1.83195
0	2.10719	-1.01746	1.83706
0	2.10664	-1.00826	1.84212
0	2.10596	-0.999038	1.84714
0	2.10525	-0.98979	1.85211
0	2.10446	-0.980517	1.85704
0	2.10393	-0.971219	1.86192
0	2.10424	-0.961898	1.86675
0	2.10445	-0.952552	1.87154
0	2.10456	-0.943182	1.87627
0	2.10457	-0.933789	1.88097
0	2.10451	-0.924373	1.88561
0	2.10436	-0.914933	1.89021
0	2.10411	-0.905471	1.89476
0	2.10378	-0.895986	1.89927
0	2.10337	-0.886478	1.90372
0	2.10287	-0.876948	1.90813
0	2.10229	-0.867397	1.91249
0	2.10157	-0.857824	1.9168
0	2.10073	-0.848229	1.92107
0	2.09983	-0.838613	1.92529
0	2.09963	-0.828976	1.92946
0	2.09987	-0.819319	1.93358
0	2.10006	-0.80964	1.93765
0	2.10021	-0.799942	1.94167
0	2.10016	-0.790224	1.94565
0	2.10001	-0.780486	1.94957
0	2.09983	-0.770728	1.95345
0	2.09962	-0.760951	1.95728
0	2.09937	-0.751155	1.96106
0	2.0991	-0.741341	1.96479
0	2.09881	-0.731508	1.96848
0	2.09819	-0.721656	1.97211
0	2.09754	-0.711787	1.97569
0	2.09687	-0.701899	1.97923
0	2.09619	-0.691994	1.98271
0	2.09551	-0.682072	1.98615
0	2.09482	-0.672133	1.98953
0	2.09404	-0.662177	1.99287
0	2.09386	-0.652204	1.99615
0	2.09386	-0.642216	1.99939
0	2.09388	-0.632211	2.00258
0	2.09392	-0.62219	2.00571
0	2.09397	-0.612154	2.0088
0	2.09406	-0.602102	2.01183
0	2.09386	-0.592035	2.01482
0	2.09349	-0.581954	2.01775
0	2.09316	-0.571858	2.02064
0	2.09286	-0.561748	2.02347
0	2.09261	-0.551623	2.02626
0	2.09241	-0.541485	2.02899
0	2.09223	-0.531333	2.03167
0	2.09153	-0.521168	2.0343
0	2.09088	-0.51099	2.03688
0	2.0903	-0.5008	2.03941
0	2.08977	-0.490596	2.04189
0	2.08932	-0.480381	2.04432
0	2.08893	-0.470153	2.04669
0	2.08827	-0.459914	2.04902
0	2.08735	-0.449663	2.05129
0	2.08652	-0.439401	2.05352
0	2.08577	-0.429128	2.05569
0	2.08511	-0.418844	2.05781
0	2.08456	-0.40855	2.05988
0	2.08477	-0.398246	2.06189
0	2.08436	-0.387931	2.06386
0	2.08404	-0.377607	2.06577
0	2.08382	-0.367274	2.06763
0	2.08368	-0.356931	2.06944
0	2.08365	-0.346579	2.0712
0	2.08371	-0.336219	2.07291
0	2.08338	-0.32585	2.07457
0	2.08286	-0.315473	2.07617
0	2.08244	-0.305089	2.07772
0	2.08213	-0.294696	2.07922
0	2.08193	-0.284297	2.08067
0	2.08185	-0.27389	2.08206
0	2.08169	-0.263476	2.08341
0	2.08099	-0.253056	2.0847
0	2.08042	-0.242629	2.08594
0	2.07997	-0.232197	2.08712
0	2.07964	-0.221758	2.08826
0	2.07944	-0.211314	2.08934
0	2.07937	-0.200865	2.09037
0	2.07867	-0.19041	2.09135
0	2.07798	-0.179951	2.09228
0	2.07742	-0.169488	2.09315
0	2.077	-0.15902	2.09397
0	2.07671	-0.148548	2.09474
0	2.07655	-0.138073	2.09546
0	2.07608	-0.127594	2.09612
0	2.0753	-0.117111	2.09673
0	2.07466	-0.106626	2.09729
0	2.07416	-0.0961387	2.0978
0	2.07381	-0.0856485	2.09825
0	2.07359	-0.0751562	2.09865
0	2.07337	-0.0646621	2.099
0	2.07252	-0.0541663	2.0993
0	2.07182	-0.0436691	2.09955
0	2.07127	-0.0331709	2.09974
0	2.07086	-0.0226718	2.09988
0	2.07059	-0.0121722	2.09996
0	2.07048	-0.00167229	2.1
0	2.06973	0.00882769	2.09998
0	2.06898	0.0193274	2.09991
0	2.06838	0.0298267	2.09979
0	2.06793	0.0403252	2.09961
0	2.06762	0.0508228	2.09938
0	2.06745	0.061319	2.0991
0	2.06696	0.0718137	2.09877
0	2.06617	0.0823066	2.09839
0	2.06552	0.0927975	2.09795
0	2.06502	0.103286	2.09746
0	2.06466	0.113772	2.09692
0	2.06443	0.124255	2.09632
0	2.0642	0.134735	2.09567
0	2.06336	0.145212	2.09497
0	2.06265	0.155685	2.09422
0	2.06209	0.166154	2.09342
0	2.06166	0.176619	2.09256
0	2.06136	0.187079	2.09165
0	2.0612	0.197535	2.09069
0	2.06045	0.207986	2.08968
0	2.05968	0.218432	2.08861
0	2.05903	0.228872	2.08749
0	2.05851	0.239307	2.08632
0	2.05812	0.249735	2.0851
0	2.05785	0.260158	2.08382
0	2.05732	0.270573	2.0825
0	2.05646	0.280982	2.08112
0	2.05571	0.291385	2.07969
0	2.05508	0.301779	2.0782
0	2.05456	0.312166	2.07667
0	2.05415	0.322546	2.07508
0	2.05381	0.332917	2.07344
0	2.05283	0.34328	2.07175
0	2.05196	0.353635	2.07001
0	2.05119	0.36398	2.06822
0	2.05052	0.374317	2.06637
0	2.04995	0.384644	2.06447
0	2.04947	0.394961	2.06252
0	2.04862	0.405269	2.06052
0	2.04807	0.415567	2.05847
0	2.04786	0.425854	2.05637
0	2.04774	0.43613	2.05421
0	2.04771	0.446396	2.05201
0	2.04777	0.45665	2.04975
0	2.0478	0.466893	2.04744
0	2.04737	0.477124	2.04508
0	2.04701	0.487344	2.04267
0	2.04673	0.497551	2.04021
0	2.04651	0.507746	2.03769
0	2.04637	0.517928	2.03513
0	2.04629	0.528097	2.03251
0	2.04589	0.538253	2.02985
0	2.04535	0.548395	2.02713
0	2.04487	0.558524	2.02436
0	2.04443	0.568639	2.02155
0	2.04405	0.57874	2.01868
0	2.04372	0.588826	2.01576
0	2.04339	0.598897	2.01279
0	2.04264	0.608953	2.00977
0	2.04193	0.618995	2.0067
0	2.04126	0.62902	2.00358
0	2.04062	0.63903	2.00041
0	2.04002	0.649024	1.99719
0	2.03944	0.659002	1.99392
0	2.03958	0.668963	1.9906
0	2.03969	0.678908	1.98723
0	2.03982	0.688836	1.98381
0	2.03995	0.698746	1.98034
0	2.0401	0.708639	1.97682
0	2.04025	0.718514	1.97326
0	2.0404	0.728372	1.96964
0	2.04032	0.738211	1.96597
0	2.04016	0.748031	1.96226
0	2.04	0.757833	1.95849
0	2.03982	0.767616	1.95468
0	2.03964	0.77738	1.95082
0	2.03944	0.787124	1.9469
0	2.03923	0.796849	1.94294
0	2.03881	0.806553	1.93894
0	2.03836	0.816238	1.93488
0	2.03788	0.825902	1.93077
0	2.03747	0.835546	1.92662
0	2.03817	0.845168	1.92242
0	2.03882	0.85477	1.91817
0	2.03942	0.86435	1.91387
0	2.03989	0.873908	1.90952
0	2.04031	0.883445	1.90513
0	2.04067	0.89296	1.90069
0	2.04099	0.902452	1.8962
0	2.04125	0.911922	1.89167
0	2.04145	0.921368	1.88708
0	2.0416	0.930792	1.88245
0	2.04172	0.940193	1.87777
0	2.04177	0.94957	1.87305
0	2.04177	0.958923	1.86828
0	2.0417	0.968253	1.86346
0	2.04208	0.977558	1.8586
0	2.04318	0.986839	1.85369
0	2.04419	0.996095	1.84873
0	2.04524	1.00533	1.84372
0	2.04622	1.01453	1.83867
0	2.04712	1.02371	1.83358
0	2.04792	1.03287	1.82844
0	2.04864	1.042	1.82325
0	2.04927	1.0511	1.81802
0	2.0498	1.06018	1.81274
0	2.05042	1.06923	1.80742
0	2.05105	1.07825	1.80205
0	2.05159	1.08725	1.79663
0	2.05274	1.09622	1.79118
0	2.05442	1.10516	1.78567
0	2.05598	1.11407	1.78012
0	2.05742	1.12296	1.77453
0	2.05884	1.13182	1.76889
0	2.06045	1.14065	1.76321
0	2.06196	1.14945	1.75749
0	2.06335	1.15822	1.75172
0	2.06464	1.16697	1.74591
0	2.06582	1.17568	1.74005
0	2.06689	1.18437	1.73415
0	2.06785	1.19302	1.7282
0	2.07022	1.20165	1.72222
0	2.0728	1.21025	1.71619
0	2.07525	1.21881	1.71012
0	2.07757	1.22735	1.704
0	2.07977	1.23585	1.69784
0	2.08184	1.24433	1.69164
0	2.08378	1.25277	1.6854
0	2.0856	1.26118	1.67911
0	2.08786	1.26956	1.67279
0	2.09011	1.27791	1.66642
0	2.09249	1.28622	1.66001
0	2.09581	1.29451	1.65356
0	2.099	1.30276	1.64706
0	2.10204	1.31098	1.64053
0	2.10495	1.31916	1.63395
0	2.10772	1.32732	1.62734
0	2.11101	1.33544	1.62068
0	2.11434	1.34352	1.61398
0	2.11756	1.35158	1.60725
0	2.12068	1.3596	1.60047
0	2.12387	1.36758	1.59365
0	2.12799	1.37553	1.58679
0	2.13197	1.38345	1.57989
0	2.13581	1.39133	1.57296
0	2.13997	1.39918	1.56598
0	2.14449	1.40699	1.55897
0	2.14891	1.41477	1.55191
0	2.15323	1.42251	1.54482
0	2.15744	1.43022	1.53769
0	2.16155	1.43789	1.53052
0	2.16635	1.44552	1.52331
0	2.17139	1.45312	1.51606
0	2.17629	1.46068	1.50878
0	2.18199	1.46821	1.50145
0	2.18775	1.4757	1.49409
0	2.19342	1.48315	1.4867
0	2.199	1.49056	1.47926
0	2.20448	1.49794	1.47179
0	2.20988	1.50528	1.46428
0	2.21591	1.51258	1.45674
0	2.22218	1.51985	1.44916
0	2.22834	1.52708	1.44154
0	2.23541	1.53426	1.43389
0	2.2426	1.54142	1.4262
0	2.24972	1.54853	1.41847
0	2.25678	1.5556	1.41071
0	2.26376	1.56263	1.40292
0	2.27071	1.56963	1.39509
0	2.27854	1.57658	1.38722
0	2.28627	1.5835	1.37932
0	2.29392	1.59038	1.37139
0	2.30197	1.59721	1.36342
0	2.31083	1.60401	1.35541
0	2.31964	1.61077	1.34738
0	2.32842	1.61749	1.33931
0	2.33716	1.62416	1.3312
0	2.34649	1.6308	1.32306
0	2.35602	1.63739	1.31489
0	2.36549	1.64395	1.30669
0	2.3749	1.65046	1.29845
0	2.38425	1.65693	1.29019
0	2.39407	1.66336	1.28189
0	2.40484	1.66975	1.27355
0	2.41561	1.6761	1.26519
0	2.4269	1.6824	1.25679
0	2.43842	1.68866	1.24836
0	2.44992	1.69489	1.2399
0	2.46141	1.70106	1.23142
0	2.47288	1.7072	1.22289
0	2.48433	1.71329	1.21434
0	2.49577	1.71934	1.20576
0	2.5072	1.72535	1.19715
0	2.52018	1.73131	1.18851
0	2.53388	1.73723	1.17984
0	2.54761	1.74311	1.17114
0	2.56136	1.74895	1.16241
0	2.57514	1.75474	1.15365
0	2.58895	1.76048	1.14486
0	2.60279	1.76618	1.13604
0	2.6168	1.77184	1.1272
0	2.63119	1.77746	1.11832
0	2.6456	1.78303	1.10942
0	2.66002	1.78855	1.10049
0	2.67446	1.79403	1.09154
0	2.69069	1.79947	1.08255
0	2.70699	1.80486	1.07354
0	2.72336	1.8102	1.0645
0	2.74011	1.8155	1.05544
0	2.75697	1.82076	1.04635
0	2.7739	1.82597	1.03723
0	2.79089	1.83113	1.02809
0	2.80793	1.83625	1.01892
0	2.82504	1.84132	1.00973
0	2.84221	1.84634	1.00051
0	2.85955	1.85132	0.991264
0	2.87702	1.85626	0.981995
0	2.89479	1.86114	0.972702
0	2.91424	1.86598	0.963384
0	2.93379	1.87078	0.954042
0	2.95344	1.87552	0.944676
0	2.97319	1.88022	0.935287
0	2.99305	1.88488	0.925874
0	3.01302	1.88948	0.916438
0	3.03307	1.89404	0.906979
0	3.05321	1.89855	0.897498
0	3.07343	1.90302	0.887994
0	3.09373	1.90743	0.878468
0	3.11411	1.9118	0.86892
0	3.1345	1.91612	0.85935
0	3.15488	1.92039	0.849758
0	3.17532	1.92462	0.840146
0	3.19669	1.92879	0.830512
0	3.21921	1.93292	0.820858
0	3.24183	1.937	0.811183
0	3.26455	1.94103	0.801488
0	3.28719	1.94502	0.791773
0	3.30977	1.94895	0.782038
0	3.33244	1.95284	0.772283
0	3.3552	1.95668	0.76251
0	3.37803	1.96046	0.752717
0	3.40094	1.9642	0.742905
0	3.42392	1.96789	0.733075
0	3.44656	1.97153	0.723226
0	3.46914	1.97512	0.71336
0	3.49178	1.97867	0.703475
0	3.51446	1.98216	0.693573
0	3.53719	1.9856	0.683654
0	3.55996	1.989	0.673717
0	3.58271	1.99234	0.663764
0	3.60611	1.99563	0.653794
0	3.63012	1.99888	0.643807
0	3.65419	2.00207	0.633805
0	3.67829	2.00522	0.623787
0	3.70243	2.00831	0.613753
0	3.72659	2.01135	0.603704
0	3.75038	2.01435	0.59364
0	3.77367	2.01729	0.58356
0	3.79697	2.02018	0.573467
0	3.82027	2.02302	0.563359
0	3.84355	2.02582	0.553237
0	3.86683	2.02856	0.543101
0	3.89008	2.03125	0.532951
0	3.91235	2.03389	0.522788
0	3.93443	2.03647	0.512612
0	3.95647	2.03901	0.502424
0	3.97846	2.0415	0.492222
0	4.00039	2.04393	0.482009
0	4.02226	2.04632	0.471783
0	4.0436	2.04865	0.461546
0	4.06403	2.05093	0.451297
0	4.08437	2.05317	0.441036
0	4.10462	2.05534	0.430765
0	4.12476	2.05747	0.420483
0	4.14479	2.05955	0.41019
0	4.16596	2.06157	0.399888
0	4.18589	2.06355	0.389575
0	4.20551	2.06547	0.379252
0	4.22498	2.06734	0.36892
0	4.2443	2.06916	0.358579
0	4.26346	2.07093	0.348229
0	4.28245	2.07264	0.33787
0	4.30053	2.07431	0.327502
0	4.31755	2.07592	0.317127
0	4.33438	2.07748	0.306743
0	4.351	2.07898	0.296352
0	4.36742	2.08044	0.285953
0	4.38362	2.08184	0.275548
0	4.39949	2.0832	0.265135
0	4.41349	2.0845	0.254716
0	4.42726	2.08574	0.24429
0	4.44079	2.08694	0.233858
0	4.45407	2.08808	0.223421
0	4.46709	2.08917	0.212978
0	4.47985	2.09021	0.202529
0	4.49106	2.0912	0.192076
0	4.50143	2.09213	0.181617
0	4.51152	2.09301	0.171155
0	4.52133	2.09384	0.160687
0	4.53086	2.09462	0.150216
0	4.54009	2.09535	0.139741
0	4.54836	2.09602	0.129263
0	4.55506	2.09664	0.118781
0	4.56147	2.09721	0.108297
0	4.56756	2.09772	0.0978092
0	4.57335	2.09818	0.0873194
0	4.57883	2.09859	0.0768274
0	4.58397	2.09895	0.0663335
0	4.58684	2.09926	0.055838
0	4.58938	2.09951	0.045341
0	4.59161	2.09971	0.034843
0	4.59351	2.09986	0.024344
0	4.5951	2.09995	0.0138445
0	4.59637	2.1	0.00334457
0	4.5967	2.1	0
0	4.5956	2.1	-0.01
0	4.59421	2.1	-0.02
0	4.59253	2.1	-0.03
0	4.59056	2.1	-0.04
0	4.5883	2.1	-0.05
0	4.58575	2.1	-0.06
0	4.58224	2.1	-0.07
0	4.57723	2.1	-0.08
0	4.57193	2.1	-0.09
0	4.56635	2.1	-0.1
0	4.56049	2.1	-0.11
0	4.55435	2.1	-0.12
0	4.54793	2.1	-0.13
0	4.53992	2.1	-0.14
0	4.53112	2.1	-0.15
0	4.52204	2.1	-0.16
0	4.5127	2.1	-0.17
0	4.5031	2.1	-0.18
0	4.49324	2.1	-0.19
0	4.483	2.1	-0.2
0	4.47087	2.1	-0.21
0	4.45849	2.1	-0.22
0	4.44586	2.1	-0.23
0	4.43299	2.1	-0.24
0	4.41989	2.1	-0.25
0	4.40655	2.1	-0.26
0	4.39229	2.1	-0.27
0	4.37685	2.1	-0.28
0	4.36119	2.1	-0.29
0	4.34532	2.1	-0.3
0	4.32925	2.1	-0.31
0	4.31296	2.1	-0.32
0	4.29647	2.1	-0.33
0	4.27862	2.1	-0.34
0	4.26024	2.1	-0.35
0	4.24168	2.1	-0.36
0	4.22294	2.1	-0.37
0	4.20402	2.1	-0.38
0	4.18494	2.1	-0.39
0	4.16552	2.1	-0.4
0	4.14476	2.1	-0.41
0	4.12386	2.1	-0.42
0	4.10281	2.1	-0.43
0	4.08162	2.1	-0.44
0	4.0603	2.1	-0.45
0	4.03886	2.1	-0.46
0	4.01671	2.1	-0.47
0	3.99384	2.1	-0.48
0	3.97086	2.1	-0.49
0	3.94778	2.1	-0.5
0	3.92461	2.1	-0.51
0	3.90134	2.1	-0.52
0	3.87799	2.1	-0.53
0	3.8537	2.1	-0.54
0	3.82919	2.1	-0.55
0	3.80461	2.1	-0.56
0	3.77997	2.1	-0.57
0	3.75527	2.1	-0.58
0	3.73053	2.1	-0.59
0	3.70558	2.1	-0.6
0	3.67991	2.1	-0.61
0	3.65423	2.1	-0.62
0	3.62851	2.1	-0.63
0	3.60278	2.1	-0.64
0	3.57703	2.1	-0.65
0	3.55128	2.1	-0.66
0	3.52515	2.1	-0.67
0	3.49873	2.1	-0.68
0	3.47232	2.1	-0.69
0	3.44593	2.1	-0.7
0	3.41955	2.1	-0.71
0	3.3932	2.1	-0.72
0	3.36688	2.1	-0.73
0	3.34014	2.1	-0.74
0	3.31339	2.1	-0.75
0	3.28669	2.1	-0.76
0	3.26004	2.1	-0.77
0	3.23344	2.1	-0.78
0	3.2069	2.1	-0.79
0	3.18033	2.1	-0.8
0	3.15358	2.1	-0.81
0	3.1269	2.1	-0.82
0	3.10029	2.1	-0.83
0	3.07377	2.1	-0.84
0	3.04732	2.1	-0.85
0	3.02097	2.1	-0.86
0	2.99458	2.1	-0.87
0	2.96821	2.1	-0.88
0	2.94194	2.1	-0.89
0	2.91577	2.1	-0.9
0	2.88971	2.1	-0.91
0	2.86375	2.1	-0.92
0	2.83791	2.1	-0.93
0	2.8121	2.1	-0.94
0	2.78642	2.1	-0.95
0	2.76085	2.1	-0.96
0	2.73541	2.1	-0.97
0	2.71009	2.1	-0.98
0	2.6849	2.1	-0.99
0	2.65985	2.1	-1
0	2.63496	2.1	-1.01
0	2.6102	2.1	-1.02
0	2.58558	2.1	-1.03
0	2.5611	2.1	-1.04
0	2.53676	2.1	-1.05
0	2.51256	2.1	-1.06
0	2.48859	2.1	-1.07
0	2.46481	2.1	-1.08
0	2.44118	2.1	-1.09
0	2.41769	2.1	-1.1
0	2.39435	2.1	-1.11
0	2.37117	2.1	-1.12
0	2.34814	2.1	-1.13
0	2.32547	2.1	-1.14
0	2.30295	2.1	-1.15
0	2.28058	2.1	-1.16
0	2.25836	2.1	-1.17
0	2.2363	2.1	-1.18
0	2.2144	2.1	-1.19
0	2.19276	2.1	-1.2
0	2.17145	2.1	-1.21
0	2.15029	2.1	-1.22
0	2.12929	2.1	-1.23
0	2.10844	2.1	-1.24
0	2.08775	2.1	-1.25
0	2.06721	2.1	-1.26
0	2.04708	2.1	-1.27
0	2.02719	2.1	-1.28
0	2.00745	2.1	-1.29
0	1.98787	2.1	-1.3
0	1.96844	2.1	-1.31
0	1.94917	2.1	-1.32
0	1.93009	2.1	-1.33
0	1.91149	2.1	-1.34
0	1.89305	2.1	-1.35
0	1.87476	2.1	-1.36
0	1.85662	2.1	-1.37
0	1.83863	2.1	-1.38
0	1.82079	2.1	-1.39
0	1.80329	2.1	-1.4
0	1.78615	2.1	-1.41
0	1.76915	2.1	-1.42
0	1.7523	2.1	-1.43
0	1.7356	2.1	-1.44
0	1.71904	2.1	-1.45
0	1.70263	2.1	-1.46
0	1.6867	2.1	-1.47
0	1.67099	2.1	-1.48
0	1.65542	2.1	-1.49
0	1.63999	2.1	-1.5
0	1.62469	2.1	-1.51
0	1.60953	2.1	-1.52
0	1.59459	2.1	-1.53
0	1.58013	2.1	-1.54
0	1.56581	2.1	-1.55
0	1.55162	2.1	-1.56
0	1.53756	2.1	-1.57
0	1.52362	2.1	-1.58
0	1.50982	2.1	-1.59
0	1.49637	2.1	-1.6
0	1.48326	2.1	-1.61
0	1.47027	2.1	-1.62
0	1.4574	2.1	-1.63
0	1.44465	2.1	-1.64
0	1.43202	2.1	-1.65
0	1.4195	2.1	-1.66
0	1.4075	2.1	-1.67
0	1.39566	2.1	-1.68
0	1.38394	2.1	-1.69
0	1.37232	2.1	-1.7
0	1.36082	2.1	-1.71
0	1.34942	2.1	-1.72
0	1.33824	2.1	-1.73
0	1.3275	2.1	-1.74
0	1.31687	2.1	-1.75
0	1.30633	2.1	-1.76
0	1.2959	2.1	-1.77
0	1.28557	2.1	-1.78
0	1.27533	2.1	-1.79
0	1.26546	2.1	-1.8
0	1.25586	2.1	-1.81
0	1.24635	2.1	-1.82
0	1.23694	2.1	-1.83
0	1.22761	2.1	-1.84
0	1.21838	2.1	-1.85
0	1.20923	2.1	-1.86
0	1.20059	2.1	-1.87
0	1.19205	2.1	-1.88
0	1.18359	2.1	-1.89
0	1.17522	2.1	-1.9
0	1.16693	2.1	-1.91
0	1.15872	2.1	-1.92
0	1.15072	2.1	-1.93
0	1.14309	2.1	-1.94
0	1.13554	2.1	-1.95
0	1.12806	2.1	-1.96
0	1.12066	2.1	-1.97
0	1.11333	2.1	-1.98
0	1.10607	2.1	-1.99
0	1.09916	2.1	-2
0	1.09246	2.1	-2.01
0	1.08582	2.1	-2.02
0	1.07925	2.1	-2.03
0	1.07275	2.1	-2.04
0	1.06631	2.1	-2.05
0	1.05994	2.1	-2.06
0	1.05403	2.1	-2.07
0	1.04818	2.1	-2.08
0	1.0424	2.1	-2.09
0	1.03667	2.1	-2.1
0	1.03099	2.1	-2.11
0	1.02538	2.1	-2.12
0	1.01997	2.1	-2.13
0	1.01486	2.1	-2.14
0	1.00981	2.1	-2.15
0	1.0048	2.1	-2.16
0	0.999853	2.1	-2.17
0	0.994953	2.1	-2.18
0	0.990103	2.1	-2.19
0	0.985583	2.1	-2.2
0	0.981214	2.1	-2.21
0	0.976892	2.1	-2.22
0	0.972616	2.1	-2.23
0	0.968385	2.1	-2.24
0	0.964199	2.1	-2.25
0	0.96009	2.1	-2.26
0	0.956365	2.1	-2.27
0	0.952681	2.1	-2.28
0	0.949038	2.1	-2.29
0	0.945436	2.1	-2.3
0	0.941873	2.1	-2.31
0	0.938349	2.1	-2.32
0	0.935025	2.1	-2.33
0	0.931941	2.1	-2.34
0	0.928893	2.1	-2.35
0	0.92588	2.1	-2.36
0	0.922903	2.1	-2.37
0	0.91996	2.1	-2.38
0	0.917051	2.1	-2.39
0	0.914458	2.1	-2.4
0	0.911969	2.1	-2.41
0	0.909511	2.1	-2.42
0	0.907084	2.1	-2.43
0	0.904687	2.1	-2.44
0	0.902321	2.1	-2.45
0	0.900036	2.1	-2.46
0	0.898073	2.1	-2.47
0	0.896136	2.1	-2.48
0	0.894227	2.1	-2.49
0	0.892345	2.1	-2.5
0	0.890489	2.1	-2.51
0	0.88866	2.1	-2.52
0	0.887025	2.1	-2.53
0	0.88558	2.1	-2.54
0	0.884158	2.1	-2.55
0	0.88276	2.1	-2.56
0	0.881385	2.1	-2.57
0	0.880032	2.1	-2.58
0	0.878703	2.1	-2.59
0	0.877674	2.1	-2.6
0	0.87671	2.1	-2.61
0	0.875767	2.1	-2.62
0	0.874844	2.1	-2.63
0	0.873941	2.1	-2.64
0	0.873057	2.1	-2.65
0	0.872262	2.1	-2.66
0	0.871726	2.1	-2.67
0	0.871209	2.1	-2.68
0	0.87071	2.1	-2.69
0	0.870228	2.1	-2.7
0	0.869764	2.1	-2.71
0	0.869317	2.1	-2.72
0	0.869055	2.1	-2.73
0	0.868935	2.1	-2.74
0	0.868831	2.1	-2.75
0	0.868742	2.1	-2.76
0	0.868668	2.1	-2.77
0	0.86861	2.1	-2.78
0	0.868566	2.1	-2.79
0	0.868793	2.1	-2.8
0	0.869053	2.1	-2.81
0	0.869327	2.1	-2.82
0	0.869615	2.1	-2.83
0	0.869915	2.1	-2.84
0	0.870229	2.1	-2.85
0	0.870627	2.1	-2.86
0	0.87122	2.1	-2.87
0	0.871825	2.1	-2.88
0	0.872441	2.1	-2.89
0	0.873069	2.1	-2.9
0	0.873709	2.1	-2.91
0	0.874359	2.1	-2.92
0	0.875167	2.1	-2.93
0	0.876067	2.1	-2.94
0	0.876977	2.1	-2.95
0	0.877898	2.1	-2.96
0	0.878829	2.1	-2.97
0	0.87977	2.1	-2.98
0	0.880721	2.1	-2.99
0	0.881876	2.1	-3
0	0.883042	2.1	-3.01
0	0.884217	2.1	-3.02
0	0.885401	2.1	-3.03
0	0.886593	2.1	-3.04
0	0.887795	2.1	-3.05
0	0.889061	2.1	-3.06
0	0.890439	2.1	-3.07
0	0.891825	2.1	-3.08
0	0.89322	2.1	-3.09
0	0.894622	2.1	-3.1
0	0.896032	2.1	-3.11
0	0.89745	2.1	-3.12
0	0.898959	2.1	-3.13
0	0.900509	2.1	-3.14
0	0.902067	2.1	-3.15
0	0.903633	2.1	-3.16
0	0.905205	2.1	-3.17
0	0.906785	2.1	-3.18
0	0.908376	2.1	-3.19
0	0.91004	2.1	-3.2
0	0.911712	2.1	-3.21
0	0.91339	2.1	-3.22
0	0.915075	2.1	-3.23
0	0.916766	2.1	-3.24
0	0.918464	2.1	-3.25
0	0.920177	2.1	-3.26
0	0.921909	2.1	-3.27
0	0.923648	2.1	-3.28
0	0.925392	2.1	-3.29
0	0.927143	2.1	-3.3
0	0.928899	2.1	-3.31
0	0.930661	2.1	-3.32
0	0.932407	2.1	-3.33
0	0.934152	2.1	-3.34
0	0.935903	2.1	-3.35
0	0.937659	2.1	-3.36
0	0.93942	2.1	-3.37
0	0.941187	2.1	-3.38
0	0.942949	2.1	-3.39
0	0.944649	2.1	-3.4
0	0.946353	2.1	-3.41
0	0.948063	2.1	-3.42
0	0.949777	2.1	-3.43
0	0.951496	2.1	-3.44
0	0.95322	2.1	-3.45
0	0.954888	2.1	-3.46
0	0.956498	2.1	-3.47
0	0.958112	2.1	-3.48
0	0.95973	2.1	-3.49
0	0.961353	2.1	-3.5
0	0.962979	2.1	-3.51
0	0.96461	2.1	-3.52
0	0.966107	2.1	-3.53
0	0.967582	2.1	-3.54
0	0.969061	2.1	-3.55
0	0.970544	2.1	-3.56
0	0.97203	2.1	-3.57
0	0.97352	2.1	-3.58
0	0.974975	2.1	-3.59
0	0.976276	2.1	-3.6
0	0.97758	2.1	-3.61
0	0.978887	2.1	-3.62
0	0.980198	2.1	-3.63
0	0.981512	2.1	-3.64
0	0.982829	2.1	-3.65
0	0.984028	2.1	-3.66
0	0.985132	2.1	-3.67
0	0.986238	2.1	-3.68
0	0.987348	2.1	-3.69
0	0.98846	2.1	-3.7
0	0.989574	2.1	-3.71
0	0.990692	2.1	-3.72
0	0.991602	2.1	-3.73
0	0.992492	2.1	-3.74
0	0.993385	2.1	-3.75
0	0.994281	2.1	-3.76
0	0.995178	2.1	-3.77
0	0.996078	2.1	-3.78
0	0.996918	2.1	-3.79
0	0.997589	2.1	-3.8
0	0.998262	2.1	-3.81
0	0.998936	2.1	-3.82
0	0.999612	2.1	-3.83
0	1.00029	2.1	-3.84
0	1.00097	2.1	-3.85
0	1.00151	2.1	-3.86
0	1.00197	2.1	-3.87
0	1.00243	2.1	-3.88
0	1.00289	2.1	-3.89
0	1.00335	2.1	-3.9
0	1.00381	2.1	-3.91
0	1.00428	2.1	-3.92
0	1.00454	2.1	-3.93
0	1.0048	2.1	-3.94
0	1.00506	2.1	-3.95
0	1.00532	2.1	-3.96
0	1.00559	2.1	-3.97
0	1.00585	2.1	-3.98
0	1.00605	2.1	-3.99
0	1.00613	2.1	-4
0	1.00621	2.1	-4.01
0	1.00629	2.1	-4.02
0	1.00638	2.1	-4.03
0	1.00646	2.1	-4.04
0	1.00654	2.1	-4.05
0	1.00652	2.1	-4.06
0	1.00645	2.1	-4.07
0	1.00638	2.1	-4.08
0	1.0063	2.1	-4.09
0	1.00623	2.1	-4.1
0	1.00616	2.1	-4.11
0	1.00609	2.1	-4.12
0	1.00589	2.1	-4.13
0	1.00569	2.1	-4.14
0	1.0055	2.1	-4.15
0	1.0053	2.1	-4.16
0	1.00511	2.1	-4.17
0	1.00491	2.1	-4.18
0	1.00468	2.1	-4.19
0	1.00438	2.1	-4.2
0	1.00409	2.1	-4.21
0	1.0038	2.1	-4.22
0	1.00351	2.1	-4.23
0	1.00322	2.1	-4.24
0	1.00293	2.1	-4.25
0	1.00258	2.1	-4.26
0	1.00223	2.1	-4.27
0	1.00187	2.1	-4.28
0	1.00151	2.1	-4.29
0	1.00115	2.1	-4.3
0	1.00079	2.1	-4.31
0	1.00043	2.1	-4.32
0	1.00003	2.1	-4.33
0	0.999632	2.1	-4.34
0	0.999234	2.1	-4.35
0	0.998835	2.1	-4.36
0	0.998435	2.1	-4.37
0	0.998034	2.1	-4.38
0	0.997627	2.1	-4.39
0	0.997213	2.1	-4.4
0	0.996799	2.1	-4.41
0	0.996383	2.1	-4.42
0	0.995967	2.1	-4.43
0	0.99555	2.1	-4.44
0	0.995133	2.1	-4.45
0	0.994722	2.1	-4.46
0	0.994312	2.1	-4.47
0	0.993902	2.1	-4.48
0	0.99349	2.1	-4.49
0	0.993078	2.1	-4.5
0	0.992665	2.1	-4.51
0	0.992256	2.1	-4.52
0	0.991869	2.1	-4.53
0	0.991481	2.1	-4.54
0	0.991092	2.1	-4.55
0	0.990702	2.1	-4.56
0	0.990311	2.1	-4.57
0	0.98992	2.1	-4.58
0	0.989549	2.1	-4.59
0	0.989198	2.1	-4.6
0	0.988846	2.1	-4.61
0	0.988493	2.1	-4.62
0	0.988139	2.1	-4.63
0	0.987784	2.1	-4.64
0	0.987428	2.1	-4.65
0	0.987118	2.1	-4.66
0	0.986814	2.1	-4.67
0	0.986508	2.1	-4.68
0	0.986202	2.1	-4.69
0	0.985895	2.1	-4.7
0	0.985587	2.1	-4.71
0	0.985293	2.1	-4.72
0	0.985044	2.1	-4.73
0	0.984795	2.1	-4.74
0	0.984545	2.1	-4.75
0	0.984294	2.1	-4.76
0	0.984042	2.1	-4.77
0	0.983789	2.1	-4.78
0	0.983575	2.1	-4.79
0	0.983387	2.1	-4.8
0	0.983198	2.1	-4.81
0	0.983009	2.1	-4.82
0	0.982818	2.1	-4.83
0	0.982627	2.1	-4.84
0	0.982435	2.1	-4.85
0	0.982308	2.1	-4.86
0	0.982184	2.1	-4.87
0	0.982058	2.1	-4.88
0	0.981932	2.1	-4.89
0	0.981806	2.1	-4.9
0	0.981678	2.1	-4.91
0	0.981571	2.1	-4.92
0	0.981512	2.1	-4.93
0	0.981452	2.1	-4.94
0	0.981391	2.1	-4.95
0	0.981329	2.1	-4.96
0	0.981267	2.1	-4.97
0	0.981203	2.1	-4.98
0	0.981185	2.1	-4.99
0	0.981189	2.1	-5
0	0.981192	2.1	-5.01
0	0.981194	2.1	-5.02
0	0.981195	2.1	-5.03
0	0.981196	2.1	-5.04
0	0.981197	2.1	-5.05
0	0.981262	2.1	-5.06
0	0.981326	2.1	-5.07
0	0.981389	2.1	-5.08
0	0.981452	2.1	-5.09
0	0.981514	2.1	-5.1
0	0.981574	2.1	-5.11
0	0.981657	2.1	-5.12
0	0.981778	2.1	-5.13
0	0.981898	2.1	-5.14
0	0.982017	2.1	-5.15
0	0.982135	2.1	-5.16
0	0.982253	2.1	-5.17
0	0.98237	2.1	-5.18
0	0.982526	2.1	-5.19
0	0.982697	2.1	-5.2
0	0.982867	2.1	-5.21
0	0.983037	2.1	-5.22
0	0.983205	2.1	-5.23
0	0.983373	2.1	-5.24
0	0.983544	2.1	-5.25
0	0.983759	2.1	-5.26
0	0.983974	2.1	-5.27
0	0.984188	2.1	-5.28
0	0.984401	2.1	-5.29
0	0.984613	2.1	-5.3
0	0.984825	2.1	-5.31
0	0.985054	2.1	-5.32
0	0.985305	2.1	-5.33
0	0.985556	2.1	-5.34
0	0.985806	2.1	-5.35
0	0.986055	2.1	-5.36
0	0.986304	2.1	-5.37
0	0.986552	2.1	-5.38
0	0.986826	2.1	-5.39
0	0.987106	2.1	-5.4
0	0.987386	2.1	-5.41
0	0.987664	2.1	-5.42
0	0.987942	2.1	-5.43
0	0.98822	2.1	-5.44
0	0.9885	2.1	-5.45
0	0.988802	2.1	-5.46
0	0.989103	2.1	-5.47
0	0.989403	2.1	-5.48
0	0.989702	2.1	-5.49
0	0.990001	2.1	-5.5
0	0.990299	2.1	-5.51
0	0.990605	2.1	-5.52
0	0.99092	2.1	-5.53
0	0.991233	2.1	-5.54
0	0.991546	2.1	-5.55
0	0.991858	2.1	-5.56
0	0.99217	2.1	-5.57
0	0.992481	2.1	-5.58
0	0.992799	2.1	-5.59
0	0.993118	2.1	-5.6
0	0.993437	2.1	-5.61
0	0.993755	2.1	-5.62
0	0.994072	2.1	-5.63
0	0.994389	2.1	-5.64
0	0.994706	2.1	-5.65
0	0.995023	2.1	-5.66
0	0.99534	2.1	-5.67
0	0.995657	2.1	-5.68
0	0.995973	2.1	-5.69
0	0.996288	2.1	-5.7
0	0.996603	2.1	-5.71
0	0.996914	2.1	-5.72
0	0.997223	2.1	-5.73
0	0.997531	2.1	-5.74
0	0.997839	2.1	-5.75
0	0.998146	2.1	-5.76
0	0.998453	2.1	-5.77
0	0.998759	2.1	-5.78
0	0.999055	2.1	-5.79
0	0.999349	2.1	-5.8
0	0.999643	2.1	-5.81
0	0.999937	2.1	-5.82
0	1.00023	2.1	-5.83
0	1.00052	2.1	-5.84
0	1.00081	2.1	-5.85
0	1.00109	2.1	-5.86
0	1.00136	2.1	-5.87
0	1.00164	2.1	-5.88
0	1.00191	2.1	-5.89
0	1.00218	2.1	-5.9
0	1.00246	2.1	-5.91
0	1.00272	2.1	-5.92
0	1.00297	2.1	-5.93
0	1.00322	2.1	-5.94
0	1.00347	2.1	-5.95
0	1.00372	2.1	-5.96
0	1.00397	2.1	-5.97
0	1.00422	2.1	-5.98
0	1.00445	2.1	-5.99
0	1.00468	2.1	-6
