# unused	g3	z	x
0	2.12672	-7	0
0	2.12671	-6.99	0
0	2.12593	-6.98	0
0	2.12527	-6.97	0
0	2.12527	-6.96	0
0	2.12701	-6.95	0
0	2.12634	-6.94	0
0	2.12613	-6.93	0
0	2.12896	-6.92	0
0	2.12795	-6.91	0
0	2.12893	-6.9	0
0	2.12915	-6.89	0
0	2.1274	-6.88	0
0	2.12782	-6.87	0
0	2.12981	-6.86	0
0	2.13139	-6.85	0
0	2.1303	-6.84	0
0	2.13126	-6.83	0
0	2.13276	-6.82	0
0	2.13203	-6.81	0
0	2.13078	-6.8	0
0	2.13111	-6.79	0
0	2.13166	-6.78	0
0	2.13163	-6.77	0
0	2.13153	-6.76	0
0	2.13159	-6.75	0
0	2.13203	-6.74	0
0	2.13197	-6.73	0
0	2.13113	-6.72	0
0	2.13267	-6.71	0
0	2.13285	-6.7	0
0	2.13121	-6.69	0
0	2.13324	-6.68	0
0	2.13335	-6.67	0
0	2.13236	-6.66	0
0	2.13367	-6.65	0
0	2.13328	-6.64	0
0	2.13168	-6.63	0
0	2.13505	-6.62	0
0	2.13759	-6.61	0
0	2.13392	-6.6	0
0	2.13324	-6.59	0
0	2.13589	-6.58	0
0	2.13453	-6.57	0
0	2.13463	-6.56	0
0	2.13734	-6.55	0
0	2.13637	-6.54	0
0	2.13621	-6.53	0
0	2.13417	-6.52	0
0	2.13336	-6.51	0
0	2.13522	-6.5	0
0	2.13649	-6.49	0
0	2.13846	-6.48	0
0	2.13522	-6.47	0
0	2.13233	-6.46	0
0	2.13317	-6.45	0
0	2.13292	-6.44	0
0	2.13257	-6.43	0
0	2.13124	-6.42	0
0	2.13186	-6.41	0
0	2.13522	-6.4	0
0	2.13413	-6.39	0
0	2.1329	-6.38	0
0	2.13117	-6.37	0
0	2.12811	-6.36	0
0	2.13014	-6.35	0
0	2.13413	-6.34	0
0	2.13295	-6.33	0
0	2.12947	-6.32	0
0	2.12799	-6.31	0
0	2.12853	-6.3	0
0	2.13076	-6.29	0
0	2.12916	-6.28	0
0	2.12648	-6.27	0
0	2.12649	-6.26	0
0	2.12771	-6.25	0
0	2.12929	-6.24	0
0	2.12959	-6.23	0
0	2.12874	-6.22	0
0	2.12568	-6.21	0
0	2.12255	-6.2	0
0	2.12273	-6.19	0
0	2.12388	-6.18	0
0	2.12307	-6.17	0
0	2.12254	-6.16	0
0	2.12381	-6.15	0
0	2.12523	-6.14	0
0	2.12377	-6.13	0
0	2.11928	-6.12	0
0	2.11855	-6.11	0
0	2.11917	-6.1	0
0	2.11842	-6.09	0
0	2.1196	-6.08	0
0	2.118	-6.07	0
0	2.11509	-6.06	0
0	2.11583	-6.05	0
0	2.1159	-6.04	0
0	2.11321	-6.03	0
0	2.11077	-6.02	0
0	2.11235	-6.01	0
0	2.11434	-6	0
0	2.11149	-5.99	0
0	2.10987	-5.98	0
0	2.1103	-5.97	0
0	2.10978	-5.96	0
0	2.10897	-5.95	0
0	2.11051	-5.94	0
0	2.11021	-5.93	0
0	2.10739	-5.92	0
0	2.10698	-5.91	0
0	2.10551	-5.9	0
0	2.10489	-5.89	0
0	2.10438	-5.88	0
0	2.10402	-5.87	0
0	2.10608	-5.86	0
0	2.10785	-5.85	0
0	2.1081	-5.84	0
0	2.10566	-5.83	0
0	2.1042	-5.82	0
0	2.10176	-5.81	0
0	2.09988	-5.8	0
0	2.10201	-5.79	0
0	2.09953	-5.78	0
0	2.09573	-5.77	0
0	2.09629	-5.76	0
0	2.09877	-5.75	0
0	2.09982	-5.74	0
0	2.10161	-5.73	0
0	2.10071	-5.72	0
0	2.09794	-5.71	0
0	2.09926	-5.7	0
0	2.10039	-5.69	0
0	2.10115	-5.68	0
0	2.10151	-5.67	0
0	2.10078	-5.66	0
0	2.10073	-5.65	0
0	2.10177	-5.64	0
0	2.10201	-5.63	0
0	2.10057	-5.62	0
0	2.09966	-5.61	0
0	2.10052	-5.6	0
0	2.10242	-5.59	0
0	2.10255	-5.58	0
0	2.10213	-5.57	0
0	2.1019	-5.56	0
0	2.10035	-5.55	0
0	2.10081	-5.54	0
0	2.10016	-5.53	0
0	2.10175	-5.52	0
0	2.10626	-5.51	0
0	2.10347	-5.5	0
0	2.10278	-5.49	0
0	2.10565	-5.48	0
0	2.10615	-5.47	0
0	2.10354	-5.46	0
0	2.09962	-5.45	0
0	2.10063	-5.44	0
0	2.10453	-5.43	0
0	2.10486	-5.42	0
0	2.10328	-5.41	0
0	2.10521	-5.4	0
0	2.1081	-5.39	0
0	2.10985	-5.38	0
0	2.11015	-5.37	0
0	2.11039	-5.36	0
0	2.11121	-5.35	0
0	2.11055	-5.34	0
0	2.10974	-5.33	0
0	2.11044	-5.32	0
0	2.11197	-5.31	0
0	2.11389	-5.3	0
0	2.11559	-5.29	0
0	2.11688	-5.28	0
0	2.1163	-5.27	0
0	2.11535	-5.26	0
0	2.11636	-5.25	0
0	2.11797	-5.24	0
0	2.11953	-5.23	0
0	2.12033	-5.22	0
0	2.12244	-5.21	0
0	2.12534	-5.2	0
0	2.12607	-5.19	0
0	2.12563	-5.18	0
0	2.12479	-5.17	0
0	2.12641	-5.16	0
0	2.12888	-5.15	0
0	2.12924	-5.14	0
0	2.12982	-5.13	0
0	2.13016	-5.12	0
0	2.13111	-5.11	0
0	2.13304	-5.1	0
0	2.13362	-5.09	0
0	2.13603	-5.08	0
0	2.13893	-5.07	0
0	2.13899	-5.06	0
0	2.13791	-5.05	0
0	2.14086	-5.04	0
0	2.14461	-5.03	0
0	2.14558	-5.02	0
0	2.14693	-5.01	0
0	2.14797	-5	0
0	2.14808	-4.99	0
0	2.14892	-4.98	0
0	2.1513	-4.97	0
0	2.15282	-4.96	0
0	2.15394	-4.95	0
0	2.15675	-4.94	0
0	2.15841	-4.93	0
0	2.15953	-4.92	0
0	2.1608	-4.91	0
0	2.16225	-4.9	0
0	2.16453	-4.89	0
0	2.16534	-4.88	0
0	2.16635	-4.87	0
0	2.16791	-4.86	0
0	2.16936	-4.85	0
0	2.17214	-4.84	0
0	2.17284	-4.83	0
0	2.17298	-4.82	0
0	2.17563	-4.81	0
0	2.17803	-4.8	0
0	2.17884	-4.79	0
0	2.18022	-4.78	0
0	2.18123	-4.77	0
0	2.18163	-4.76	0
0	2.18198	-4.75	0
0	2.18334	-4.74	0
0	2.18547	-4.73	0
0	2.18588	-4.72	0
0	2.18607	-4.71	0
0	2.18736	-4.7	0
0	2.18926	-4.69	0
0	2.18957	-4.68	0
0	2.18973	-4.67	0
0	2.19188	-4.66	0
0	2.19235	-4.65	0
0	2.19219	-4.64	0
0	2.19455	-4.63	0
0	2.19541	-4.62	0
0	2.19613	-4.61	0
0	2.19717	-4.6	0
0	2.19788	-4.59	0
0	2.19844	-4.58	0
0	2.19821	-4.57	0
0	2.19847	-4.56	0
0	2.1979	-4.55	0
0	2.19852	-4.54	0
0	2.19955	-4.53	0
0	2.19966	-4.52	0
0	2.19984	-4.51	0
0	2.2003	-4.5	0
0	2.20003	-4.49	0
0	2.19867	-4.48	0
0	2.19848	-4.47	0
0	2.19862	-4.46	0
0	2.19866	-4.45	0
0	2.19876	-4.44	0
0	2.19739	-4.43	0
0	2.1956	-4.42	0
0	2.19498	-4.41	0
0	2.1954	-4.4	0
0	2.19623	-4.39	0
0	2.19439	-4.38	0
0	2.19228	-4.37	0
0	2.19158	-4.36	0
0	2.19004	-4.35	0
0	2.1884	-4.34	0
0	2.18802	-4.33	0
0	2.18649	-4.32	0
0	2.1842	-4.31	0
0	2.18268	-4.3	0
0	2.18119	-4.29	0
0	2.17974	-4.28	0
0	2.17763	-4.27	0
0	2.17603	-4.26	0
0	2.17369	-4.25	0
0	2.17122	-4.24	0
0	2.16923	-4.23	0
0	2.16656	-4.22	0
0	2.16383	-4.21	0
0	2.16097	-4.2	0
0	2.15886	-4.19	0
0	2.15649	-4.18	0
0	2.15337	-4.17	0
0	2.15018	-4.16	0
0	2.14683	-4.15	0
0	2.14318	-4.14	0
0	2.13982	-4.13	0
0	2.13662	-4.12	0
0	2.13319	-4.11	0
0	2.13013	-4.1	0
0	2.1262	-4.09	0
0	2.12218	-4.08	0
0	2.11867	-4.07	0
0	2.11455	-4.06	0
0	2.1103	-4.05	0
0	2.10637	-4.04	0
0	2.10233	-4.03	0
0	2.09817	-4.02	0
0	2.09413	-4.01	0
0	2.09003	-4	0
0	2.08582	-3.99	0
0	2.08131	-3.98	0
0	2.07658	-3.97	0
0	2.07241	-3.96	0
0	2.06816	-3.95	0
0	2.06353	-3.94	0
0	2.05904	-3.93	0
0	2.0545	-3.92	0
0	2.04999	-3.91	0
0	2.0455	-3.9	0
0	2.0409	-3.89	0
0	2.03645	-3.88	0
0	2.03196	-3.87	0
0	2.02706	-3.86	0
0	2.02261	-3.85	0
0	2.01833	-3.84	0
0	2.01375	-3.83	0
0	2.00935	-3.82	0
0	2.00486	-3.81	0
0	2.00023	-3.8	0
0	1.9958	-3.79	0
0	1.99147	-3.78	0
0	1.98721	-3.77	0
0	1.98325	-3.76	0
0	1.97907	-3.75	0
0	1.97467	-3.74	0
0	1.97034	-3.73	0
0	1.96623	-3.72	0
0	1.96254	-3.71	0
0	1.9588	-3.7	0
0	1.95512	-3.69	0
0	1.9513	-3.68	0
0	1.94744	-3.67	0
0	1.94375	-3.66	0
0	1.94032	-3.65	0
0	1.93718	-3.64	0
0	1.93402	-3.63	0
0	1.93087	-3.62	0
0	1.92776	-3.61	0
0	1.92459	-3.6	0
0	1.92137	-3.59	0
0	1.91886	-3.58	0
0	1.91652	-3.57	0
0	1.91411	-3.56	0
0	1.91166	-3.55	0
0	1.90928	-3.54	0
0	1.90688	-3.53	0
0	1.90459	-3.52	0
0	1.90306	-3.51	0
0	1.90156	-3.5	0
0	1.90008	-3.49	0
0	1.89855	-3.48	0
0	1.89702	-3.47	0
0	1.8955	-3.46	0
0	1.89449	-3.45	0
0	1.89394	-3.44	0
0	1.89339	-3.43	0
0	1.89286	-3.42	0
0	1.89232	-3.41	0
0	1.89177	-3.4	0
0	1.89124	-3.39	0
0	1.89165	-3.38	0
0	1.89219	-3.37	0
0	1.89271	-3.36	0
0	1.89326	-3.35	0
0	1.89382	-3.34	0
0	1.89437	-3.33	0
0	1.89519	-3.32	0
0	1.89692	-3.31	0
0	1.89861	-3.3	0
0	1.90031	-3.29	0
0	1.90206	-3.28	0
0	1.90381	-3.27	0
0	1.90552	-3.26	0
0	1.90796	-3.25	0
0	1.91095	-3.24	0
0	1.91394	-3.23	0
0	1.91694	-3.22	0
0	1.91995	-3.21	0
0	1.92295	-3.2	0
0	1.92593	-3.19	0
0	1.93021	-3.18	0
0	1.93458	-3.17	0
0	1.93895	-3.16	0
0	1.94331	-3.15	0
0	1.94767	-3.14	0
0	1.95203	-3.13	0
0	1.95682	-3.12	0
0	1.96266	-3.11	0
0	1.96851	-3.1	0
0	1.97435	-3.09	0
0	1.98019	-3.08	0
0	1.98604	-3.07	0
0	1.99188	-3.06	0
0	1.99875	-3.05	0
0	2.00619	-3.04	0
0	2.01363	-3.03	0
0	2.02106	-3.02	0
0	2.0285	-3.01	0
0	2.03594	-3	0
0	2.04338	-2.99	0
0	2.05255	-2.98	0
0	2.06172	-2.97	0
0	2.0709	-2.96	0
0	2.08007	-2.95	0
0	2.08924	-2.94	0
0	2.09842	-2.93	0
0	2.10827	-2.92	0
0	2.11933	-2.91	0
0	2.13039	-2.9	0
0	2.14146	-2.89	0
0	2.15253	-2.88	0
0	2.16359	-2.87	0
0	2.17465	-2.86	0
0	2.1872	-2.85	0
0	2.20034	-2.84	0
0	2.21348	-2.83	0
0	2.22663	-2.82	0
0	2.23977	-2.81	0
0	2.25291	-2.8	0
0	2.26621	-2.79	0
0	2.28164	-2.78	0
0	2.29707	-2.77	0
0	2.3125	-2.76	0
0	2.32793	-2.75	0
0	2.34336	-2.74	0
0	2.35879	-2.73	0
0	2.37529	-2.72	0
0	2.39326	-2.71	0
0	2.41122	-2.7	0
0	2.42918	-2.69	0
0	2.44715	-2.68	0
0	2.46511	-2.67	0
0	2.48307	-2.66	0
0	2.50324	-2.65	0
0	2.52402	-2.64	0
0	2.54481	-2.63	0
0	2.56559	-2.62	0
0	2.58638	-2.61	0
0	2.60716	-2.6	0
0	2.62837	-2.59	0
0	2.65231	-2.58	0
0	2.67625	-2.57	0
0	2.70018	-2.56	0
0	2.72412	-2.55	0
0	2.74806	-2.54	0
0	2.772	-2.53	0
0	2.79768	-2.52	0
0	2.82515	-2.51	0
0	2.85263	-2.5	0
0	2.88011	-2.49	0
0	2.90759	-2.48	0
0	2.93507	-2.47	0
0	2.96255	-2.46	0
0	2.99341	-2.45	0
0	3.02488	-2.44	0
0	3.05636	-2.43	0
0	3.08783	-2.42	0
0	3.1193	-2.41	0
0	3.15078	-2.4	0
0	3.18317	-2.39	0
0	3.21917	-2.38	0
0	3.25517	-2.37	0
0	3.29116	-2.36	0
0	3.32716	-2.35	0
0	3.36316	-2.34	0
0	3.39916	-2.33	0
0	3.43803	-2.32	0
0	3.47918	-2.31	0
0	3.52032	-2.3	0
0	3.56147	-2.29	0
0	3.60261	-2.28	0
0	3.64375	-2.27	0
0	3.6849	-2.26	0
0	3.73141	-2.25	0
0	3.77842	-2.24	0
0	3.82543	-2.23	0
0	3.87244	-2.22	0
0	3.91946	-2.21	0
0	3.96647	-2.2	0
0	4.01529	-2.19	0
0	4.069	-2.18	0
0	4.12272	-2.17	0
0	4.17643	-2.16	0
0	4.23015	-2.15	0
0	4.28387	-2.14	0
0	4.33758	-2.13	0
0	4.39609	-2.12	0
0	4.45748	-2.11	0
0	4.51887	-2.1	0
0	4.51887	-2.1	0
0	4.51802	-2.09997	0.0105
0	4.5175	-2.0999	0.0209997
0	4.51729	-2.09976	0.0314988
0	4.51741	-2.09958	0.0419972
0	4.51785	-2.09934	0.0524945
0	4.5186	-2.09906	0.0629906
0	4.51834	-2.09871	0.073485
0	4.51772	-2.09832	0.0839776
0	4.51742	-2.09787	0.0944681
0	4.51744	-2.09738	0.104956
0	4.51777	-2.09682	0.115442
0	4.51841	-2.09622	0.125924
0	4.5187	-2.09557	0.136404
0	4.51798	-2.09486	0.14688
0	4.51756	-2.0941	0.157352
0	4.51744	-2.09328	0.167821
0	4.51762	-2.09242	0.178285
0	4.51809	-2.0915	0.188745
0	4.51886	-2.09053	0.1992
0	4.51802	-2.08951	0.20965
0	4.51744	-2.08843	0.220095
0	4.51714	-2.08731	0.230534
0	4.51711	-2.08613	0.240968
0	4.51735	-2.0849	0.251396
0	4.51787	-2.08362	0.261817
0	4.51751	-2.08228	0.272232
0	4.51671	-2.08089	0.28264
0	4.51616	-2.07945	0.293041
0	4.51586	-2.07796	0.303434
0	4.5158	-2.07642	0.31382
0	4.51598	-2.07482	0.324198
0	4.51601	-2.07318	0.334568
0	4.51493	-2.07148	0.34493
0	4.51407	-2.06973	0.355283
0	4.51342	-2.06793	0.365627
0	4.51298	-2.06607	0.375962
0	4.51275	-2.06417	0.386288
0	4.51272	-2.06221	0.396604
0	4.51161	-2.0602	0.40691
0	4.51164	-2.05814	0.417206
0	4.51217	-2.05603	0.427491
0	4.5129	-2.05386	0.437766
0	4.51381	-2.05165	0.44803
0	4.51491	-2.04938	0.458282
0	4.51569	-2.04707	0.468523
0	4.51567	-2.0447	0.478753
0	4.51579	-2.04228	0.48897
0	4.51607	-2.03981	0.499176
0	4.51648	-2.03729	0.509368
0	4.51704	-2.03472	0.519548
0	4.51772	-2.03209	0.529715
0	4.51747	-2.02942	0.539869
0	4.51709	-2.02669	0.550009
0	4.51682	-2.02392	0.560136
0	4.51664	-2.02109	0.570249
0	4.51655	-2.01822	0.580347
0	4.51655	-2.01529	0.590431
0	4.51636	-2.01231	0.6005
0	4.5154	-2.00928	0.610554
0	4.5145	-2.00621	0.620592
0	4.51365	-2.00308	0.630616
0	4.51285	-1.9999	0.640623
0	4.51209	-1.99667	0.650615
0	4.51137	-1.99339	0.66059
0	4.51243	-1.99007	0.670548
0	4.51318	-1.98669	0.68049
0	4.51392	-1.98326	0.690415
0	4.51465	-1.97978	0.700323
0	4.51536	-1.97626	0.710213
0	4.51605	-1.97268	0.720085
0	4.51671	-1.96906	0.72994
0	4.51672	-1.96538	0.739776
0	4.51662	-1.96166	0.749594
0	4.51646	-1.95789	0.759392
0	4.51624	-1.95407	0.769172
0	4.51596	-1.9502	0.778933
0	4.5156	-1.94628	0.788674
0	4.51511	-1.94231	0.798396
0	4.51412	-1.93829	0.808097
0	4.51305	-1.93423	0.817779
0	4.51188	-1.93012	0.827439
0	4.51124	-1.92595	0.83708
0	4.51255	-1.92174	0.846699
0	4.51371	-1.91749	0.856297
0	4.51467	-1.91318	0.865874
0	4.5153	-1.90883	0.875429
0	4.51576	-1.90443	0.884962
0	4.51605	-1.89998	0.894473
0	4.51615	-1.89548	0.903962
0	4.51608	-1.89094	0.913428
0	4.51582	-1.88635	0.922871
0	4.51537	-1.88171	0.932291
0	4.51477	-1.87703	0.941688
0	4.51396	-1.87229	0.951061
0	4.51295	-1.86751	0.960411
0	4.51172	-1.86269	0.969736
0	4.51184	-1.85782	0.979038
0	4.51302	-1.8529	0.988314
0	4.51393	-1.84793	0.997566
0	4.51484	-1.84292	1.00679
0	4.51548	-1.83787	1.016
0	4.51584	-1.83276	1.02517
0	4.51592	-1.82761	1.03432
0	4.51572	-1.82242	1.04345
0	4.51521	-1.81718	1.05255
0	4.5144	-1.81189	1.06162
0	4.51377	-1.80656	1.07067
0	4.51294	-1.80119	1.07969
0	4.51182	-1.79577	1.08868
0	4.51233	-1.7903	1.09764
0	4.51341	-1.78479	1.10658
0	4.51411	-1.77924	1.11549
0	4.51444	-1.77364	1.12437
0	4.51477	-1.76799	1.13323
0	4.51524	-1.7623	1.14205
0	4.51535	-1.75657	1.15085
0	4.5151	-1.7508	1.15962
0	4.51446	-1.74498	1.16836
0	4.51346	-1.73911	1.17707
0	4.51205	-1.7332	1.18575
0	4.5104	-1.72725	1.1944
0	4.51199	-1.72126	1.20302
0	4.51337	-1.71522	1.21161
0	4.51431	-1.70914	1.22017
0	4.51482	-1.70302	1.2287
0	4.5149	-1.69686	1.2372
0	4.51457	-1.69065	1.24567
0	4.51379	-1.6844	1.25411
0	4.51256	-1.67811	1.26252
0	4.51231	-1.67178	1.27089
0	4.51164	-1.6654	1.27923
0	4.51147	-1.65898	1.28755
0	4.51266	-1.65253	1.29582
0	4.51335	-1.64603	1.30407
0	4.51357	-1.63948	1.31228
0	4.51331	-1.6329	1.32047
0	4.51256	-1.62628	1.32861
0	4.51294	-1.61962	1.33673
0	4.51294	-1.61291	1.34481
0	4.51248	-1.60617	1.35286
0	4.51168	-1.59938	1.36087
0	4.51126	-1.59256	1.36885
0	4.51211	-1.5857	1.3768
0	4.51223	-1.57879	1.38471
0	4.51179	-1.57185	1.39258
0	4.51211	-1.56487	1.40043
0	4.51266	-1.55784	1.40823
0	4.51273	-1.55078	1.416
0	4.51235	-1.54368	1.42374
0	4.5115	-1.53655	1.43144
0	4.51017	-1.52937	1.43911
0	4.51037	-1.52216	1.44674
0	4.51038	-1.5149	1.45433
0	4.50982	-1.50761	1.46188
0	4.51085	-1.50028	1.4694
0	4.51143	-1.49292	1.47689
0	4.51189	-1.48552	1.48433
0	4.5119	-1.47808	1.49174
0	4.51121	-1.4706	1.49911
0	4.5099	-1.46308	1.50645
0	4.50986	-1.45553	1.51374
0	4.50937	-1.44795	1.521
0	4.50829	-1.44032	1.52822
0	4.50939	-1.43266	1.53541
0	4.5101	-1.42497	1.54255
0	4.51034	-1.41724	1.54966
0	4.51013	-1.40947	1.55672
0	4.50944	-1.40167	1.56375
0	4.50832	-1.39384	1.57074
0	4.50825	-1.38596	1.57769
0	4.50824	-1.37806	1.5846
0	4.50801	-1.37012	1.59147
0	4.5081	-1.36214	1.5983
0	4.50801	-1.35414	1.60509
0	4.50752	-1.34609	1.61184
0	4.50728	-1.33802	1.61855
0	4.50657	-1.32991	1.62522
0	4.50702	-1.32177	1.63185
0	4.50719	-1.31359	1.63844
0	4.50707	-1.30538	1.64499
0	4.50655	-1.29714	1.65149
0	4.50525	-1.28887	1.65796
0	4.50458	-1.28056	1.66438
0	4.50499	-1.27222	1.67076
0	4.50526	-1.26385	1.6771
0	4.50627	-1.25545	1.6834
0	4.50695	-1.24702	1.68966
0	4.50716	-1.23855	1.69587
0	4.50669	-1.23006	1.70204
0	4.50577	-1.22153	1.70817
0	4.50483	-1.21298	1.71426
0	4.50348	-1.20439	1.7203
0	4.50244	-1.19578	1.7263
0	4.50445	-1.18713	1.73226
0	4.50493	-1.17845	1.73817
0	4.50471	-1.16975	1.74404
0	4.50508	-1.16101	1.74987
0	4.50528	-1.15225	1.75565
0	4.50609	-1.14346	1.76139
0	4.50682	-1.13463	1.76709
0	4.50692	-1.12579	1.77274
0	4.50704	-1.11691	1.77835
0	4.50569	-1.108	1.78391
0	4.50373	-1.09907	1.78943
0	4.50151	-1.09011	1.7949
0	4.50133	-1.08112	1.80033
0	4.50298	-1.0721	1.80571
0	4.50444	-1.06306	1.81105
0	4.50464	-1.05399	1.81634
0	4.50483	-1.0449	1.82159
0	4.5071	-1.03578	1.82679
0	4.50805	-1.02663	1.83195
0	4.50485	-1.01746	1.83706
0	4.50308	-1.00826	1.84212
0	4.50451	-0.999038	1.84714
0	4.50425	-0.98979	1.85211
0	4.50193	-0.980517	1.85704
0	4.50121	-0.971219	1.86192
0	4.50291	-0.961898	1.86675
0	4.50555	-0.952552	1.87154
0	4.50836	-0.943182	1.87627
0	4.50848	-0.933789	1.88097
0	4.50867	-0.924373	1.88561
0	4.51019	-0.914933	1.89021
0	4.50962	-0.905471	1.89476
0	4.50553	-0.895986	1.89927
0	4.50662	-0.886478	1.90372
0	4.51143	-0.876948	1.90813
0	4.51512	-0.867397	1.91249
0	4.51794	-0.857824	1.9168
0	4.51364	-0.848229	1.92107
0	4.51002	-0.838613	1.92529
0	4.50989	-0.828976	1.92946
0	4.5117	-0.819319	1.93358
0	4.51426	-0.80964	1.93765
0	4.51794	-0.799942	1.94167
0	4.52048	-0.790224	1.94565
0	4.51915	-0.780486	1.94957
0	4.51868	-0.770728	1.95345
0	4.51929	-0.760951	1.95728
0	4.52199	-0.751155	1.96106
0	4.52464	-0.741341	1.96479
0	4.52124	-0.731508	1.96848
0	4.51962	-0.721656	1.97211
0	4.52122	-0.711787	1.97569
0	4.52305	-0.701899	1.97923
0	4.52426	-0.691994	1.98271
0	4.52328	-0.682072	1.98615
0	4.52207	-0.672133	1.98953
0	4.51971	-0.662177	1.99287
0	4.5242	-0.652204	1.99615
0	4.52857	-0.642216	1.99939
0	4.52609	-0.632211	2.00258
0	4.52941	-0.62219	2.00571
0	4.53714	-0.612154	2.0088
0	4.53385	-0.602102	2.01183
0	4.53303	-0.592035	2.01482
0	4.53658	-0.581954	2.01775
0	4.53833	-0.571858	2.02064
0	4.54003	-0.561748	2.02347
0	4.54193	-0.551623	2.02626
0	4.54325	-0.541485	2.02899
0	4.54534	-0.531333	2.03167
0	4.55408	-0.521168	2.0343
0	4.55905	-0.51099	2.03688
0	4.56073	-0.5008	2.03941
0	4.55973	-0.490596	2.04189
0	4.56033	-0.480381	2.04432
0	4.56338	-0.470153	2.04669
0	4.56679	-0.459914	2.04902
0	4.56918	-0.449663	2.05129
0	4.57049	-0.439401	2.05352
0	4.57447	-0.429128	2.05569
0	4.57715	-0.418844	2.05781
0	4.57717	-0.40855	2.05988
0	4.57834	-0.398246	2.06189
0	4.5823	-0.387931	2.06386
0	4.59452	-0.377607	2.06577
0	4.5951	-0.367274	2.06763
0	4.59663	-0.356931	2.06944
0	4.60252	-0.346579	2.0712
0	4.60758	-0.336219	2.07291
0	4.61421	-0.32585	2.07457
0	4.62245	-0.315473	2.07617
0	4.615	-0.305089	2.07772
0	4.61534	-0.294696	2.07922
0	4.62222	-0.284297	2.08067
0	4.62558	-0.27389	2.08206
0	4.63208	-0.263476	2.08341
0	4.6367	-0.253056	2.0847
0	4.6346	-0.242629	2.08594
0	4.63611	-0.232197	2.08712
0	4.63787	-0.221758	2.08826
0	4.6374	-0.211314	2.08934
0	4.64889	-0.200865	2.09037
0	4.65391	-0.19041	2.09135
0	4.65283	-0.179951	2.09228
0	4.66034	-0.169488	2.09315
0	4.66319	-0.15902	2.09397
0	4.6659	-0.148548	2.09474
0	4.67408	-0.138073	2.09546
0	4.67773	-0.127594	2.09612
0	4.68316	-0.117111	2.09673
0	4.69196	-0.106626	2.09729
0	4.69527	-0.0961387	2.0978
0	4.70498	-0.0856485	2.09825
0	4.71833	-0.0751562	2.09865
0	4.7326	-0.0646621	2.099
0	4.73003	-0.0541663	2.0993
0	4.73199	-0.0436691	2.09955
0	4.73784	-0.0331709	2.09974
0	4.74356	-0.0226718	2.09988
0	4.75302	-0.0121722	2.09996
0	4.7608	-0.00167229	2.1
0	4.76852	0.00882769	2.09998
0	4.79422	0.0193274	2.09991
0	4.7991	0.0298267	2.09979
0	4.80086	0.0403252	2.09961
0	4.80366	0.0508228	2.09938
0	4.8064	0.061319	2.0991
0	4.82106	0.0718137	2.09877
0	4.83579	0.0823066	2.09839
0	4.84659	0.0927975	2.09795
0	4.84832	0.103286	2.09746
0	4.87272	0.113772	2.09692
0	4.88294	0.124255	2.09632
0	4.88313	0.134735	2.09567
0	4.88792	0.145212	2.09497
0	4.90456	0.155685	2.09422
0	4.92144	0.166154	2.09342
0	4.92956	0.176619	2.09256
0	4.92667	0.187079	2.09165
0	4.94209	0.197535	2.09069
0	4.94209	0.207986	2.08968
0	4.96286	0.218432	2.08861
0	4.99953	0.228872	2.08749
0	5.00679	0.239307	2.08632
0	5.01762	0.249735	2.0851
0	5.02746	0.260158	2.08382
0	5.03785	0.270573	2.0825
0	5.05084	0.280982	2.08112
0	5.06856	0.291385	2.07969
0	5.08942	0.301779	2.0782
0	5.10671	0.312166	2.07667
0	5.12043	0.322546	2.07508
0	5.13345	0.332917	2.07344
0	5.14885	0.34328	2.07175
0	5.17059	0.353635	2.07001
0	5.18505	0.36398	2.06822
0	5.19282	0.374317	2.06637
0	5.20272	0.384644	2.06447
0	5.21653	0.394961	2.06252
0	5.24975	0.405269	2.06052
0	5.28534	0.415567	2.05847
0	5.30955	0.425854	2.05637
0	5.32054	0.43613	2.05421
0	5.34291	0.446396	2.05201
0	5.36754	0.45665	2.04975
0	5.39477	0.466893	2.04744
0	5.42487	0.477124	2.04508
0	5.45054	0.487344	2.04267
0	5.4599	0.497551	2.04021
0	5.48734	0.507746	2.03769
0	5.50813	0.517928	2.03513
0	5.54991	0.528097	2.03251
0	5.58094	0.538253	2.02985
0	5.5914	0.548395	2.02713
0	5.6137	0.558524	2.02436
0	5.61892	0.568639	2.02155
0	5.66691	0.57874	2.01868
0	5.7003	0.588826	2.01576
0	5.71661	0.598897	2.01279
0	5.73521	0.608953	2.00977
0	5.77838	0.618995	2.0067
0	5.80566	0.62902	2.00358
0	5.85781	0.63903	2.00041
0	5.87809	0.649024	1.99719
0	5.90825	0.659002	1.99392
0	5.95158	0.668963	1.9906
0	5.99029	0.678908	1.98723
0	6.0283	0.688836	1.98381
0	6.06697	0.698746	1.98034
0	6.08969	0.708639	1.97682
0	6.13524	0.718514	1.97326
0	6.17261	0.728372	1.96964
0	6.20128	0.738211	1.96597
0	6.24202	0.748031	1.96226
0	6.30007	0.757833	1.95849
0	6.32037	0.767616	1.95468
0	6.3864	0.77738	1.95082
0	6.42708	0.787124	1.9469
0	6.46597	0.796849	1.94294
0	6.50955	0.806553	1.93894
0	6.55964	0.816238	1.93488
0	6.61751	0.825902	1.93077
0	6.67322	0.835546	1.92662
0	6.71459	0.845168	1.92242
0	6.75504	0.85477	1.91817
0	6.79858	0.86435	1.91387
0	6.85272	0.873908	1.90952
0	6.92206	0.883445	1.90513
0	6.99407	0.89296	1.90069
0	7.05487	0.902452	1.8962
0	7.11188	0.911922	1.89167
0	7.14637	0.921368	1.88708
0	7.1988	0.930792	1.88245
0	7.28894	0.940193	1.87777
0	7.3377	0.94957	1.87305
0	7.40481	0.958923	1.86828
0	7.46975	0.968253	1.86346
0	7.53903	0.977558	1.8586
0	7.62918	0.986839	1.85369
0	7.69468	0.996095	1.84873
0	7.75175	1.00533	1.84372
0	7.89171	1.01453	1.83867
0	7.93866	1.02371	1.83358
0	8.01207	1.03287	1.82844
0	8.08316	1.042	1.82325
0	8.13476	1.05	1.81865
0	8.01166	1.05	1.82865
0	7.87764	1.05	1.83865
0	7.7455	1.05	1.84865
0	7.63273	1.05	1.85865
0	7.4398	1.05	1.86865
0	7.32423	1.05	1.87865
0	7.20554	1.05	1.88865
0	7.06744	1.05	1.89865
0	6.93611	1.05	1.90865
0	6.81758	1.05	1.91865
0	6.6779	1.05	1.92865
0	6.59634	1.05	1.93865
0	6.44805	1.05	1.94865
0	6.33495	1.05	1.95865
0	6.2479	1.05	1.96865
0	6.1422	1.05	1.97865
0	6.03194	1.05	1.98865
0	5.94189	1.05	1.99865
0	5.84051	1.05	2.00865
0	5.72455	1.05	2.01865
0	5.59403	1.05	2.02865
0	5.54766	1.05	2.03865
0	5.44898	1.05	2.04865
0	5.37213	1.05	2.05865
0	5.29558	1.05	2.06865
0	5.1968	1.05	2.07865
0	5.09931	1.05	2.08865
0	5.01846	1.05	2.09865
0	4.93688	1.05	2.10865
0	4.82491	1.05	2.11865
0	4.7476	1.05	2.12865
0	4.66504	1.05	2.13865
0	4.6029	1.05	2.14865
0	4.5289	1.05	2.15865
0	4.45314	1.05	2.16865
0	4.37216	1.05	2.17865
0	4.27949	1.05	2.18865
0	4.22743	1.05	2.19865
0	4.18641	1.05	2.20865
0	4.10428	1.05	2.21865
0	4.02612	1.05	2.22865
0	3.95378	1.05	2.23865
0	3.88606	1.05	2.24865
0	3.83963	1.05	2.25865
0	3.79343	1.05	2.26865
0	3.72912	1.05	2.27865
0	3.65563	1.05	2.28865
0	3.58913	1.05	2.29865
0	3.55052	1.05	2.30865
0	3.49345	1.05	2.31865
0	3.44023	1.05	2.32865
0	3.38251	1.05	2.33865
0	3.33756	1.05	2.34865
0	3.28418	1.05	2.35865
0	3.23591	1.05	2.36865
0	3.1951	1.05	2.37865
0	3.14902	1.05	2.38865
0	3.09472	1.05	2.39865
0	3.04507	1.05	2.40865
0	3.01149	1.05	2.41865
0	2.97308	1.05	2.42865
0	2.93552	1.05	2.43865
0	2.89222	1.05	2.44865
0	2.83435	1.05	2.45865
0	2.80234	1.05	2.46865
0	2.78243	1.05	2.47865
0	2.7351	1.05	2.48865
0	2.69295	1.05	2.49865
0	2.66401	1.05	2.50865
0	2.63169	1.05	2.51865
0	2.59592	1.05	2.52865
0	2.55703	1.05	2.53865
0	2.51691	1.05	2.54865
0	2.4905	1.05	2.55865
0	2.46417	1.05	2.56865
0	2.42732	1.05	2.57865
0	2.39366	1.05	2.58865
0	2.36189	1.05	2.59865
0	2.33455	1.05	2.60865
0	2.31457	1.05	2.61865
0	2.2918	1.05	2.62865
0	2.25991	1.05	2.63865
0	2.23166	1.05	2.64865
0	2.21397	1.05	2.65865
0	2.19171	1.05	2.66865
0	2.16192	1.05	2.67865
0	2.1408	1.05	2.68865
0	2.11935	1.05	2.69865
0	2.08825	1.05	2.70865
0	2.07719	1.05	2.71865
0	2.05922	1.05	2.72865
0	2.02874	1.05	2.73865
0	2.02119	1.05	2.74865
0	2.00669	1.05	2.75865
0	1.98734	1.05	2.76865
0	1.95911	1.05	2.77865
0	1.94448	1.05	2.78865
0	1.93381	1.05	2.79865
0	1.90866	1.05	2.80865
0	1.89372	1.05	2.81865
0	1.87379	1.05	2.82865
0	1.84968	1.05	2.83865
0	1.84492	1.05	2.84865
0	1.83584	1.05	2.85865
0	1.82523	1.05	2.86865
0	1.80295	1.05	2.87865
0	1.79241	1.05	2.88865
0	1.77783	1.05	2.89865
0	1.7697	1.05	2.90865
0	1.75737	1.05	2.91865
0	1.75058	1.05	2.92865
0	1.73448	1.05	2.93865
0	1.72083	1.05	2.94865
0	1.71252	1.05	2.95865
0	1.70574	1.05	2.96865
0	1.69742	1.05	2.97865
0	1.67786	1.05	2.98865
0	1.67996	1.05	2.99865
0	1.67853	1.05	3.00865
0	1.66373	1.05	3.01865
0	1.66109	1.05	3.02865
0	1.65743	1.05	3.03865
0	1.63706	1.05	3.04865
0	1.62087	1.05	3.05865
0	1.62555	1.05	3.06865
0	1.62453	1.05	3.07865
0	1.61987	1.05	3.08865
0	1.61431	1.05	3.09865
0	1.61045	1.05	3.10865
0	1.60766	1.05	3.11865
0	1.60551	1.05	3.12865
0	1.6025	1.05	3.13865
0	1.60192	1.05	3.14865
0	1.60104	1.05	3.15865
0	1.5933	1.05	3.16865
0	1.59295	1.05	3.17865
0	1.60066	1.05	3.18865
0	1.60406	1.05	3.19865
0	1.59578	1.05	3.20865
0	1.59498	1.05	3.21865
0	1.5964	1.05	3.22865
0	1.5903	1.05	3.23865
0	1.5895	1.05	3.24865
0	1.58869	1.05	3.25865
0	1.59863	1.05	3.26865
0	1.60305	1.05	3.27865
0	1.59832	1.05	3.28865
0	1.60669	1.05	3.29865
0	1.60904	1.05	3.30865
0	1.60896	1.05	3.31865
0	1.61208	1.05	3.32865
0	1.61419	1.05	3.33865
0	1.62233	1.05	3.34865
0	1.6299	1.05	3.35865
0	1.63112	1.05	3.36865
0	1.64049	1.05	3.37865
0	1.6446	1.05	3.38865
0	1.65113	1.05	3.39865
0	1.65933	1.05	3.40865
0	1.67144	1.05	3.41865
0	1.67045	1.05	3.42865
0	1.68528	1.05	3.43865
0	1.68252	1.05	3.44865
0	1.69436	1.05	3.45865
0	1.71221	1.05	3.46865
0	1.72043	1.05	3.47865
0	1.72991	1.05	3.48865
0	1.73012	1.05	3.49865
0	1.73885	1.05	3.50865
0	1.75168	1.05	3.51865
0	1.75745	1.05	3.52865
0	1.76787	1.05	3.53865
0	1.7823	1.05	3.54865
0	1.7939	1.05	3.55865
0	1.80131	1.05	3.56865
0	1.81295	1.05	3.57865
0	1.82846	1.05	3.58865
0	1.83665	1.05	3.59865
0	1.84189	1.05	3.60865
0	1.85586	1.05	3.61865
0	1.87346	1.05	3.62865
0	1.88056	1.05	3.63865
0	1.89218	1.05	3.64865
0	1.90093	1.05	3.65865
0	1.92255	1.05	3.66865
0	1.95069	1.05	3.67865
0	1.95509	1.05	3.68865
0	1.96128	1.05	3.69865
0	1.97738	1.05	3.70865
0	1.98824	1.05	3.71865
0	2.00908	1.05	3.72865
0	2.02522	1.05	3.73865
0	2.03209	1.05	3.74865
0	2.04721	1.05	3.75865
0	2.06988	1.05	3.76865
0	2.07863	1.05	3.77865
0	2.08507	1.05	3.78865
0	2.11188	1.05	3.79865
0	2.13269	1.05	3.80865
0	2.14655	1.05	3.81865
0	2.15886	1.05	3.82865
0	2.17236	1.05	3.83865
0	2.18752	1.05	3.84865
0	2.19893	1.05	3.85865
0	2.21229	1.05	3.86865
0	2.2249	1.05	3.87865
0	2.23773	1.05	3.88865
0	2.2481	1.05	3.89865
0	2.26423	1.05	3.90865
0	2.2854	1.05	3.91865
0	2.28496	1.05	3.92865
0	2.30163	1.05	3.93865
0	2.31321	1.05	3.94865
0	2.32515	1.05	3.95865
0	2.32495	1.05	3.96865
0	2.32625	1.05	3.97865
0	2.34837	1.05	3.98865
0	2.35574	1.05	3.99865
0	2.36096	1.05	4.00865
0	2.35487	1.05	4.01865
0	2.35252	1.05	4.02865
0	2.35772	1.05	4.03865
0	2.37124	1.05	4.04865
0	2.38325	1.05	4.05865
0	2.38369	1.05	4.06865
0	2.38887	1.05	4.07865
0	2.39518	1.05	4.08865
0	2.38759	1.05	4.09865
0	2.38299	1.05	4.10865
0	2.3921	1.05	4.11865
0	2.39725	1.05	4.12865
0	2.39964	1.05	4.13865
0	2.40425	1.05	4.14865
0	2.40296	1.05	4.15865
0	2.39696	1.05	4.16865
0	2.39492	1.05	4.17865
0	2.3968	1.05	4.18865
0	2.39312	1.05	4.19865
0	2.39774	1.05	4.20865
0	2.39076	1.05	4.21865
0	2.39296	1.05	4.22865
0	2.38791	1.05	4.23865
0	2.39096	1.05	4.24865
0	2.37199	1.05	4.25865
0	2.38341	1.05	4.26865
0	2.37894	1.05	4.27865
0	2.36971	1.05	4.28865
0	2.3825	1.05	4.29865
0	2.36442	1.05	4.30865
0	2.36327	1.05	4.31865
0	2.35993	1.05	4.32865
0	2.35634	1.05	4.33865
0	2.35458	1.05	4.34865
0	2.35268	1.05	4.35865
0	2.34006	1.05	4.36865
0	2.34318	1.05	4.37865
0	2.33573	1.05	4.38865
0	2.33041	1.05	4.39865
0	2.32841	1.05	4.40865
0	2.32374	1.05	4.41865
0	2.31813	1.05	4.42865
0	2.30753	1.05	4.43865
0	2.30519	1.05	4.44865
0	2.30414	1.05	4.45865
0	2.30156	1.05	4.46865
0	2.2974	1.05	4.47865
0	2.29268	1.05	4.48865
0	2.28554	1.05	4.49865
0	2.27338	1.05	4.50865
0	2.27062	1.05	4.51865
0	2.27373	1.05	4.52865
0	2.26993	1.05	4.53865
0	2.26461	1.05	4.54865
0	2.25347	1.05	4.55865
0	2.24623	1.05	4.56865
0	2.24693	1.05	4.57865
0	2.24493	1.05	4.58865
0	2.23538	1.05	4.59865
0	2.22578	1.05	4.60865
0	2.22464	1.05	4.61865
0	2.21864	1.05	4.62865
0	2.20825	1.05	4.63865
0	2.2129	1.05	4.64865
0	2.20303	1.05	4.65865
0	2.19328	1.05	4.66865
0	2.18395	1.05	4.67865
0	2.19107	1.05	4.68865
0	2.1821	1.05	4.69865
0	2.17212	1.05	4.70865
0	2.17299	1.05	4.71865
0	2.17329	1.05	4.72865
0	2.16724	1.05	4.73865
0	2.16236	1.05	4.74865
0	2.15864	1.05	4.75865
0	2.15899	1.05	4.76865
0	2.15515	1.05	4.77865
0	2.15579	1.05	4.78865
0	2.14773	1.05	4.79865
0	2.1362	1.05	4.80865
0	2.13564	1.05	4.81865
0	2.13531	1.05	4.82865
0	2.13483	1.05	4.83865
0	2.13179	1.05	4.84865
0	2.12452	1.05	4.85865
0	2.11847	1.05	4.86865
0	2.11468	1.05	4.87865
0	2.11491	1.05	4.88865
0	2.11281	1.05	4.89865
0	2.10844	1.05	4.90865
0	2.10364	1.05	4.91865
0	2.09783	1.05	4.92865
0	2.0954	1.05	4.93865
0	2.09589	1.05	4.94865
0	2.0978	1.05	4.95865
0	2.09195	1.05	4.96865
0	2.09213	1.05	4.97865
0	2.08923	1.05	4.98865
0	2.08619	1.05	4.99865
0	2.08281	1.05	5.00865
0	2.07651	1.05	5.01865
0	2.07857	1.05	5.02865
0	2.0783	1.05	5.03865
0	2.07866	1.05	5.04865
0	2.07968	1.05	5.05865
0	2.07659	1.05	5.06865
0	2.06794	1.05	5.07865
0	2.07212	1.05	5.08865
0	2.06052	1.05	5.09865
0	2.06431	1.05	5.10865
0	2.07223	1.05	5.11865
0	2.0601	1.05	5.12865
0	2.06325	1.05	5.13865
0	2.06469	1.05	5.14865
0	2.06062	1.05	5.15865
0	2.06118	1.05	5.16865
0	2.05347	1.05	5.17865
0	2.06243	1.05	5.18865
0	2.0575	1.05	5.19865
0	2.05505	1.05	5.20865
0	2.05871	1.05	5.21865
0	2.06188	1.05	5.22865
0	2.05479	1.05	5.23865
0	2.05266	1.05	5.24865
0	2.0537	1.05	5.25865
0	2.05781	1.05	5.26865
0	2.05383	1.05	5.27865
0	2.05277	1.05	5.28865
0	2.05436	1.05	5.29865
0	2.05644	1.05	5.30865
0	2.06062	1.05	5.31865
0	2.05921	1.05	5.32865
0	2.05508	1.05	5.33865
0	2.0563	1.05	5.34865
0	2.05614	1.05	5.35865
0	2.05872	1.05	5.36865
0	2.05765	1.05	5.37865
0	2.05624	1.05	5.38865
0	2.06036	1.05	5.39865
0	2.06106	1.05	5.40865
0	2.05918	1.05	5.41865
0	2.05785	1.05	5.42865
0	2.05877	1.05	5.43865
0	2.06009	1.05	5.44865
0	2.05672	1.05	5.45865
0	2.05288	1.05	5.46865
0	2.0603	1.05	5.47865
0	2.06284	1.05	5.48865
0	2.06359	1.05	5.49865
0	2.05865	1.05	5.50865
0	2.06187	1.05	5.51865
0	2.06697	1.05	5.52865
0	2.05607	1.05	5.53865
0	2.06505	1.05	5.54865
0	2.06759	1.05	5.55865
0	2.06807	1.05	5.56865
0	2.06931	1.05	5.57865
0	2.06378	1.05	5.58865
0	2.07053	1.05	5.59865
0	2.07098	1.05	5.60865
0	2.07179	1.05	5.61865
0	2.07187	1.05	5.62865
0	2.07715	1.05	5.63865
0	2.0777	1.05	5.64865
0	2.0776	1.05	5.65865
0	2.07993	1.05	5.66865
0	2.08188	1.05	5.67865
0	2.07828	1.05	5.68865
0	2.08666	1.05	5.69865
0	2.08643	1.05	5.70865
0	2.0923	1.05	5.71865
0	2.08946	1.05	5.72865
0	2.08348	1.05	5.73865
0	2.09267	1.05	5.74865
0	2.09473	1.05	5.75865
0	2.09422	1.05	5.76865
0	2.09452	1.05	5.77865
0	2.09526	1.05	5.78865
0	2.09525	1.05	5.79865
0	2.09573	1.05	5.80865
0	2.10053	1.05	5.81865
0	2.10124	1.05	5.82865
0	2.10453	1.05	5.83865
0	2.11127	1.05	5.84865
0	2.11077	1.05	5.85865
0	2.10367	1.05	5.86865
0	2.10707	1.05	5.87865
0	2.11012	1.05	5.88865
0	2.11255	1.05	5.89865
0	2.11104	1.05	5.90865
0	2.11039	1.05	5.91865
0	2.11243	1.05	5.92865
0	2.11768	1.05	5.93865
0	2.12086	1.05	5.94865
0	2.12132	1.05	5.95865
0	2.12197	1.05	5.96865
0	2.12	1.05	5.97865
0	2.1225	1.05	5.98865
0	2.12576	1.05	5.99865
