# unused	g3	z	x
0	2.75707	7	0
0	2.76355	6.99	0
0	2.77017	6.98	0
0	2.77691	6.97	0
0	2.78379	6.96	0
0	2.79078	6.95	0
0	2.79789	6.94	0
0	2.80512	6.93	0
0	2.81246	6.92	0
0	2.81991	6.91	0
0	2.82745	6.9	0
0	2.83509	6.89	0
0	2.84282	6.88	0
0	2.85064	6.87	0
0	2.85851	6.86	0
0	2.86643	6.85	0
0	2.87443	6.84	0
0	2.88248	6.83	0
0	2.89059	6.82	0
0	2.89875	6.81	0
0	2.90695	6.8	0
0	2.91519	6.79	0
0	2.92345	6.78	0
0	2.93173	6.77	0
0	2.93998	6.76	0
0	2.94819	6.75	0
0	2.9564	6.74	0
0	2.96461	6.73	0
0	2.97279	6.72	0
0	2.98095	6.71	0
0	2.98908	6.7	0
0	2.99716	6.69	0
0	3.0052	6.68	0
0	3.01318	6.67	0
0	3.021	6.66	0
0	3.02869	6.65	0
0	3.0363	6.64	0
0	3.04382	6.63	0
0	3.05124	6.62	0
0	3.05855	6.61	0
0	3.06573	6.6	0
0	3.07279	6.59	0
0	3.07972	6.58	0
0	3.0865	6.57	0
0	3.09298	6.56	0
0	3.09925	6.55	0
0	3.10535	6.54	0
0	3.11127	6.53	0
0	3.11699	6.52	0
0	3.12252	6.51	0
0	3.12784	6.5	0
0	3.13294	6.49	0
0	3.13782	6.48	0
0	3.14247	6.47	0
0	3.14669	6.46	0
0	3.15062	6.45	0
0	3.15429	6.44	0
0	3.15769	6.43	0
0	3.16081	6.42	0
0	3.16366	6.41	0
0	3.16622	6.4	0
0	3.16848	6.39	0
0	3.17044	6.38	0
0	3.17209	6.37	0
0	3.17322	6.36	0
0	3.17397	6.35	0
0	3.1744	6.34	0
0	3.17449	6.33	0
0	3.17424	6.32	0
0	3.17364	6.31	0
0	3.1727	6.3	0
0	3.17139	6.29	0
0	3.16973	6.28	0
0	3.1677	6.27	0
0	3.16508	6.26	0
0	3.16205	6.25	0
0	3.15865	6.24	0
0	3.15487	6.23	0
0	3.1507	6.22	0
0	3.14615	6.21	0
0	3.14122	6.2	0
0	3.1359	6.19	0
0	3.13019	6.18	0
0	3.12409	6.17	0
0	3.11739	6.16	0
0	3.11028	6.15	0
0	3.10278	6.14	0
0	3.09489	6.13	0
0	3.08662	6.12	0
0	3.07796	6.11	0
0	3.06892	6.1	0
0	3.05949	6.09	0
0	3.04969	6.08	0
0	3.03951	6.07	0
0	3.02879	6.06	0
0	3.0177	6.05	0
0	3.00624	6.04	0
0	2.99443	6.03	0
0	2.98226	6.02	0
0	2.96975	6.01	0
0	2.9569	6	0
0	2.94371	5.99	0
0	2.9302	5.98	0
0	2.91637	5.97	0
0	2.90213	5.96	0
0	2.88758	5.95	0
0	2.87275	5.94	0
0	2.85763	5.93	0
0	2.84223	5.92	0
0	2.82656	5.91	0
0	2.81064	5.9	0
0	2.79448	5.89	0
0	2.77808	5.88	0
0	2.76146	5.87	0
0	2.74463	5.86	0
0	2.7276	5.85	0
0	2.71038	5.84	0
0	2.69298	5.83	0
0	2.67543	5.82	0
0	2.65772	5.81	0
0	2.63989	5.8	0
0	2.62193	5.79	0
0	2.60387	5.78	0
0	2.58572	5.77	0
0	2.56759	5.76	0
0	2.5494	5.75	0
0	2.53115	5.74	0
0	2.51287	5.73	0
0	2.49458	5.72	0
0	2.47628	5.71	0
0	2.458	5.7	0
0	2.43975	5.69	0
0	2.42154	5.68	0
0	2.40343	5.67	0
0	2.38557	5.66	0
0	2.3678	5.65	0
0	2.35014	5.64	0
0	2.33261	5.63	0
0	2.31521	5.62	0
0	2.29798	5.61	0
0	2.28093	5.6	0
0	2.26407	5.59	0
0	2.24742	5.58	0
0	2.23106	5.57	0
0	2.21517	5.56	0
0	2.19954	5.55	0
0	2.18418	5.54	0
0	2.16911	5.53	0
0	2.15435	5.52	0
0	2.13991	5.51	0
0	2.12581	5.5	0
0	2.11207	5.49	0
0	2.0987	5.48	0
0	2.08581	5.47	0
0	2.07359	5.46	0
0	2.06179	5.45	0
0	2.05041	5.44	0
0	2.03948	5.43	0
0	2.02901	5.42	0
0	2.01902	5.41	0
0	2.00951	5.4	0
0	2.0005	5.39	0
0	1.99201	5.38	0
0	1.98418	5.37	0
0	1.97717	5.36	0
0	1.97072	5.35	0
0	1.96484	5.34	0
0	1.95953	5.33	0
0	1.9548	5.32	0
0	1.95068	5.31	0
0	1.94717	5.3	0
0	1.94428	5.29	0
0	1.94202	5.28	0
0	1.94056	5.27	0
0	1.94006	5.26	0
0	1.94021	5.25	0
0	1.94103	5.24	0
0	1.94253	5.23	0
0	1.94471	5.22	0
0	1.94758	5.21	0
0	1.95115	5.2	0
0	1.95543	5.19	0
0	1.96042	5.18	0
0	1.96633	5.17	0
0	1.97326	5.16	0
0	1.98092	5.15	0
0	1.98931	5.14	0
0	1.99845	5.13	0
0	2.00834	5.12	0
0	2.01898	5.11	0
0	2.03037	5.1	0
0	2.04253	5.09	0
0	2.05544	5.08	0
0	2.06935	5.07	0
0	2.0843	5.06	0
0	2.10002	5.05	0
0	2.11652	5.04	0
0	2.13381	5.03	0
0	2.15188	5.02	0
0	2.17074	5.01	0
0	2.19039	5	0
0	2.21083	4.99	0
0	2.23207	4.98	0
0	2.25433	4.97	0
0	2.27762	4.96	0
0	2.30172	4.95	0
0	2.32663	4.94	0
0	2.35236	4.93	0
0	2.37891	4.92	0
0	2.40628	4.91	0
0	2.43448	4.9	0
0	2.46351	4.89	0
0	2.49338	4.88	0
0	2.52428	4.87	0
0	2.55618	4.86	0
0	2.58895	4.85	0
0	2.62259	4.84	0
0	2.65711	4.83	0
0	2.69252	4.82	0
0	2.72883	4.81	0
0	2.76605	4.8	0
0	2.80419	4.79	0
0	2.84328	4.78	0
0	2.88338	4.77	0
0	2.92449	4.76	0
0	2.9666	4.75	0
0	3.00971	4.74	0
0	3.05386	4.73	0
0	3.09906	4.72	0
0	3.14534	4.71	0
0	3.19272	4.7	0
0	3.24125	4.69	0
0	3.29094	4.68	0
0	3.34163	4.67	0
0	3.39344	4.66	0
0	3.44652	4.65	0
0	3.5009	4.64	0
0	3.55663	4.63	0
0	3.61375	4.62	0
0	3.67231	4.61	0
0	3.73237	4.6	0
0	3.79397	4.59	0
0	3.85718	4.58	0
0	3.9214	4.57	0
0	3.98707	4.56	0
0	4.0545	4.55	0
0	4.12377	4.54	0
0	4.19496	4.53	0
0	4.26815	4.52	0
0	4.34341	4.51	0
0	4.42084	4.5	0
0	4.50053	4.49	0
0	4.58258	4.48	0
0	4.66571	4.47	0
0	4.75092	4.46	0
0	4.83873	4.45	0
0	4.92926	4.44	0
0	5.02263	4.43	0
0	5.11895	4.42	0
0	5.21835	4.41	0
0	5.32097	4.4	0
0	5.42695	4.39	0
0	5.53643	4.38	0
0	5.64721	4.37	0
0	5.76114	4.36	0
0	5.87891	4.35	0
0	6.0007	4.34	0
0	6.12666	4.33	0
0	6.25698	4.32	0
0	6.39183	4.31	0
0	6.53139	4.3	0
0	6.67587	4.29	0
0	6.82545	4.28	0
0	6.97675	4.27	0
0	7.13284	4.26	0
0	7.29448	4.25	0
0	7.46189	4.24	0
0	7.63529	4.23	0
0	7.81492	4.22	0
0	8.001	4.21	0
0	8.19377	4.2	0
0	8.19377	4.2	0
0	8.19385	4.19997	0.0105
0	8.19389	4.1999	0.0209997
0	8.19391	4.19976	0.0314988
0	8.19388	4.19958	0.0419972
0	8.19383	4.19934	0.0524945
0	8.19374	4.19906	0.0629906
0	8.19362	4.19871	0.073485
0	8.19347	4.19832	0.0839776
0	8.19329	4.19787	0.0944681
0	8.19317	4.19738	0.104956
0	8.19311	4.19682	0.115442
0	8.19302	4.19622	0.125924
0	8.1929	4.19557	0.136404
0	8.19274	4.19486	0.14688
0	8.19256	4.1941	0.157352
0	8.19235	4.19328	0.167821
0	8.19211	4.19242	0.178285
0	8.19185	4.1915	0.188745
0	8.19155	4.19053	0.1992
0	8.19141	4.18951	0.20965
0	8.19124	4.18843	0.220095
0	8.19105	4.18731	0.230534
0	8.19084	4.18613	0.240968
0	8.1906	4.1849	0.251396
0	8.19034	4.18362	0.261817
0	8.19005	4.18228	0.272232
0	8.18974	4.18089	0.28264
0	8.18942	4.17945	0.293041
0	8.18857	4.17796	0.303434
0	8.1876	4.17642	0.31382
0	8.18659	4.17482	0.324198
0	8.18553	4.17318	0.334568
0	8.18444	4.17148	0.34493
0	8.1833	4.16973	0.355283
0	8.18213	4.16793	0.365627
0	8.18092	4.16607	0.375962
0	8.17967	4.16417	0.386288
0	8.17838	4.16221	0.396604
0	8.1772	4.1602	0.40691
0	8.17601	4.15814	0.417206
0	8.17479	4.15603	0.427491
0	8.17355	4.15386	0.437766
0	8.17228	4.15165	0.44803
0	8.17098	4.14938	0.458282
0	8.16965	4.14707	0.468523
0	8.1683	4.1447	0.478753
0	8.16693	4.14228	0.48897
0	8.16555	4.13981	0.499176
0	8.16429	4.13729	0.509368
0	8.163	4.13472	0.519548
0	8.16171	4.13209	0.529715
0	8.1604	4.12942	0.539869
0	8.15907	4.12669	0.550009
0	8.15774	4.12392	0.560136
0	8.1564	4.12109	0.570249
0	8.15505	4.11822	0.580347
0	8.15369	4.11529	0.590431
0	8.15237	4.11231	0.6005
0	8.15114	4.10928	0.610554
0	8.1499	4.10621	0.620592
0	8.14868	4.10308	0.630616
0	8.14745	4.0999	0.640623
0	8.14623	4.09667	0.650615
0	8.14502	4.09339	0.66059
0	8.14382	4.09007	0.670548
0	8.14262	4.08669	0.68049
0	8.14144	4.08326	0.690415
0	8.14031	4.07978	0.700323
0	8.13765	4.07626	0.710213
0	8.1349	4.07268	0.720085
0	8.13214	4.06906	0.72994
0	8.12939	4.06538	0.739776
0	8.12664	4.06166	0.749594
0	8.12389	4.05789	0.759392
0	8.12115	4.05407	0.769172
0	8.11841	4.0502	0.778933
0	8.11568	4.04628	0.788674
0	8.11298	4.04231	0.798396
0	8.11036	4.03829	0.808097
0	8.10776	4.03423	0.817779
0	8.10518	4.03012	0.827439
0	8.10262	4.02595	0.83708
0	8.10008	4.02174	0.846699
0	8.09758	4.01749	0.856297
0	8.09509	4.01318	0.865874
0	8.09264	4.00883	0.875429
0	8.09022	4.00443	0.884962
0	8.08782	3.99998	0.894473
0	8.08552	3.99548	0.903962
0	8.08326	3.99094	0.913428
0	8.08104	3.98635	0.922871
0	8.07888	3.98171	0.932291
0	8.07537	3.97703	0.941688
0	8.07116	3.97229	0.951061
0	8.06698	3.96751	0.960411
0	8.06282	3.96269	0.969736
0	8.05869	3.95782	0.979038
0	8.05458	3.9529	0.988314
0	8.05051	3.94793	0.997566
0	8.0465	3.94292	1.00679
0	8.04253	3.93787	1.016
0	8.03861	3.93276	1.02517
0	8.03474	3.92761	1.03432
0	8.03091	3.92242	1.04345
0	8.02712	3.91718	1.05255
0	8.02339	3.91189	1.06162
0	8.0197	3.90656	1.07067
0	8.01607	3.90119	1.07969
0	8.01249	3.89577	1.08868
0	8.00896	3.8903	1.09764
0	8.00551	3.88479	1.10658
0	8.00158	3.87924	1.11549
0	7.99599	3.87364	1.12437
0	7.99045	3.86799	1.13323
0	7.98494	3.8623	1.14205
0	7.97947	3.85657	1.15085
0	7.97405	3.8508	1.15962
0	7.96866	3.84498	1.16836
0	7.96332	3.83911	1.17707
0	7.95803	3.8332	1.18575
0	7.95278	3.82725	1.1944
0	7.94759	3.82126	1.20302
0	7.94246	3.81522	1.21161
0	7.9374	3.80914	1.22017
0	7.9324	3.80302	1.2287
0	7.92747	3.79686	1.2372
0	7.9226	3.79065	1.24567
0	7.9178	3.7844	1.25411
0	7.91204	3.77811	1.26252
0	7.90515	3.77178	1.27089
0	7.89829	3.7654	1.27923
0	7.89147	3.75898	1.28755
0	7.88467	3.75253	1.29582
0	7.87792	3.74603	1.30407
0	7.87122	3.73948	1.31228
0	7.86458	3.7329	1.32047
0	7.85799	3.72628	1.32861
0	7.85145	3.71962	1.33673
0	7.84497	3.71291	1.34481
0	7.83855	3.70617	1.35286
0	7.83218	3.69938	1.36087
0	7.82587	3.69256	1.36885
0	7.81962	3.6857	1.3768
0	7.81262	3.67879	1.38471
0	7.80448	3.67185	1.39258
0	7.79637	3.66487	1.40043
0	7.7883	3.65784	1.40823
0	7.78026	3.65078	1.416
0	7.77225	3.64368	1.42374
0	7.76428	3.63655	1.43144
0	7.75634	3.62937	1.43911
0	7.74844	3.62216	1.44674
0	7.74058	3.6149	1.45433
0	7.73275	3.60761	1.46188
0	7.72496	3.60028	1.4694
0	7.7172	3.59292	1.47689
0	7.70949	3.58552	1.48433
0	7.70095	3.57808	1.49174
0	7.69172	3.5706	1.49911
0	7.68251	3.56308	1.50645
0	7.67331	3.55553	1.51374
0	7.66411	3.54795	1.521
0	7.65493	3.54032	1.52822
0	7.64575	3.53266	1.53541
0	7.63659	3.52497	1.54255
0	7.62743	3.51724	1.54966
0	7.61829	3.50947	1.55672
0	7.60915	3.50167	1.56375
0	7.60003	3.49384	1.57074
0	7.59092	3.48596	1.57769
0	7.58118	3.47806	1.5846
0	7.57094	3.47012	1.59147
0	7.56077	3.46214	1.5983
0	7.55059	3.45414	1.60509
0	7.54038	3.44609	1.61184
0	7.53016	3.43802	1.61855
0	7.51992	3.42991	1.62522
0	7.50965	3.42177	1.63185
0	7.49937	3.41359	1.63844
0	7.48907	3.40538	1.64499
0	7.47874	3.39714	1.65149
0	7.4684	3.38887	1.65796
0	7.45788	3.38056	1.66438
0	7.44695	3.37222	1.67076
0	7.43594	3.36385	1.6771
0	7.42484	3.35545	1.6834
0	7.41366	3.34702	1.68966
0	7.40256	3.33855	1.69587
0	7.39148	3.33006	1.70204
0	7.38034	3.32153	1.70817
0	7.36915	3.31298	1.71426
0	7.35792	3.30439	1.7203
0	7.34663	3.29578	1.7263
0	7.33529	3.28713	1.73226
0	7.32398	3.27845	1.73817
0	7.31263	3.26975	1.74404
0	7.30116	3.26101	1.74987
0	7.28958	3.25225	1.75565
0	7.27788	3.24346	1.76139
0	7.26607	3.23463	1.76709
0	7.25415	3.22579	1.77274
0	7.24212	3.21691	1.77835
0	7.22997	3.208	1.78391
0	7.21771	3.19907	1.78943
0	7.2056	3.19011	1.7949
0	7.1938	3.18112	1.80033
0	7.18244	3.1721	1.80571
0	7.17093	3.16306	1.81105
0	7.15929	3.15399	1.81634
0	7.14751	3.1449	1.82159
0	7.13558	3.13578	1.82679
0	7.12352	3.12663	1.83195
0	7.11132	3.11746	1.83706
0	7.09899	3.10826	1.84212
0	7.08652	3.09904	1.84714
0	7.07391	3.08979	1.85211
0	7.06183	3.08052	1.85704
0	7.05044	3.07122	1.86192
0	7.03885	3.0619	1.86675
0	7.02707	3.05255	1.87154
0	7.01511	3.04318	1.87627
0	7.00295	3.03379	1.88097
0	6.99061	3.02437	1.88561
0	6.97809	3.01493	1.89021
0	6.96589	3.00547	1.89476
0	6.95358	2.99599	1.89927
0	6.94111	2.98648	1.90372
0	6.93037	2.97695	1.90813
0	6.91974	2.9674	1.91249
0	6.90892	2.95782	1.9168
0	6.8979	2.94823	1.92107
0	6.88667	2.93861	1.92529
0	6.87525	2.92898	1.92946
0	6.86364	2.91932	1.93358
0	6.85183	2.90964	1.93765
0	6.83983	2.89994	1.94167
0	6.82764	2.89022	1.94565
0	6.81675	2.88049	1.94957
0	6.80701	2.87073	1.95345
0	6.79703	2.86095	1.95728
0	6.78683	2.85116	1.96106
0	6.77639	2.84134	1.96479
0	6.76574	2.83151	1.96848
0	6.75487	2.82166	1.97211
0	6.74378	2.81179	1.97569
0	6.73247	2.8019	1.97923
0	6.72096	2.79199	1.98271
0	6.71063	2.78207	1.98615
0	6.70212	2.77213	1.98953
0	6.69397	2.76218	1.99287
0	6.68569	2.7522	1.99615
0	6.67721	2.74222	1.99939
0	6.6685	2.73221	2.00258
0	6.65959	2.72219	2.00571
0	6.65047	2.71215	2.0088
0	6.64115	2.7021	2.01183
0	6.63162	2.69204	2.01482
0	6.62374	2.68195	2.01775
0	6.61781	2.67186	2.02064
0	6.61166	2.66175	2.02347
0	6.60529	2.65162	2.02626
0	6.5987	2.64149	2.02899
0	6.5919	2.63133	2.03167
0	6.5849	2.62117	2.0343
0	6.57769	2.61099	2.03688
0	6.57029	2.6008	2.03941
0	6.56269	2.5906	2.04189
0	6.55785	2.58038	2.04432
0	6.55437	2.57015	2.04669
0	6.55069	2.55991	2.04902
0	6.5468	2.54966	2.05129
0	6.54271	2.5394	2.05352
0	6.53843	2.52913	2.05569
0	6.53397	2.51884	2.05781
0	6.52932	2.50855	2.05988
0	6.5245	2.49825	2.06189
0	6.51952	2.48793	2.06386
0	6.51917	2.47761	2.06577
0	6.51882	2.46727	2.06763
0	6.51829	2.45693	2.06944
0	6.51759	2.44658	2.0712
0	6.51674	2.43622	2.07291
0	6.51573	2.42585	2.07457
0	6.51457	2.41547	2.07617
0	6.51327	2.40509	2.07772
0	6.51184	2.3947	2.07922
0	6.51225	2.3843	2.08067
0	6.51599	2.37389	2.08206
0	6.51959	2.36348	2.08341
0	6.52307	2.35306	2.0847
0	6.52643	2.34263	2.08594
0	6.52969	2.3322	2.08712
0	6.53285	2.32176	2.08826
0	6.53593	2.31131	2.08934
0	6.53929	2.30086	2.09037
0	6.54267	2.29041	2.09135
0	6.55078	2.27995	2.09228
0	6.55985	2.26949	2.09315
0	6.56885	2.25902	2.09397
0	6.57779	2.24855	2.09474
0	6.58668	2.23807	2.09546
0	6.59553	2.22759	2.09612
0	6.60434	2.21711	2.09673
0	6.61312	2.20663	2.09729
0	6.62189	2.19614	2.0978
0	6.63269	2.18565	2.09825
0	6.64774	2.17516	2.09865
0	6.66279	2.16466	2.099
0	6.67785	2.15417	2.0993
0	6.69293	2.14367	2.09955
0	6.70805	2.13317	2.09974
0	6.72322	2.12267	2.09988
0	6.73844	2.11217	2.09996
0	6.75372	2.10167	2.1
0	6.76907	2.09117	2.09998
0	6.79024	2.08067	2.09991
0	6.81255	2.07017	2.09979
0	6.83497	2.05967	2.09961
0	6.8575	2.04918	2.09938
0	6.88017	2.03868	2.0991
0	6.90299	2.02819	2.09877
0	6.92596	2.01769	2.09839
0	6.94909	2.0072	2.09795
0	6.97241	1.99671	2.09746
0	6.99857	1.98623	2.09692
0	7.0296	1.97574	2.09632
0	7.06085	1.96526	2.09567
0	7.09234	1.95479	2.09497
0	7.12408	1.94432	2.09422
0	7.1561	1.93385	2.09342
0	7.18839	1.92338	2.09256
0	7.22098	1.91292	2.09165
0	7.25388	1.90246	2.09069
0	7.28711	1.89201	2.08968
0	7.3284	1.88157	2.08861
0	7.37141	1.87113	2.08749
0	7.41491	1.86069	2.08632
0	7.45893	1.85026	2.0851
0	7.50348	1.83984	2.08382
0	7.54858	1.82943	2.0825
0	7.59426	1.81902	2.08112
0	7.64053	1.80862	2.07969
0	7.68741	1.79822	2.0782
0	7.7376	1.78783	2.07667
0	7.7945	1.77745	2.07508
0	7.85213	1.76708	2.07344
0	7.91051	1.75672	2.07175
0	7.96967	1.74637	2.07001
0	8.02962	1.73602	2.06822
0	8.09039	1.72568	2.06637
0	8.152	1.71536	2.06447
0	8.21448	1.70504	2.06252
0	8.27783	1.69473	2.06052
0	8.34876	1.68443	2.05847
0	8.42369	1.67415	2.05637
0	8.49967	1.66387	2.05421
0	8.57672	1.6536	2.05201
0	8.65487	1.64335	2.04975
0	8.73414	1.63311	2.04744
0	8.81455	1.62288	2.04508
0	8.89613	1.61266	2.04267
0	8.97889	1.60245	2.04021
0	9.06287	1.59225	2.03769
0	9.15869	1.58207	2.03513
0	9.25613	1.5719	2.03251
0	9.35501	1.56175	2.02985
0	9.45534	1.5516	2.02713
0	9.55715	1.54148	2.02436
0	9.66047	1.53136	2.02155
0	9.76532	1.52126	2.01868
0	9.87173	1.51117	2.01576
0	9.97972	1.5011	2.01279
0	10.0911	1.49105	2.00977
0	10.2145	1.48101	2.0067
0	10.3397	1.47098	2.00358
0	10.4669	1.46097	2.00041
0	10.5959	1.45098	1.99719
0	10.7269	1.441	1.99392
0	10.8598	1.43104	1.9906
0	11.0038	1.42109	1.98723
0	11.1523	1.41116	1.98381
0	11.3035	1.40125	1.98034
0	11.4597	1.39136	1.97682
0	11.6302	1.38149	1.97326
0	11.8038	1.37163	1.96964
0	11.9807	1.36179	1.96597
0	12.1608	1.35197	1.96226
0	12.3442	1.34217	1.95849
0	12.5309	1.33238	1.95468
0	12.7209	1.32262	1.95082
0	12.9144	1.31288	1.9469
0	13.1112	1.30315	1.94294
0	13.3117	1.29345	1.93894
0	13.5314	1.28376	1.93488
0	13.755	1.2741	1.93077
0	13.9827	1.26445	1.92662
0	14.2144	1.25483	1.92242
0	14.4501	1.24523	1.91817
0	14.69	1.23565	1.91387
0	14.9341	1.22609	1.90952
0	15.1823	1.21655	1.90513
0	15.4348	1.20704	1.90069
0	15.6915	1.19755	1.8962
0	15.9636	1.18808	1.89167
0	16.272	1.17863	1.88708
0	16.5949	1.16921	1.88245
0	16.9247	1.15981	1.87777
0	17.2613	1.15043	1.87305
0	17.6049	1.14108	1.86828
0	17.9553	1.13175	1.86346
0	18.3128	1.12244	1.8586
0	18.6773	1.11316	1.85369
0	19.0489	1.10391	1.84873
0	19.4276	1.09467	1.84372
0	19.8338	1.08547	1.83867
0	20.2483	1.07629	1.83358
0	20.6709	1.06713	1.82844
0	21.1017	1.058	1.82325
0	21.487	1.05	1.81865
0	20.6367	1.05	1.82865
0	19.8156	1.05	1.83865
0	19.0228	1.05	1.84865
0	18.2571	1.05	1.85865
0	17.5177	1.05	1.86865
0	16.8035	1.05	1.87865
0	16.1136	1.05	1.88865
0	15.5138	1.05	1.89865
0	14.9493	1.05	1.90865
0	14.4034	1.05	1.91865
0	13.8755	1.05	1.92865
0	13.365	1.05	1.93865
0	12.8711	1.05	1.94865
0	12.3933	1.05	1.95865
0	11.931	1.05	1.96865
0	11.4835	1.05	1.97865
0	11.0504	1.05	1.98865
0	10.6758	1.05	1.99865
0	10.3201	1.05	2.00865
0	9.97548	1.05	2.01865
0	9.64143	1.05	2.02865
0	9.31759	1.05	2.03865
0	9.00359	1.05	2.04865
0	8.69906	1.05	2.05865
0	8.40364	1.05	2.06865
0	8.11701	1.05	2.07865
0	7.83883	1.05	2.08865
0	7.59942	1.05	2.09865
0	7.36985	1.05	2.10865
0	7.14681	1.05	2.11865
0	6.93007	1.05	2.12865
0	6.71939	1.05	2.13865
0	6.51455	1.05	2.14865
0	6.31535	1.05	2.15865
0	6.1216	1.05	2.16865
0	5.93308	1.05	2.17865
0	5.74963	1.05	2.18865
0	5.59236	1.05	2.19865
0	5.44006	1.05	2.20865
0	5.2917	1.05	2.21865
0	5.14715	1.05	2.22865
0	5.00626	1.05	2.23865
0	4.86894	1.05	2.24865
0	4.73505	1.05	2.25865
0	4.60449	1.05	2.26865
0	4.47715	1.05	2.27865
0	4.35308	1.05	2.28865
0	4.24682	1.05	2.29865
0	4.14309	1.05	2.30865
0	4.04181	1.05	2.31865
0	3.94292	1.05	2.32865
0	3.84635	1.05	2.33865
0	3.75202	1.05	2.34865
0	3.65987	1.05	2.35865
0	3.56985	1.05	2.36865
0	3.48191	1.05	2.37865
0	3.39659	1.05	2.38865
0	3.32289	1.05	2.39865
0	3.25085	1.05	2.40865
0	3.18042	1.05	2.41865
0	3.11157	1.05	2.42865
0	3.04426	1.05	2.43865
0	2.97845	1.05	2.44865
0	2.91412	1.05	2.45865
0	2.85122	1.05	2.46865
0	2.78973	1.05	2.47865
0	2.73043	1.05	2.48865
0	2.67893	1.05	2.49865
0	2.62859	1.05	2.50865
0	2.57939	1.05	2.51865
0	2.5313	1.05	2.52865
0	2.48431	1.05	2.53865
0	2.4384	1.05	2.54865
0	2.39355	1.05	2.55865
0	2.34974	1.05	2.56865
0	2.30696	1.05	2.57865
0	2.26604	1.05	2.58865
0	2.23056	1.05	2.59865
0	2.19595	1.05	2.60865
0	2.1622	1.05	2.61865
0	2.12931	1.05	2.62865
0	2.09725	1.05	2.63865
0	2.06602	1.05	2.64865
0	2.03562	1.05	2.65865
0	2.00602	1.05	2.66865
0	1.97723	1.05	2.67865
0	1.95007	1.05	2.68865
0	1.92685	1.05	2.69865
0	1.90434	1.05	2.70865
0	1.88253	1.05	2.71865
0	1.86142	1.05	2.72865
0	1.84099	1.05	2.73865
0	1.82125	1.05	2.74865
0	1.80218	1.05	2.75865
0	1.78378	1.05	2.76865
0	1.76604	1.05	2.77865
0	1.74977	1.05	2.78865
0	1.7365	1.05	2.79865
0	1.72383	1.05	2.80865
0	1.71176	1.05	2.81865
0	1.70028	1.05	2.82865
0	1.6894	1.05	2.83865
0	1.67911	1.05	2.84865
0	1.6694	1.05	2.85865
0	1.66026	1.05	2.86865
0	1.65169	1.05	2.87865
0	1.64449	1.05	2.88865
0	1.63964	1.05	2.89865
0	1.63533	1.05	2.90865
0	1.63155	1.05	2.91865
0	1.6283	1.05	2.92865
0	1.62558	1.05	2.93865
0	1.62337	1.05	2.94865
0	1.62168	1.05	2.95865
0	1.62049	1.05	2.96865
0	1.6198	1.05	2.97865
0	1.62039	1.05	2.98865
0	1.62289	1.05	2.99865
0	1.62586	1.05	3.00865
0	1.62932	1.05	3.01865
0	1.63324	1.05	3.02865
0	1.63763	1.05	3.03865
0	1.64248	1.05	3.04865
0	1.64778	1.05	3.05865
0	1.65352	1.05	3.06865
0	1.6597	1.05	3.07865
0	1.66708	1.05	3.08865
0	1.676	1.05	3.09865
0	1.68535	1.05	3.10865
0	1.69512	1.05	3.11865
0	1.70529	1.05	3.12865
0	1.71587	1.05	3.13865
0	1.72684	1.05	3.14865
0	1.73819	1.05	3.15865
0	1.74992	1.05	3.16865
0	1.76202	1.05	3.17865
0	1.7752	1.05	3.18865
0	1.78961	1.05	3.19865
0	1.80437	1.05	3.20865
0	1.81948	1.05	3.21865
0	1.83493	1.05	3.22865
0	1.8507	1.05	3.23865
0	1.86678	1.05	3.24865
0	1.88317	1.05	3.25865
0	1.89985	1.05	3.26865
0	1.91682	1.05	3.27865
0	1.93471	1.05	3.28865
0	1.9535	1.05	3.29865
0	1.97256	1.05	3.30865
0	1.99187	1.05	3.31865
0	2.01142	1.05	3.32865
0	2.03121	1.05	3.33865
0	2.05122	1.05	3.34865
0	2.07143	1.05	3.35865
0	2.09184	1.05	3.36865
0	2.11244	1.05	3.37865
0	2.1337	1.05	3.38865
0	2.15553	1.05	3.39865
0	2.17752	1.05	3.40865
0	2.19965	1.05	3.41865
0	2.22191	1.05	3.42865
0	2.2443	1.05	3.43865
0	2.2668	1.05	3.44865
0	2.28939	1.05	3.45865
0	2.31207	1.05	3.46865
0	2.33481	1.05	3.47865
0	2.35787	1.05	3.48865
0	2.38115	1.05	3.49865
0	2.40446	1.05	3.50865
0	2.4278	1.05	3.51865
0	2.45115	1.05	3.52865
0	2.4745	1.05	3.53865
0	2.49784	1.05	3.54865
0	2.52115	1.05	3.55865
0	2.54443	1.05	3.56865
0	2.56765	1.05	3.57865
0	2.59073	1.05	3.58865
0	2.6137	1.05	3.59865
0	2.63659	1.05	3.60865
0	2.65937	1.05	3.61865
0	2.68205	1.05	3.62865
0	2.7046	1.05	3.63865
0	2.72701	1.05	3.64865
0	2.74929	1.05	3.65865
0	2.7714	1.05	3.66865
0	2.79336	1.05	3.67865
0	2.81464	1.05	3.68865
0	2.83554	1.05	3.69865
0	2.85623	1.05	3.70865
0	2.87671	1.05	3.71865
0	2.89697	1.05	3.72865
0	2.917	1.05	3.73865
0	2.93679	1.05	3.74865
0	2.95633	1.05	3.75865
0	2.97561	1.05	3.76865
0	2.99463	1.05	3.77865
0	3.01246	1.05	3.78865
0	3.02969	1.05	3.79865
0	3.04664	1.05	3.80865
0	3.06328	1.05	3.81865
0	3.07962	1.05	3.82865
0	3.09564	1.05	3.83865
0	3.11135	1.05	3.84865
0	3.12674	1.05	3.85865
0	3.14179	1.05	3.86865
0	3.15652	1.05	3.87865
0	3.16958	1.05	3.88865
0	3.18197	1.05	3.89865
0	3.19401	1.05	3.90865
0	3.2057	1.05	3.91865
0	3.21703	1.05	3.92865
0	3.22801	1.05	3.93865
0	3.23864	1.05	3.94865
0	3.2489	1.05	3.95865
0	3.25881	1.05	3.96865
0	3.26835	1.05	3.97865
0	3.2759	1.05	3.98865
0	3.28281	1.05	3.99865
0	3.28936	1.05	4.00865
0	3.29555	1.05	4.01865
0	3.30138	1.05	4.02865
0	3.30685	1.05	4.03865
0	3.31196	1.05	4.04865
0	3.31672	1.05	4.05865
0	3.32114	1.05	4.06865
0	3.3252	1.05	4.07865
0	3.32715	1.05	4.08865
0	3.32858	1.05	4.09865
0	3.32967	1.05	4.10865
0	3.33043	1.05	4.11865
0	3.33087	1.05	4.12865
0	3.33098	1.05	4.13865
0	3.33079	1.05	4.14865
0	3.33028	1.05	4.15865
0	3.32947	1.05	4.16865
0	3.32837	1.05	4.17865
0	3.32525	1.05	4.18865
0	3.32178	1.05	4.19865
0	3.31803	1.05	4.20865
0	3.31402	1.05	4.21865
0	3.30974	1.05	4.22865
0	3.30522	1.05	4.23865
0	3.30045	1.05	4.24865
0	3.29545	1.05	4.25865
0	3.29022	1.05	4.26865
0	3.28476	1.05	4.27865
0	3.27762	1.05	4.28865
0	3.27028	1.05	4.29865
0	3.26274	1.05	4.30865
0	3.25503	1.05	4.31865
0	3.24714	1.05	4.32865
0	3.23909	1.05	4.33865
0	3.23089	1.05	4.34865
0	3.22253	1.05	4.35865
0	3.21404	1.05	4.36865
0	3.20536	1.05	4.37865
0	3.19555	1.05	4.38865
0	3.18562	1.05	4.39865
0	3.1756	1.05	4.40865
0	3.16548	1.05	4.41865
0	3.15529	1.05	4.42865
0	3.14502	1.05	4.43865
0	3.13469	1.05	4.44865
0	3.1243	1.05	4.45865
0	3.11387	1.05	4.46865
0	3.10332	1.05	4.47865
0	3.09217	1.05	4.48865
0	3.081	1.05	4.49865
0	3.06981	1.05	4.50865
0	3.05862	1.05	4.51865
0	3.04743	1.05	4.52865
0	3.03626	1.05	4.53865
0	3.0251	1.05	4.54865
0	3.01396	1.05	4.55865
0	3.00286	1.05	4.56865
0	2.99175	1.05	4.57865
0	2.98048	1.05	4.58865
0	2.96927	1.05	4.59865
0	2.95811	1.05	4.60865
0	2.94702	1.05	4.61865
0	2.93601	1.05	4.62865
0	2.92506	1.05	4.63865
0	2.91421	1.05	4.64865
0	2.90344	1.05	4.65865
0	2.89276	1.05	4.66865
0	2.8822	1.05	4.67865
0	2.8718	1.05	4.68865
0	2.86152	1.05	4.69865
0	2.85134	1.05	4.70865
0	2.84129	1.05	4.71865
0	2.83135	1.05	4.72865
0	2.82154	1.05	4.73865
0	2.81185	1.05	4.74865
0	2.8023	1.05	4.75865
0	2.79288	1.05	4.76865
0	2.78369	1.05	4.77865
0	2.77487	1.05	4.78865
0	2.7662	1.05	4.79865
0	2.75767	1.05	4.80865
0	2.74929	1.05	4.81865
0	2.74106	1.05	4.82865
0	2.73298	1.05	4.83865
0	2.72506	1.05	4.84865
0	2.71729	1.05	4.85865
0	2.70967	1.05	4.86865
0	2.70236	1.05	4.87865
0	2.69555	1.05	4.88865
0	2.68889	1.05	4.89865
0	2.6824	1.05	4.90865
0	2.67606	1.05	4.91865
0	2.66988	1.05	4.92865
0	2.66386	1.05	4.93865
0	2.658	1.05	4.94865
0	2.65231	1.05	4.95865
0	2.64677	1.05	4.96865
0	2.64159	1.05	4.97865
0	2.63695	1.05	4.98865
0	2.63246	1.05	4.99865
0	2.62812	1.05	5.00865
0	2.62395	1.05	5.01865
0	2.61992	1.05	5.02865
0	2.61605	1.05	5.03865
0	2.61234	1.05	5.04865
0	2.60877	1.05	5.05865
0	2.60535	1.05	5.06865
0	2.60233	1.05	5.07865
0	2.59981	1.05	5.08865
0	2.59743	1.05	5.09865
0	2.59519	1.05	5.10865
0	2.59309	1.05	5.11865
0	2.59113	1.05	5.12865
0	2.58931	1.05	5.13865
0	2.58762	1.05	5.14865
0	2.58606	1.05	5.15865
0	2.58463	1.05	5.16865
0	2.58359	1.05	5.17865
0	2.58299	1.05	5.18865
0	2.58251	1.05	5.19865
0	2.58215	1.05	5.20865
0	2.5819	1.05	5.21865
0	2.58177	1.05	5.22865
0	2.58174	1.05	5.23865
0	2.58183	1.05	5.24865
0	2.58202	1.05	5.25865
0	2.58231	1.05	5.26865
0	2.58296	1.05	5.27865
0	2.58396	1.05	5.28865
0	2.58506	1.05	5.29865
0	2.58625	1.05	5.30865
0	2.58752	1.05	5.31865
0	2.58888	1.05	5.32865
0	2.59032	1.05	5.33865
0	2.59183	1.05	5.34865
0	2.59343	1.05	5.35865
0	2.59509	1.05	5.36865
0	2.59705	1.05	5.37865
0	2.59928	1.05	5.38865
0	2.60157	1.05	5.39865
0	2.60392	1.05	5.40865
0	2.60632	1.05	5.41865
0	2.60878	1.05	5.42865
0	2.61129	1.05	5.43865
0	2.61384	1.05	5.44865
0	2.61644	1.05	5.45865
0	2.61907	1.05	5.46865
0	2.62195	1.05	5.47865
0	2.62498	1.05	5.48865
0	2.62805	1.05	5.49865
0	2.63115	1.05	5.50865
0	2.63428	1.05	5.51865
0	2.63742	1.05	5.52865
0	2.64059	1.05	5.53865
0	2.64378	1.05	5.54865
0	2.64697	1.05	5.55865
0	2.65019	1.05	5.56865
0	2.65355	1.05	5.57865
0	2.65699	1.05	5.58865
0	2.66044	1.05	5.59865
0	2.66388	1.05	5.60865
0	2.66733	1.05	5.61865
0	2.67078	1.05	5.62865
0	2.67421	1.05	5.63865
0	2.67764	1.05	5.64865
0	2.68106	1.05	5.65865
0	2.68446	1.05	5.66865
0	2.68793	1.05	5.67865
0	2.69141	1.05	5.68865
0	2.69487	1.05	5.69865
0	2.69831	1.05	5.70865
0	2.70172	1.05	5.71865
0	2.70511	1.05	5.72865
0	2.70847	1.05	5.73865
0	2.71181	1.05	5.74865
0	2.71511	1.05	5.75865
0	2.71838	1.05	5.76865
0	2.72162	1.05	5.77865
0	2.72482	1.05	5.78865
0	2.72799	1.05	5.79865
0	2.73112	1.05	5.80865
0	2.73421	1.05	5.81865
0	2.73726	1.05	5.82865
0	2.74027	1.05	5.83865
0	2.74324	1.05	5.84865
0	2.74616	1.05	5.85865
0	2.74904	1.05	5.86865
0	2.7518	1.05	5.87865
0	2.7545	1.05	5.88865
0	2.75715	1.05	5.89865
0	2.75975	1.05	5.90865
0	2.7623	1.05	5.91865
0	2.76481	1.05	5.92865
0	2.76726	1.05	5.93865
0	2.76967	1.05	5.94865
0	2.77202	1.05	5.95865
0	2.77432	1.05	5.96865
0	2.77644	1.05	5.97865
0	2.77849	1.05	5.98865
0	2.78048	1.05	5.99865
