# iterations	 errorinentropy	 maxerror	(generated with python figs/yaml-multi-comparison.py /home/jordan/ising-cp-data/ /home/jordan/deft/papers/histogram/data/ising-128-T15-reference-lndos.dat ising/N128 128 32408 0 true 8 ising-sad-128 ising-sad-128-T15 ising-samc-1e7-128 ising-wl-128 ising-wl-inv-t-128 ising-samc-1e8-128 ising-samc-1e9-128
0.007812	2897	1.104e+04
0.01562	2897	1.104e+04
0.02344	2897	1.104e+04
0.03125	2897	1.104e+04
0.04688	2897	1.104e+04
0.05469	2897	1.104e+04
0.07812	2897	1.104e+04
0.1016	2897	1.104e+04
0.1406	2897	1.104e+04
0.1875	2897	1.104e+04
0.25	2897	1.104e+04
0.3281	2897	1.104e+04
0.4375	2897	1.104e+04
0.5859	2897	1.104e+04
0.7812	2897	1.104e+04
1.039	2897	1.104e+04
1.391	2897	1.104e+04
1.852	2897	1.104e+04
2.469	2897	1.104e+04
3.297	2897	1.104e+04
4.391	2897	1.104e+04
5.859	2897	1.104e+04
7.812	2897	1.104e+04
10.42	2897	1.104e+04
13.89	2897	1.104e+04
18.52	2897	1.104e+04
24.7	2897	1.104e+04
32.95	2897	1.104e+04
43.93	2897	1.104e+04
58.59	2897	1.103e+04
78.12	2896	1.103e+04
104.2	2896	1.103e+04
138.9	2896	1.103e+04
185.3	2896	1.103e+04
247.1	2896	1.103e+04
329.5	2895	1.103e+04
439.3	2895	1.103e+04
585.9	2894	1.102e+04
781.2	2892	1.099e+04
1042	2889	1.099e+04
1389	2889	1.099e+04
1853	2888	1.099e+04
2471	2884	1.097e+04
3295	2876	1.092e+04
4393	2861	1.089e+04
5859	2854	1.084e+04
7812	2832	1.079e+04
1.042e+04	2816	1.076e+04
1.389e+04	2800	1.076e+04
1.853e+04	2766	1.068e+04
2.471e+04	2718	1.058e+04
3.295e+04	2679	1.055e+04
4.393e+04	2573	1.032e+04
5.859e+04	2487	1.025e+04
7.812e+04	2362	1.01e+04
1.042e+05	2236	9787
1.389e+05	2111	9499
1.853e+05	1928	8911
2.471e+05	1817	8645
3.295e+05	1731	8234
4.393e+05	1608	7717
5.859e+05	1482	7221
7.812e+05	1374	6841
1.042e+06	1280	6467
1.389e+06	1180	6065
1.853e+06	1075	5624
2.471e+06	979.7	5285
3.295e+06	891.7	4943
4.393e+06	810.2	4644
5.859e+06	734.3	4360
7.812e+06	664.3	4129
1.042e+07	588.4	3835
1.389e+07	526.2	3614
1.853e+07	461.6	3352
2.471e+07	405	3120
3.295e+07	351.7	2919
4.393e+07	303.5	2716
5.859e+07	259.2	2463
7.812e+07	217	2217
1.042e+08	179.8	2104
1.389e+08	146.2	1894
1.853e+08	116	1636
2.471e+08	89.19	1419
3.295e+08	67.36	1241
4.393e+08	47.71	1048
5.859e+08	31.96	862.6
7.812e+08	19.47	683.3
1.042e+09	10.2	492.7
1.389e+09	3.951	306.5
1.853e+09	4.195	136.2
2.471e+09	2.005	6.508
3.295e+09	0.687	3.131
4.393e+09	1.07	3.36
5.859e+09	0.4768	3.262
7.812e+09	1.019	3.535
1.042e+10	0.4615	2.143
1.389e+10	0.459	1.724
1.853e+10	0.2779	1.114
2.471e+10	0.8032	2.724
3.295e+10	0.6589	2.172
4.393e+10	0.2065	1.131
5.859e+10	0.3581	1.293
7.812e+10	0.1785	1.03
1.042e+11	0.1992	0.6931
1.389e+11	0.4949	1.548
1.853e+11	0.089	0.4938
