# iterations	 errorinentropy	 maxerror	(generated with python figs/comparison.py 0 data/samc-1e3-T13-reference-lndos.dat s000/periodic-ww1.30-ff0.30-N50
496	51.61	209
5.129e+07	15.39	67.82
5.17e+07	15.24	67.38
5.195e+07	15.13	67.06
5.227e+07	15.11	67.01
5.269e+07	14.99	66.64
5.316e+07	14.81	65.8
5.366e+07	14.77	65.65
5.412e+07	14.71	65.47
5.459e+07	14.58	65.08
5.51e+07	14.49	64.82
5.572e+07	14.34	63.81
5.638e+07	14.12	63.15
5.721e+07	13.96	62.45
5.812e+07	13.62	60.69
5.886e+07	13.37	59.6
5.977e+07	13.07	58.18
6.069e+07	12.83	57.52
6.162e+07	12.69	57.08
6.268e+07	12.47	56.42
6.385e+07	12.29	55.75
6.515e+07	12.1	54.92
6.667e+07	11.84	52.67
6.831e+07	11.55	51.81
7.003e+07	11.26	50.6
7.174e+07	11.07	49.9
7.336e+07	10.86	49.09
7.503e+07	10.51	47.18
7.669e+07	10.32	46.61
7.873e+07	10.04	44.65
8.083e+07	9.638	42.89
8.299e+07	9.328	41.98
8.528e+07	9.114	41.27
8.75e+07	8.945	40.75
8.981e+07	8.738	39.63
9.202e+07	8.521	38.9
9.457e+07	8.348	38.4
9.721e+07	8.15	37.61
9.982e+07	8.014	37.07
1.026e+08	7.751	35.82
1.052e+08	7.591	35.23
1.08e+08	7.437	34.54
1.11e+08	7.18	32.93
1.139e+08	6.878	30.82
1.168e+08	6.625	30.06
1.2e+08	6.452	29.51
1.233e+08	6.3	29.04
1.265e+08	6.17	28.67
1.298e+08	6.024	27.87
1.331e+08	5.892	27.45
1.365e+08	5.759	26.62
1.399e+08	5.662	26.34
1.436e+08	5.522	25.61
1.474e+08	5.416	25.11
1.512e+08	5.292	24.24
1.547e+08	5.111	23.16
1.582e+08	4.971	22.72
1.62e+08	4.837	22.35
1.66e+08	4.713	21.13
1.7e+08	4.579	20.73
1.741e+08	4.474	20.43
1.784e+08	4.332	19.77
1.823e+08	4.246	19.52
1.867e+08	4.189	19.35
1.912e+08	4.077	18.91
1.957e+08	3.987	18.65
2.003e+08	3.905	18.32
2.05e+08	3.841	17.97
2.098e+08	3.784	17.72
2.145e+08	3.684	16.56
2.189e+08	3.591	16.12
2.236e+08	3.472	15.71
2.284e+08	3.421	15.57
2.335e+08	3.375	15.42
2.387e+08	3.253	14.95
2.438e+08	3.182	14.63
2.489e+08	3.116	14.18
2.543e+08	3.046	13.97
2.597e+08	2.987	13.81
2.652e+08	2.94	13.67
2.708e+08	2.907	13.58
2.765e+08	2.869	13.44
2.821e+08	2.802	13.03
2.877e+08	2.766	12.86
2.936e+08	2.697	12.64
2.995e+08	2.665	12.5
3.054e+08	2.605	12.1
3.109e+08	2.57	11.98
3.168e+08	2.513	11.82
3.23e+08	2.463	11.42
3.287e+08	2.429	11.33
3.349e+08	2.385	11.21
3.412e+08	2.362	11.13
3.478e+08	2.32	11
3.543e+08	2.298	10.93
3.61e+08	2.278	10.77
3.675e+08	2.239	10.66
3.741e+08	2.211	10.47
3.809e+08	2.16	10.31
3.876e+08	2.128	10.22
3.944e+08	2.095	10.1
4.013e+08	2.062	9.712
4.08e+08	2.018	9.516
4.15e+08	1.992	9.441
4.222e+08	1.969	9.381
4.296e+08	1.944	9.256
4.367e+08	1.923	9.189
4.439e+08	1.886	8.881
4.512e+08	1.85	8.766
4.584e+08	1.842	8.745
4.661e+08	1.801	8.641
4.737e+08	1.77	8.524
4.808e+08	1.756	8.482
4.885e+08	1.729	8.064
4.96e+08	1.675	7.774
5.034e+08	1.641	7.676
5.115e+08	1.605	7.578
5.196e+08	1.585	7.523
5.278e+08	1.556	7.441
5.36e+08	1.536	7.373
5.442e+08	1.52	7.316
5.524e+08	1.485	7.212
5.603e+08	1.471	7.178
5.685e+08	1.453	7.124
5.771e+08	1.441	7.094
5.857e+08	1.415	6.77
5.932e+08	1.376	6.373
6.011e+08	1.364	6.339
6.1e+08	1.356	6.311
6.19e+08	1.339	6.265
6.277e+08	1.335	6.255
6.368e+08	1.332	6.246
6.458e+08	1.322	6.229
6.551e+08	1.312	6.204
6.637e+08	1.295	6.132
6.729e+08	1.273	6.073
6.823e+08	1.262	6.035
6.918e+08	1.245	5.838
7.009e+08	1.219	5.504
7.103e+08	1.197	5.431
7.199e+08	1.172	5.366
7.292e+08	1.149	5.31
7.386e+08	1.137	5.28
7.486e+08	1.127	5.258
7.584e+08	1.104	5.132
7.676e+08	1.086	4.93
7.77e+08	1.065	4.873
7.867e+08	1.031	4.781
7.964e+08	1.023	4.759
8.067e+08	1.021	4.751
8.172e+08	1.011	4.719
8.277e+08	1.005	4.702
8.384e+08	0.9948	4.675
8.489e+08	0.983	4.641
8.597e+08	0.9622	4.574
8.7e+08	0.9505	4.536
8.806e+08	0.9456	4.521
8.915e+08	0.9364	4.499
9.023e+08	0.9205	4.439
9.125e+08	0.9182	4.434
9.235e+08	0.9103	4.425
9.344e+08	0.9025	4.297
9.448e+08	0.8849	4.132
9.553e+08	0.8712	4.092
9.66e+08	0.86	4.063
9.774e+08	0.8522	4.046
9.886e+08	0.8479	4.029
9.998e+08	0.8379	3.994
1.011e+09	0.8259	3.823
1.022e+09	0.807	3.591
1.034e+09	0.8	3.574
1.045e+09	0.7934	3.556
1.057e+09	0.7866	3.539
1.069e+09	0.7682	3.48
1.081e+09	0.7596	3.458
1.093e+09	0.7471	3.377
1.104e+09	0.736	3.339
1.116e+09	0.7241	3.305
1.128e+09	0.7219	3.294
1.14e+09	0.7117	3.273
1.153e+09	0.6934	3.221
1.165e+09	0.6826	3.192
1.177e+09	0.6779	3.181
1.19e+09	0.6687	3.156
1.202e+09	0.655	3.08
1.214e+09	0.653	3.074
1.227e+09	0.638	2.999
1.24e+09	0.6377	2.995
1.252e+09	0.6294	2.975
1.265e+09	0.6226	2.957
1.278e+09	0.6209	2.952
1.291e+09	0.6204	2.949
1.304e+09	0.617	2.905
1.318e+09	0.6094	2.885
1.331e+09	0.6024	2.871
1.344e+09	0.5985	2.854
1.357e+09	0.5929	2.847
1.37e+09	0.5912	2.848
1.384e+09	0.5863	2.844
1.397e+09	0.576	2.722
1.409e+09	0.565	2.66
1.423e+09	0.5592	2.641
1.437e+09	0.5516	2.623
1.45e+09	0.5488	2.62
1.464e+09	0.5462	2.615
1.478e+09	0.5408	2.599
1.492e+09	0.5345	2.578
1.506e+09	0.5349	2.581
1.52e+09	0.5296	2.57
1.535e+09	0.5185	2.443
1.548e+09	0.5102	2.417
1.562e+09	0.5072	2.412
1.577e+09	0.5039	2.405
1.591e+09	0.5006	2.401
1.606e+09	0.4936	2.345
1.62e+09	0.4933	2.344
1.635e+09	0.492	2.343
1.65e+09	0.4916	2.347
1.665e+09	0.4935	2.355
1.68e+09	0.4877	2.346
1.694e+09	0.4886	2.351
1.709e+09	0.4823	2.333
1.724e+09	0.4741	2.291
1.739e+09	0.4658	2.27
1.753e+09	0.4622	2.262
1.768e+09	0.4609	2.261
1.784e+09	0.458	2.258
1.799e+09	0.458	2.259
1.815e+09	0.4553	2.252
1.83e+09	0.4558	2.253
1.846e+09	0.4526	2.251
1.861e+09	0.4481	2.213
1.876e+09	0.4507	2.221
1.892e+09	0.4467	2.221
1.908e+09	0.4412	2.213
1.923e+09	0.4357	2.204
1.939e+09	0.4282	2.155
1.954e+09	0.4203	2.019
1.97e+09	0.4158	1.987
1.986e+09	0.406	1.88
2.002e+09	0.3992	1.831
2.017e+09	0.3974	1.827
2.034e+09	0.3992	1.83
2.051e+09	0.3985	1.83
2.067e+09	0.3967	1.828
2.084e+09	0.3901	1.788
2.1e+09	0.3831	1.762
2.117e+09	0.3787	1.747
2.134e+09	0.3736	1.737
2.15e+09	0.3678	1.726
2.167e+09	0.3643	1.719
2.184e+09	0.3632	1.718
2.201e+09	0.36	1.71
2.218e+09	0.3563	1.705
2.235e+09	0.3536	1.696
2.252e+09	0.3504	1.653
2.27e+09	0.3453	1.633
2.287e+09	0.3389	1.554
2.303e+09	0.3374	1.551
2.32e+09	0.3339	1.534
2.338e+09	0.3302	1.493
2.355e+09	0.3296	1.489
2.373e+09	0.3263	1.484
2.391e+09	0.3243	1.481
2.409e+09	0.3203	1.47
2.427e+09	0.3195	1.464
2.445e+09	0.314	1.445
2.463e+09	0.3097	1.435
2.481e+09	0.3063	1.407
2.499e+09	0.3042	1.403
2.518e+09	0.3011	1.396
2.536e+09	0.3013	1.399
2.555e+09	0.2988	1.396
2.573e+09	0.2976	1.395
2.592e+09	0.2936	1.386
2.611e+09	0.2934	1.386
2.63e+09	0.2909	1.383
2.648e+09	0.2896	1.383
2.667e+09	0.2831	1.347
2.685e+09	0.2772	1.333
2.703e+09	0.2734	1.324
2.721e+09	0.2735	1.327
2.74e+09	0.2721	1.325
2.76e+09	0.2711	1.323
2.779e+09	0.2705	1.323
2.799e+09	0.2694	1.321
2.818e+09	0.2664	1.309
2.837e+09	0.2624	1.296
2.857e+09	0.2603	1.268
2.876e+09	0.258	1.266
2.896e+09	0.2595	1.273
2.916e+09	0.2582	1.255
2.935e+09	0.2571	1.255
2.955e+09	0.2569	1.259
2.975e+09	0.2544	1.257
2.995e+09	0.2517	1.224
3.013e+09	0.2502	1.222
3.033e+09	0.25	1.224
3.053e+09	0.25	1.226
3.073e+09	0.2511	1.231
3.094e+09	0.2492	1.23
3.115e+09	0.249	1.234
3.135e+09	0.2463	1.229
3.155e+09	0.2454	1.231
3.176e+09	0.2452	1.233
3.196e+09	0.2453	1.237
3.217e+09	0.2431	1.208
3.237e+09	0.2431	1.214
3.258e+09	0.2439	1.22
3.279e+09	0.2418	1.219
3.299e+09	0.2398	1.221
3.32e+09	0.2378	1.212
3.341e+09	0.238	1.216
3.362e+09	0.239	1.222
3.383e+09	0.2377	1.223
3.405e+09	0.2357	1.216
3.426e+09	0.2348	1.213
3.448e+09	0.2322	1.203
3.469e+09	0.2293	1.17
3.491e+09	0.2281	1.157
3.512e+09	0.225	1.153
3.534e+09	0.2239	1.137
3.554e+09	0.2242	1.14
3.576e+09	0.2243	1.146
3.598e+09	0.2188	1.118
3.619e+09	0.2135	1.068
3.64e+09	0.2133	1.066
3.662e+09	0.2108	1.041
3.684e+09	0.2093	1.039
3.706e+09	0.2066	1.028
3.729e+09	0.2034	1.016
3.75e+09	0.2042	1.021
3.773e+09	0.2023	1.021
3.795e+09	0.1997	1.011
3.818e+09	0.1983	1.01
3.84e+09	0.199	1.014
3.863e+09	0.1996	1.018
3.886e+09	0.198	1.004
3.909e+09	0.1977	1.006
3.932e+09	0.1968	1.005
3.955e+09	0.1956	0.9985
3.977e+09	0.197	1.004
4.001e+09	0.1945	0.9944
4.023e+09	0.1949	0.9994
4.046e+09	0.1924	0.9883
4.07e+09	0.1922	0.9912
4.093e+09	0.1925	0.9943
4.117e+09	0.1941	1.001
4.141e+09	0.1952	1.007
4.165e+09	0.1958	1.01
4.189e+09	0.195	1.012
4.213e+09	0.1967	1.02
4.237e+09	0.1975	1.027
4.26e+09	0.196	1.019
4.284e+09	0.1965	1.023
4.308e+09	0.197	1.028
4.332e+09	0.1991	1.035
4.357e+09	0.1994	1.035
4.381e+09	0.1979	1.036
4.405e+09	0.1966	1.037
4.429e+09	0.1949	1.037
4.453e+09	0.1938	1.031
4.477e+09	0.1952	1.037
4.502e+09	0.1946	1.039
4.526e+09	0.1938	1.04
4.551e+09	0.1929	1.043
4.576e+09	0.1916	1.024
4.6e+09	0.189	1.002
4.625e+09	0.1873	0.997
4.65e+09	0.1878	1.002
4.674e+09	0.1858	0.9832
4.7e+09	0.1811	0.9321
4.723e+09	0.1798	0.9155
4.748e+09	0.176	0.8895
4.773e+09	0.174	0.886
4.798e+09	0.1746	0.8911
4.824e+09	0.1749	0.8951
4.849e+09	0.1733	0.8675
4.875e+09	0.1721	0.8674
4.901e+09	0.1712	0.8686
4.926e+09	0.1703	0.8709
4.951e+09	0.169	0.8682
4.976e+09	0.1672	0.8574
5.002e+09	0.167	0.8551
5.027e+09	0.1676	0.8591
5.053e+09	0.1671	0.8602
5.08e+09	0.1679	0.8656
5.106e+09	0.1675	0.8672
5.132e+09	0.1668	0.8683
5.158e+09	0.1658	0.8484
5.183e+09	0.1641	0.8403
5.21e+09	0.1658	0.8475
5.237e+09	0.1645	0.8394
5.262e+09	0.1665	0.847
5.29e+09	0.1667	0.85
5.316e+09	0.1677	0.8547
5.344e+09	0.1682	0.8585
5.37e+09	0.1676	0.8574
5.397e+09	0.1643	0.8178
5.422e+09	0.1633	0.8184
5.447e+09	0.1632	0.8213
5.472e+09	0.1631	0.819
5.497e+09	0.1639	0.8212
5.522e+09	0.1649	0.8255
5.547e+09	0.1648	0.8282
5.572e+09	0.1648	0.8307
5.598e+09	0.1652	0.8344
5.623e+09	0.1662	0.8387
5.649e+09	0.1643	0.8376
5.674e+09	0.1616	0.8191
5.699e+09	0.1598	0.7933
5.724e+09	0.16	0.7862
5.749e+09	0.1602	0.7898
5.775e+09	0.1586	0.7891
5.8e+09	0.1565	0.7877
5.826e+09	0.1561	0.7884
5.852e+09	0.1565	0.7924
5.878e+09	0.1562	0.7901
5.904e+09	0.1553	0.7898
5.93e+09	0.1533	0.7847
5.956e+09	0.1535	0.7806
5.982e+09	0.1541	0.7834
6.008e+09	0.1519	0.7814
6.034e+09	0.1514	0.783
6.06e+09	0.1528	0.7881
6.087e+09	0.1497	0.769
6.114e+09	0.1483	0.7644
6.14e+09	0.1479	0.7668
6.167e+09	0.1469	0.759
6.192e+09	0.1456	0.7572
6.219e+09	0.1429	0.7421
6.245e+09	0.1427	0.7452
6.272e+09	0.1401	0.7215
6.299e+09	0.1399	0.7236
6.326e+09	0.1368	0.7013
6.353e+09	0.1352	0.6996
6.38e+09	0.1345	0.701
6.408e+09	0.1328	0.7002
6.435e+09	0.1335	0.7043
6.462e+09	0.1334	0.7066
6.489e+09	0.1337	0.71
6.517e+09	0.1354	0.7161
6.544e+09	0.1327	0.7052
6.571e+09	0.1341	0.7106
6.599e+09	0.1334	0.7082
6.626e+09	0.1332	0.7101
6.654e+09	0.1342	0.7137
6.682e+09	0.1345	0.7172
6.71e+09	0.1341	0.7191
6.738e+09	0.1333	0.7202
6.766e+09	0.1317	0.717
6.793e+09	0.1326	0.7215
6.821e+09	0.13	0.7003
6.848e+09	0.1314	0.7053
6.877e+09	0.1323	0.709
6.906e+09	0.132	0.7052
6.934e+09	0.1293	0.6899
6.961e+09	0.1283	0.6891
6.989e+09	0.1251	0.6594
7.015e+09	0.1235	0.6409
7.042e+09	0.1221	0.6306
7.07e+09	0.1211	0.6321
7.099e+09	0.1209	0.6321
7.126e+09	0.1214	0.6355
7.154e+09	0.1203	0.6355
7.183e+09	0.1198	0.637
7.212e+09	0.1203	0.6394
7.241e+09	0.1178	0.6323
7.269e+09	0.1175	0.6345
7.299e+09	0.1183	0.6384
7.327e+09	0.1199	0.6433
7.356e+09	0.1201	0.6412
7.384e+09	0.1192	0.6408
7.414e+09	0.1191	0.6411
7.443e+09	0.1197	0.6422
7.472e+09	0.1208	0.6466
7.502e+09	0.1191	0.6398
7.53e+09	0.1205	0.6451
7.56e+09	0.1206	0.6474
7.589e+09	0.1216	0.6517
7.619e+09	0.1224	0.6564
7.648e+09	0.1232	0.6571
7.678e+09	0.1227	0.6577
7.708e+09	0.1232	0.6606
7.738e+09	0.1215	0.6389
7.767e+09	0.1212	0.6401
7.796e+09	0.1224	0.6446
7.827e+09	0.123	0.6461
7.858e+09	0.123	0.6492
7.889e+09	0.1227	0.6507
7.919e+09	0.1225	0.6523
7.949e+09	0.1226	0.6485
7.98e+09	0.1231	0.6528
8.011e+09	0.1241	0.6573
8.042e+09	0.1236	0.6589
8.073e+09	0.1223	0.6582
8.103e+09	0.1214	0.6558
8.134e+09	0.1209	0.6554
8.165e+09	0.122	0.6603
8.196e+09	0.1206	0.6566
8.227e+09	0.119	0.6413
8.257e+09	0.1183	0.642
8.288e+09	0.119	0.646
8.319e+09	0.1201	0.65
8.351e+09	0.1203	0.6531
8.382e+09	0.1214	0.6578
8.414e+09	0.1214	0.6597
8.446e+09	0.1215	0.6619
8.478e+09	0.1196	0.6575
8.508e+09	0.1175	0.6423
8.539e+09	0.1174	0.6426
8.571e+09	0.1169	0.6345
8.602e+09	0.1182	0.6383
8.634e+09	0.1161	0.622
8.665e+09	0.1148	0.6033
8.697e+09	0.1134	0.5868
8.727e+09	0.1124	0.5801
8.759e+09	0.1131	0.5833
8.792e+09	0.1131	0.5837
8.824e+09	0.1115	0.5698
8.854e+09	0.1111	0.5667
8.886e+09	0.1103	0.5678
8.918e+09	0.1092	0.5677
8.95e+09	0.1089	0.5656
8.981e+09	0.107	0.5602
9.011e+09	0.106	0.5491
9.041e+09	0.1054	0.5457
9.072e+09	0.1064	0.55
9.105e+09	0.108	0.5549
9.138e+09	0.1077	0.556
9.17e+09	0.1086	0.5586
9.203e+09	0.1082	0.56
9.235e+09	0.1077	0.544
9.267e+09	0.1072	0.544
9.299e+09	0.1077	0.5467
9.333e+09	0.1083	0.5503
9.367e+09	0.1082	0.5491
9.4e+09	0.108	0.551
9.433e+09	0.1085	0.5548
9.467e+09	0.1082	0.5569
9.5e+09	0.1092	0.5611
9.534e+09	0.1099	0.5645
9.568e+09	0.109	0.5642
9.601e+09	0.1088	0.5665
9.635e+09	0.1095	0.5701
9.669e+09	0.109	0.5715
9.703e+09	0.1102	0.5757
9.738e+09	0.1099	0.5775
9.772e+09	0.1094	0.5756
9.806e+09	0.1089	0.5765
9.84e+09	0.1083	0.5684
9.874e+09	0.1072	0.5616
9.908e+09	0.1068	0.562
9.941e+09	0.1062	0.556
9.976e+09	0.106	0.5576
1.001e+10	0.1054	0.5589
1.004e+10	0.1062	0.5626
1.008e+10	0.1044	0.5525
1.011e+10	0.1038	0.554
1.015e+10	0.1029	0.5448
1.018e+10	0.101	0.5243
1.021e+10	0.09853	0.5047
1.025e+10	0.09714	0.4949
1.028e+10	0.09529	0.4744
1.032e+10	0.09347	0.4671
1.035e+10	0.09344	0.4661
1.039e+10	0.09352	0.4685
1.042e+10	0.09371	0.4709
1.046e+10	0.09359	0.4701
1.049e+10	0.09342	0.471
1.053e+10	0.09436	0.4743
1.056e+10	0.09448	0.4767
1.06e+10	0.09385	0.4701
1.064e+10	0.09365	0.471
1.067e+10	0.09451	0.4748
1.07e+10	0.09406	0.4756
1.074e+10	0.09401	0.4778
1.078e+10	0.09383	0.4764
1.081e+10	0.09096	0.4437
1.085e+10	0.09159	0.4472
1.088e+10	0.09232	0.4503
1.092e+10	0.09232	0.4534
1.096e+10	0.09085	0.4409
1.099e+10	0.09095	0.4399
1.103e+10	0.08992	0.439
1.106e+10	0.08935	0.4342
1.11e+10	0.09043	0.4378
1.114e+10	0.09039	0.4402
1.117e+10	0.0889	0.4315
1.121e+10	0.08865	0.4331
1.125e+10	0.09014	0.4377
1.129e+10	0.09108	0.4413
1.132e+10	0.09125	0.4385
1.136e+10	0.09192	0.4416
1.14e+10	0.09209	0.4419
1.143e+10	0.09145	0.4374
1.147e+10	0.09148	0.4396
1.151e+10	0.09194	0.4429
1.155e+10	0.08979	0.4303
1.158e+10	0.09048	0.4337
1.162e+10	0.09022	0.4352
1.166e+10	0.08898	0.4336
1.169e+10	0.08807	0.4264
1.173e+10	0.08803	0.427
1.177e+10	0.08691	0.4269
1.18e+10	0.08676	0.4268
1.184e+10	0.08788	0.4306
1.188e+10	0.08761	0.4327
1.192e+10	0.0866	0.4149
1.195e+10	0.08622	0.4167
1.199e+10	0.08367	0.3953
1.203e+10	0.08329	0.3941
1.206e+10	0.08303	0.39
1.21e+10	0.08226	0.39
1.214e+10	0.08207	0.3865
1.217e+10	0.08195	0.3886
1.221e+10	0.08193	0.3879
1.225e+10	0.08236	0.3911
1.229e+10	0.08281	0.394
1.233e+10	0.08205	0.3921
1.236e+10	0.08146	0.3906
1.24e+10	0.08241	0.3934
1.244e+10	0.08241	0.3936
1.247e+10	0.0812	0.3812
1.251e+10	0.07972	0.3752
1.255e+10	0.07933	0.3761
1.258e+10	0.07972	0.3784
1.262e+10	0.07868	0.3708
1.266e+10	0.07856	0.3682
1.269e+10	0.07934	0.3708
1.273e+10	0.07844	0.3636
1.277e+10	0.07823	0.365
1.28e+10	0.07893	0.368
1.284e+10	0.0784	0.3676
1.288e+10	0.07886	0.3708
1.291e+10	0.07835	0.3717
1.295e+10	0.07759	0.3625
1.298e+10	0.07736	0.3617
1.302e+10	0.07671	0.3578
1.306e+10	0.07602	0.3565
1.31e+10	0.07648	0.3589
1.313e+10	0.07481	0.3475
1.317e+10	0.07473	0.3491
1.321e+10	0.07483	0.3501
1.325e+10	0.07423	0.3506
1.328e+10	0.0756	0.3547
1.332e+10	0.07564	0.3569
1.336e+10	0.07473	0.356
1.34e+10	0.07415	0.3551
1.343e+10	0.07258	0.3485
1.347e+10	0.07239	0.3495
1.351e+10	0.07238	0.3488
1.354e+10	0.07222	0.3502
1.358e+10	0.07274	0.3525
1.362e+10	0.07346	0.3555
1.366e+10	0.07396	0.3554
1.369e+10	0.07407	0.3572
1.373e+10	0.07344	0.3567
1.377e+10	0.07347	0.3567
1.381e+10	0.07381	0.3584
1.384e+10	0.07434	0.3613
1.388e+10	0.07391	0.3622
1.392e+10	0.07347	0.3632
1.396e+10	0.07279	0.3639
1.399e+10	0.07137	0.3549
1.403e+10	0.07194	0.3579
1.407e+10	0.07121	0.3549
1.41e+10	0.07153	0.3562
1.414e+10	0.07131	0.3575
1.418e+10	0.07186	0.3603
1.422e+10	0.07184	0.3618
1.425e+10	0.07068	0.3531
1.429e+10	0.06979	0.3452
1.433e+10	0.06881	0.3379
1.436e+10	0.06801	0.3365
1.44e+10	0.06861	0.3395
1.444e+10	0.06849	0.3407
1.448e+10	0.06853	0.3425
1.451e+10	0.06771	0.3395
1.455e+10	0.0669	0.3375
1.459e+10	0.06659	0.3379
1.463e+10	0.06639	0.3332
1.466e+10	0.06588	0.328
1.47e+10	0.06592	0.3278
1.474e+10	0.06594	0.3253
1.477e+10	0.06506	0.3213
1.481e+10	0.06365	0.312
1.485e+10	0.06438	0.3151
1.488e+10	0.06468	0.3155
1.492e+10	0.06523	0.3183
1.496e+10	0.06568	0.3185
1.5e+10	0.06555	0.3186
1.503e+10	0.06453	0.3137
1.507e+10	0.06466	0.3155
1.511e+10	0.06556	0.3188
1.515e+10	0.06556	0.3206
1.518e+10	0.0665	0.3241
1.522e+10	0.06548	0.3173
1.526e+10	0.06543	0.3174
1.53e+10	0.06626	0.3196
1.533e+10	0.06623	0.3181
1.537e+10	0.06592	0.319
1.541e+10	0.06531	0.3199
1.544e+10	0.06394	0.3016
1.548e+10	0.06326	0.294
1.552e+10	0.06307	0.2903
1.555e+10	0.06205	0.2831
1.559e+10	0.06095	0.2689
1.563e+10	0.06005	0.2625
1.566e+10	0.05949	0.2616
1.57e+10	0.05955	0.2583
1.574e+10	0.05951	0.2597
1.578e+10	0.05987	0.2616
1.581e+10	0.0583	0.2551
1.585e+10	0.05761	0.2481
1.589e+10	0.05626	0.2411
1.592e+10	0.05649	0.2423
1.596e+10	0.05609	0.2418
1.6e+10	0.05707	0.2451
1.604e+10	0.0579	0.2478
1.607e+10	0.05852	0.2507
1.611e+10	0.05943	0.2538
1.615e+10	0.06012	0.2567
1.619e+10	0.06061	0.2589
1.623e+10	0.06095	0.2609
1.626e+10	0.06126	0.2633
1.63e+10	0.06078	0.2642
1.634e+10	0.06088	0.2661
1.638e+10	0.0608	0.2677
1.641e+10	0.06033	0.2685
1.645e+10	0.06071	0.2707
1.649e+10	0.06063	0.2723
1.653e+10	0.06072	0.2737
1.656e+10	0.05946	0.2663
1.66e+10	0.05901	0.2621
1.664e+10	0.05904	0.26
1.667e+10	0.05985	0.2633
1.671e+10	0.05938	0.2598
1.675e+10	0.0591	0.2579
1.679e+10	0.05788	0.2501
1.682e+10	0.05793	0.2518
1.686e+10	0.05808	0.2538
1.69e+10	0.05816	0.2545
1.694e+10	0.0583	0.256
1.697e+10	0.05853	0.258
1.701e+10	0.05826	0.2504
1.705e+10	0.05799	0.2479
1.708e+10	0.05843	0.2499
1.712e+10	0.05893	0.2523
1.716e+10	0.05797	0.2521
1.72e+10	0.05733	0.2501
1.723e+10	0.05637	0.2448
1.727e+10	0.05659	0.2469
1.731e+10	0.05645	0.2481
1.734e+10	0.05674	0.2497
1.738e+10	0.05677	0.2514
1.742e+10	0.05683	0.2527
1.746e+10	0.05676	0.2536
1.749e+10	0.05672	0.2536
1.753e+10	0.05619	0.2462
1.757e+10	0.05645	0.2483
1.761e+10	0.05693	0.2494
1.765e+10	0.05586	0.2408
1.768e+10	0.05573	0.2422
1.772e+10	0.05593	0.2438
1.776e+10	0.05604	0.2455
1.779e+10	0.05546	0.2443
1.783e+10	0.05547	0.2445
1.786e+10	0.05526	0.2423
1.79e+10	0.05536	0.2445
1.794e+10	0.05455	0.2422
1.797e+10	0.05394	0.242
1.801e+10	0.05463	0.2442
1.805e+10	0.05404	0.2417
1.808e+10	0.05434	0.2427
1.812e+10	0.05391	0.243
1.815e+10	0.05418	0.2449
1.819e+10	0.05447	0.2468
1.823e+10	0.0548	0.2486
1.827e+10	0.0533	0.2415
1.83e+10	0.05351	0.2429
1.834e+10	0.05401	0.2454
1.838e+10	0.05358	0.2464
1.842e+10	0.05345	0.2466
1.846e+10	0.05314	0.2449
1.849e+10	0.05348	0.2472
1.853e+10	0.05291	0.2461
1.857e+10	0.05308	0.2464
1.86e+10	0.05244	0.2455
1.864e+10	0.05261	0.2471
1.868e+10	0.05272	0.2483
1.872e+10	0.052	0.2478
1.875e+10	0.05086	0.2417
1.879e+10	0.05103	0.2441
1.883e+10	0.05126	0.2455
1.886e+10	0.05118	0.2448
1.89e+10	0.05156	0.2469
1.894e+10	0.05138	0.2474
1.898e+10	0.05115	0.2477
1.901e+10	0.0504	0.2464
1.905e+10	0.04965	0.2439
1.909e+10	0.04935	0.2446
1.913e+10	0.0486	0.2413
1.916e+10	0.04927	0.2435
1.92e+10	0.04855	0.2431
1.924e+10	0.04784	0.2395
1.927e+10	0.04765	0.2401
1.931e+10	0.04754	0.2414
1.935e+10	0.0483	0.2439
1.939e+10	0.04889	0.2453
1.943e+10	0.04809	0.2421
1.946e+10	0.04772	0.2427
1.95e+10	0.04816	0.2449
1.954e+10	0.04757	0.2362
1.957e+10	0.0472	0.2334
1.961e+10	0.04742	0.2355
1.964e+10	0.04752	0.2369
1.968e+10	0.04805	0.2392
1.972e+10	0.04757	0.2402
1.976e+10	0.04814	0.2427
1.979e+10	0.04761	0.2429
1.983e+10	0.04759	0.2419
1.987e+10	0.04601	0.2332
1.991e+10	0.04616	0.2347
1.994e+10	0.0464	0.2351
1.998e+10	0.04677	0.2379
2.002e+10	0.04643	0.2388
2.006e+10	0.04619	0.2388
2.009e+10	0.04611	0.2393
2.013e+10	0.04584	0.2396
2.017e+10	0.04618	0.2421
2.021e+10	0.04608	0.2416
2.024e+10	0.04592	0.2426
2.028e+10	0.04651	0.2447
2.032e+10	0.04628	0.2451
2.036e+10	0.04666	0.2471
2.039e+10	0.04552	0.24
2.043e+10	0.04586	0.2406
2.047e+10	0.04581	0.2419
2.05e+10	0.04586	0.2436
2.054e+10	0.04508	0.2396
2.058e+10	0.0451	0.2389
2.061e+10	0.04479	0.2373
2.065e+10	0.04488	0.2377
2.069e+10	0.04539	0.2399
2.073e+10	0.04625	0.2427
2.077e+10	0.04693	0.2458
2.08e+10	0.04647	0.2452
2.084e+10	0.04679	0.2458
2.088e+10	0.04639	0.2446
2.092e+10	0.04609	0.2422
2.095e+10	0.0461	0.2436
2.099e+10	0.046	0.2446
2.103e+10	0.0462	0.2462
2.107e+10	0.04601	0.2415
2.11e+10	0.04554	0.2418
2.114e+10	0.04565	0.2434
2.118e+10	0.04548	0.2434
2.122e+10	0.04556	0.2449
2.125e+10	0.04533	0.2457
2.129e+10	0.04501	0.2443
2.133e+10	0.04524	0.2457
2.136e+10	0.04565	0.2476
2.14e+10	0.04632	0.2496
2.144e+10	0.04645	0.251
2.148e+10	0.04637	0.2514
2.151e+10	0.045	0.239
2.155e+10	0.04517	0.2406
2.159e+10	0.04525	0.2419
2.162e+10	0.04563	0.2434
2.166e+10	0.04546	0.2415
2.17e+10	0.04547	0.2424
2.174e+10	0.04544	0.2429
2.177e+10	0.04532	0.242
2.181e+10	0.04487	0.2425
2.185e+10	0.04527	0.2446
2.189e+10	0.04546	0.2459
2.192e+10	0.04541	0.2472
2.196e+10	0.04512	0.247
2.2e+10	0.04519	0.2483
2.204e+10	0.04402	0.2447
2.207e+10	0.04428	0.2457
2.211e+10	0.0442	0.2463
2.215e+10	0.0442	0.2442
2.218e+10	0.04382	0.2448
2.222e+10	0.04428	0.2466
2.226e+10	0.04417	0.2459
2.23e+10	0.04398	0.243
2.233e+10	0.0441	0.2443
2.237e+10	0.04395	0.2432
2.241e+10	0.04384	0.244
2.245e+10	0.0437	0.2452
2.248e+10	0.04368	0.2463
2.252e+10	0.04385	0.2475
2.256e+10	0.04398	0.2494
2.259e+10	0.04382	0.2495
2.263e+10	0.04356	0.2495
2.267e+10	0.04377	0.2511
2.271e+10	0.044	0.2526
2.274e+10	0.04363	0.2478
2.278e+10	0.04345	0.2455
2.282e+10	0.0438	0.2473
2.285e+10	0.04358	0.247
2.289e+10	0.04359	0.2471
2.293e+10	0.0438	0.2487
2.297e+10	0.04415	0.2505
2.3e+10	0.04429	0.2521
2.304e+10	0.04418	0.2527
2.308e+10	0.045	0.2554
2.312e+10	0.04544	0.2576
2.315e+10	0.0454	0.2543
2.319e+10	0.04538	0.2555
2.323e+10	0.04482	0.2553
2.327e+10	0.04428	0.2531
2.33e+10	0.04391	0.2529
2.334e+10	0.04385	0.2539
2.338e+10	0.04383	0.2548
2.341e+10	0.04434	0.2568
2.345e+10	0.04425	0.2577
2.349e+10	0.04472	0.2597
2.353e+10	0.04515	0.2615
2.356e+10	0.04541	0.263
2.36e+10	0.04587	0.2648
2.364e+10	0.04591	0.2662
2.368e+10	0.0449	0.2558
2.371e+10	0.04534	0.2578
2.375e+10	0.04501	0.2569
2.379e+10	0.04419	0.2525
2.382e+10	0.04398	0.2524
2.386e+10	0.04387	0.2527
2.39e+10	0.04358	0.2502
2.394e+10	0.04318	0.2486
2.397e+10	0.04279	0.2487
2.401e+10	0.04286	0.2496
2.405e+10	0.04334	0.2515
2.409e+10	0.04306	0.2518
2.412e+10	0.04296	0.2531
2.416e+10	0.04286	0.2539
2.42e+10	0.04309	0.2554
2.424e+10	0.04341	0.2571
2.427e+10	0.04274	0.2534
2.431e+10	0.04268	0.2544
2.435e+10	0.04276	0.2555
2.439e+10	0.04241	0.2535
2.442e+10	0.04221	0.2534
2.446e+10	0.04225	0.2535
2.45e+10	0.04229	0.254
2.453e+10	0.04195	0.2546
2.457e+10	0.04145	0.2543
2.461e+10	0.04034	0.2436
2.465e+10	0.04057	0.2446
2.468e+10	0.04069	0.2461
2.472e+10	0.04091	0.2474
2.476e+10	0.04073	0.2483
2.48e+10	0.04029	0.2463
2.483e+10	0.04012	0.2462
2.487e+10	0.0403	0.2477
2.491e+10	0.04014	0.248
2.494e+10	0.03981	0.2442
2.498e+10	0.04024	0.2459
2.502e+10	0.04002	0.2468
2.506e+10	0.04027	0.2483
2.509e+10	0.04039	0.2497
2.513e+10	0.04002	0.2469
2.517e+10	0.03983	0.245
2.52e+10	0.0395	0.2423
2.524e+10	0.03894	0.2372
2.528e+10	0.03924	0.2386
2.532e+10	0.03924	0.2391
2.535e+10	0.0388	0.2356
2.539e+10	0.03902	0.2371
2.543e+10	0.03942	0.2389
2.547e+10	0.03956	0.2402
2.55e+10	0.03967	0.2414
2.554e+10	0.03943	0.2411
2.558e+10	0.03946	0.242
2.562e+10	0.04003	0.2438
2.565e+10	0.04037	0.2453
2.569e+10	0.04022	0.2462
2.573e+10	0.03991	0.2463
2.577e+10	0.04045	0.2479
2.58e+10	0.04051	0.2473
2.584e+10	0.04019	0.2426
2.588e+10	0.04074	0.245
2.592e+10	0.04105	0.2463
2.595e+10	0.04075	0.2464
2.599e+10	0.04089	0.2474
2.603e+10	0.04131	0.249
2.607e+10	0.04085	0.2451
2.61e+10	0.04025	0.242
2.614e+10	0.04052	0.2434
2.618e+10	0.04086	0.2453
2.622e+10	0.04067	0.246
2.625e+10	0.0408	0.2471
2.629e+10	0.04066	0.2479
2.633e+10	0.0405	0.2465
2.636e+10	0.04047	0.2475
2.64e+10	0.04035	0.2482
2.644e+10	0.03976	0.2414
2.647e+10	0.03972	0.2423
2.651e+10	0.03968	0.2411
2.655e+10	0.03971	0.2417
2.659e+10	0.03943	0.2396
2.662e+10	0.03955	0.241
2.666e+10	0.03971	0.2423
2.67e+10	0.03997	0.2438
2.674e+10	0.03963	0.2438
2.677e+10	0.03904	0.2434
2.681e+10	0.03843	0.2402
2.685e+10	0.03809	0.2386
2.688e+10	0.03866	0.2408
2.692e+10	0.03852	0.2405
2.696e+10	0.03864	0.241
2.699e+10	0.03803	0.2383
2.703e+10	0.03776	0.2374
2.707e+10	0.03777	0.2386
2.711e+10	0.0377	0.2389
2.714e+10	0.03733	0.2337
2.718e+10	0.0377	0.2352
2.722e+10	0.03752	0.2356
2.725e+10	0.03792	0.2371
2.729e+10	0.03767	0.2378
2.733e+10	0.03761	0.2369
2.737e+10	0.03769	0.2379
2.74e+10	0.03765	0.2386
2.744e+10	0.038	0.2401
2.748e+10	0.03776	0.2409
2.752e+10	0.03804	0.2412
2.755e+10	0.03812	0.2419
2.759e+10	0.03851	0.2433
2.763e+10	0.03884	0.2448
2.767e+10	0.03887	0.2458
2.77e+10	0.03878	0.2463
2.774e+10	0.03901	0.245
2.778e+10	0.0392	0.2463
2.782e+10	0.03921	0.2469
2.785e+10	0.03926	0.2467
2.789e+10	0.03929	0.2462
2.793e+10	0.03859	0.2399
2.797e+10	0.03878	0.241
2.8e+10	0.03898	0.2421
2.804e+10	0.03871	0.2429
2.808e+10	0.03875	0.244
2.812e+10	0.0382	0.2414
2.815e+10	0.03789	0.2402
2.819e+10	0.03794	0.2415
2.823e+10	0.03796	0.2427
2.827e+10	0.03832	0.2434
2.83e+10	0.03842	0.2447
2.834e+10	0.03842	0.2453
2.838e+10	0.03824	0.2439
2.842e+10	0.03845	0.2449
2.845e+10	0.03779	0.2414
2.849e+10	0.0371	0.2367
2.853e+10	0.03717	0.2376
2.856e+10	0.0374	0.2356
2.86e+10	0.03682	0.2352
2.864e+10	0.03687	0.2348
2.867e+10	0.03642	0.2329
2.871e+10	0.0363	0.2312
2.875e+10	0.03639	0.2322
2.879e+10	0.03632	0.2331
2.882e+10	0.03653	0.2339
2.886e+10	0.03667	0.2349
2.89e+10	0.03684	0.2359
2.894e+10	0.03682	0.2364
2.897e+10	0.03734	0.2382
2.901e+10	0.03723	0.236
2.905e+10	0.03746	0.2366
2.909e+10	0.03664	0.2324
2.912e+10	0.03676	0.2333
2.916e+10	0.03672	0.2329
2.92e+10	0.03644	0.2327
2.923e+10	0.03675	0.2341
2.927e+10	0.03643	0.2313
2.931e+10	0.03659	0.2325
2.935e+10	0.03674	0.234
2.938e+10	0.0366	0.2343
2.942e+10	0.03667	0.2352
2.946e+10	0.03714	0.2369
2.95e+10	0.03696	0.2371
2.953e+10	0.0369	0.238
2.957e+10	0.03659	0.2379
2.961e+10	0.03686	0.2391
2.965e+10	0.037	0.2403
2.968e+10	0.03691	0.2405
2.972e+10	0.03708	0.2417
2.976e+10	0.03742	0.2428
2.98e+10	0.03759	0.244
2.983e+10	0.03787	0.2457
2.987e+10	0.03779	0.2455
2.991e+10	0.03746	0.2436
2.995e+10	0.03738	0.2438
2.998e+10	0.03689	0.2381
3.002e+10	0.03705	0.2392
3.006e+10	0.03738	0.2405
3.01e+10	0.03798	0.2424
3.013e+10	0.03813	0.2433
3.017e+10	0.03799	0.2422
3.02e+10	0.03838	0.2438
3.023e+10	0.03849	0.2444
3.026e+10	0.03868	0.2452
3.029e+10	0.03877	0.2461
3.032e+10	0.03894	0.2471
3.035e+10	0.03911	0.2478
3.038e+10	0.03907	0.247
3.04e+10	0.03884	0.2459
3.043e+10	0.03889	0.2468
3.047e+10	0.03889	0.2469
3.05e+10	0.03918	0.2484
3.054e+10	0.03886	0.2485
3.058e+10	0.03891	0.2492
3.062e+10	0.0386	0.2495
3.065e+10	0.03823	0.2489
3.069e+10	0.03775	0.2449
3.073e+10	0.0373	0.2432
3.076e+10	0.03731	0.2441
3.08e+10	0.03659	0.2409
3.084e+10	0.03603	0.2368
3.087e+10	0.03598	0.2373
3.091e+10	0.03585	0.2377
3.095e+10	0.03617	0.2391
3.099e+10	0.03652	0.2405
3.103e+10	0.03666	0.2417
3.106e+10	0.03613	0.2405
3.11e+10	0.0361	0.2413
3.114e+10	0.03618	0.2423
3.118e+10	0.03617	0.2429
3.121e+10	0.03587	0.2418
3.125e+10	0.03647	0.2435
3.129e+10	0.03694	0.2452
3.132e+10	0.03705	0.2463
3.136e+10	0.03734	0.2477
3.14e+10	0.03758	0.2489
3.144e+10	0.03762	0.2487
3.147e+10	0.0367	0.2427
3.151e+10	0.03639	0.2411
3.155e+10	0.03641	0.2418
3.158e+10	0.03652	0.2429
3.162e+10	0.03654	0.243
3.166e+10	0.03681	0.244
3.17e+10	0.03672	0.2442
3.173e+10	0.03685	0.2454
3.177e+10	0.03684	0.2461
3.181e+10	0.03676	0.247
3.184e+10	0.03642	0.2441
3.188e+10	0.03607	0.2445
3.192e+10	0.03634	0.2459
3.195e+10	0.0361	0.2465
3.199e+10	0.03583	0.247
3.203e+10	0.03561	0.2475
3.206e+10	0.03485	0.2399
3.21e+10	0.03473	0.2404
3.214e+10	0.0342	0.2395
3.217e+10	0.03432	0.2406
3.221e+10	0.03363	0.2326
3.225e+10	0.03358	0.2319
3.228e+10	0.03364	0.2328
3.232e+10	0.03334	0.2327
3.236e+10	0.03363	0.2341
3.24e+10	0.03381	0.2356
3.243e+10	0.03381	0.2358
3.247e+10	0.03384	0.2367
3.251e+10	0.03426	0.2383
3.255e+10	0.0346	0.2399
3.258e+10	0.03437	0.2387
3.262e+10	0.03423	0.2393
3.266e+10	0.0334	0.233
3.27e+10	0.03278	0.2315
3.273e+10	0.0327	0.2306
3.277e+10	0.0327	0.2312
3.281e+10	0.03256	0.2312
3.285e+10	0.03268	0.232
3.288e+10	0.03279	0.2318
3.292e+10	0.03255	0.2315
3.296e+10	0.03264	0.2322
3.3e+10	0.03221	0.2312
3.303e+10	0.03141	0.2252
3.307e+10	0.03131	0.2255
3.311e+10	0.03153	0.2266
3.314e+10	0.03159	0.2269
3.318e+10	0.03213	0.2284
3.322e+10	0.0322	0.2293
3.326e+10	0.03229	0.2299
3.33e+10	0.03238	0.2307
3.333e+10	0.03231	0.2288
3.337e+10	0.03249	0.2298
3.341e+10	0.03239	0.229
3.345e+10	0.03203	0.2245
3.348e+10	0.03194	0.2239
3.352e+10	0.0319	0.2247
3.356e+10	0.03175	0.2232
3.36e+10	0.03148	0.2196
3.363e+10	0.03152	0.2204
3.367e+10	0.03174	0.2217
3.371e+10	0.03173	0.2226
3.375e+10	0.03157	0.2232
3.378e+10	0.03162	0.2241
3.382e+10	0.03189	0.2251
3.385e+10	0.03213	0.2262
3.388e+10	0.03225	0.2271
3.391e+10	0.03213	0.2276
3.394e+10	0.03197	0.2273
3.397e+10	0.03212	0.2283
3.4e+10	0.03201	0.2288
3.403e+10	0.03215	0.2295
3.406e+10	0.03185	0.2295
3.408e+10	0.03236	0.231
3.411e+10	0.03242	0.2305
3.414e+10	0.03207	0.23
3.417e+10	0.03198	0.23
3.42e+10	0.03234	0.2313
3.423e+10	0.03193	0.2273
3.425e+10	0.03231	0.2284
3.429e+10	0.03197	0.2277
3.432e+10	0.03235	0.2292
3.436e+10	0.03266	0.2308
3.44e+10	0.03296	0.2322
3.444e+10	0.03291	0.2319
3.447e+10	0.03278	0.2317
3.451e+10	0.0328	0.2325
3.455e+10	0.03298	0.2328
3.459e+10	0.03262	0.2309
3.462e+10	0.03275	0.2319
3.466e+10	0.03262	0.2319
3.47e+10	0.03259	0.2327
3.473e+10	0.03299	0.2342
3.477e+10	0.03292	0.2348
3.481e+10	0.03289	0.2355
3.485e+10	0.03307	0.2366
3.488e+10	0.03326	0.2373
3.492e+10	0.03341	0.2386
3.496e+10	0.03324	0.2384
3.5e+10	0.03357	0.2395
3.503e+10	0.03358	0.24
3.507e+10	0.03376	0.2412
3.511e+10	0.03394	0.2424
3.515e+10	0.03414	0.2434
3.518e+10	0.03392	0.2436
3.522e+10	0.03408	0.2448
3.526e+10	0.03456	0.2462
3.53e+10	0.0344	0.247
3.533e+10	0.03419	0.2475
3.537e+10	0.03389	0.2474
3.541e+10	0.0338	0.2474
3.544e+10	0.03377	0.247
3.548e+10	0.03352	0.2472
3.552e+10	0.03374	0.2486
3.556e+10	0.0339	0.2493
3.559e+10	0.03432	0.251
3.563e+10	0.03395	0.2504
3.567e+10	0.03379	0.2508
3.571e+10	0.03326	0.2455
3.574e+10	0.03331	0.2451
3.578e+10	0.03332	0.2458
3.582e+10	0.03362	0.247
3.585e+10	0.03345	0.2455
3.589e+10	0.03365	0.2468
3.593e+10	0.0339	0.2482
3.597e+10	0.03421	0.2496
3.601e+10	0.03419	0.2498
3.604e+10	0.03391	0.2484
3.608e+10	0.03394	0.2486
3.612e+10	0.03344	0.2461
3.615e+10	0.0331	0.2465
3.619e+10	0.03316	0.2474
3.623e+10	0.0331	0.248
3.627e+10	0.03289	0.2481
3.63e+10	0.03269	0.2469
3.634e+10	0.03219	0.243
3.638e+10	0.03228	0.2418
3.641e+10	0.03169	0.2355
3.645e+10	0.03117	0.2339
3.649e+10	0.03144	0.2343
3.653e+10	0.03116	0.2323
3.656e+10	0.03132	0.2332
3.66e+10	0.03138	0.2323
3.664e+10	0.03126	0.2313
3.668e+10	0.03121	0.2318
3.671e+10	0.03119	0.2325
3.675e+10	0.03145	0.2339
3.679e+10	0.03138	0.233
3.683e+10	0.03145	0.2337
3.686e+10	0.03159	0.2344
3.69e+10	0.03172	0.2355
3.694e+10	0.03165	0.2362
3.698e+10	0.03169	0.2372
3.701e+10	0.03144	0.2367
3.705e+10	0.03151	0.2374
3.709e+10	0.03107	0.2366
3.713e+10	0.03069	0.2361
3.716e+10	0.03072	0.2367
3.72e+10	0.0306	0.2361
3.724e+10	0.03069	0.237
3.727e+10	0.03094	0.2382
3.731e+10	0.03016	0.2323
3.735e+10	0.02966	0.2284
3.738e+10	0.02965	0.2277
3.742e+10	0.02952	0.2282
3.746e+10	0.02909	0.2256
3.749e+10	0.02903	0.2246
3.753e+10	0.02923	0.2255
3.757e+10	0.02931	0.2262
3.761e+10	0.02935	0.2271
3.764e+10	0.02949	0.2278
3.768e+10	0.02927	0.2257
3.772e+10	0.02949	0.2267
3.776e+10	0.02975	0.2279
3.779e+10	0.02965	0.2277
3.783e+10	0.02961	0.2283
3.787e+10	0.02962	0.229
3.791e+10	0.0295	0.2278
3.794e+10	0.02974	0.2291
3.798e+10	0.02969	0.2293
3.802e+10	0.02989	0.2304
3.806e+10	0.02999	0.231
3.809e+10	0.02995	0.2317
3.813e+10	0.03013	0.2329
3.817e+10	0.02981	0.2319
3.821e+10	0.02981	0.2326
3.824e+10	0.02926	0.2288
3.828e+10	0.02948	0.2296
3.832e+10	0.02955	0.23
3.836e+10	0.0298	0.2313
3.839e+10	0.02996	0.2321
3.843e+10	0.03	0.2331
3.847e+10	0.03017	0.2337
3.851e+10	0.03027	0.2342
3.854e+10	0.03049	0.2353
3.858e+10	0.03084	0.2363
3.862e+10	0.03056	0.235
3.866e+10	0.02988	0.2294
3.869e+10	0.02974	0.2299
3.873e+10	0.02946	0.2295
3.877e+10	0.02921	0.2295
3.88e+10	0.02914	0.2298
3.884e+10	0.02928	0.2309
3.888e+10	0.02912	0.231
3.892e+10	0.02925	0.2318
3.896e+10	0.02895	0.2281
3.899e+10	0.02913	0.2289
3.903e+10	0.02924	0.2287
3.907e+10	0.02956	0.2297
3.911e+10	0.02969	0.2306
3.914e+10	0.02898	0.2261
3.918e+10	0.02921	0.2271
3.922e+10	0.02913	0.2265
3.926e+10	0.0291	0.2272
3.929e+10	0.02902	0.2278
3.933e+10	0.02894	0.2286
3.937e+10	0.0291	0.2295
3.941e+10	0.02925	0.2305
3.944e+10	0.02879	0.2249
3.948e+10	0.02826	0.2207
3.952e+10	0.02846	0.2217
3.955e+10	0.02863	0.2228
3.959e+10	0.0287	0.2235
3.963e+10	0.02828	0.2229
3.967e+10	0.02767	0.2162
3.97e+10	0.0278	0.2171
3.974e+10	0.0278	0.2163
3.978e+10	0.02739	0.2135
3.981e+10	0.02755	0.2143
3.985e+10	0.02784	0.2154
3.989e+10	0.02806	0.2165
3.993e+10	0.02821	0.2177
3.996e+10	0.02812	0.2183
4e+10	0.02802	0.2188
4.004e+10	0.02794	0.2189
4.008e+10	0.02753	0.2162
4.011e+10	0.02741	0.2167
4.015e+10	0.02727	0.2168
4.019e+10	0.02746	0.2176
4.023e+10	0.02775	0.2186
4.026e+10	0.02773	0.2161
4.03e+10	0.02724	0.2108
4.034e+10	0.02736	0.2117
4.038e+10	0.02741	0.2126
4.041e+10	0.02768	0.2138
4.045e+10	0.02805	0.2149
4.049e+10	0.0282	0.2154
4.053e+10	0.02824	0.216
4.056e+10	0.02824	0.2164
4.06e+10	0.02827	0.2172
4.064e+10	0.02849	0.2179
4.068e+10	0.02846	0.2174
4.072e+10	0.02858	0.2173
4.075e+10	0.02877	0.2183
4.079e+10	0.02898	0.2193
4.083e+10	0.02919	0.22
4.087e+10	0.02923	0.2202
4.091e+10	0.02897	0.2199
4.094e+10	0.02901	0.2204
4.098e+10	0.02943	0.2218
4.102e+10	0.02969	0.2228
4.106e+10	0.02953	0.2229
4.109e+10	0.02961	0.2237
4.113e+10	0.02991	0.225
4.117e+10	0.02996	0.2258
4.121e+10	0.0299	0.2265
4.124e+10	0.02957	0.2208
4.128e+10	0.02989	0.2218
4.132e+10	0.03014	0.2228
4.136e+10	0.03009	0.2235
4.139e+10	0.02956	0.2195
4.143e+10	0.02923	0.2177
4.147e+10	0.02923	0.2184
4.15e+10	0.0292	0.2187
4.154e+10	0.02882	0.2164
4.158e+10	0.02917	0.2176
4.162e+10	0.02894	0.2147
4.165e+10	0.02906	0.2157
4.169e+10	0.02867	0.2146
4.173e+10	0.02846	0.2147
4.176e+10	0.02847	0.215
4.18e+10	0.02828	0.2151
4.184e+10	0.02835	0.216
4.188e+10	0.02816	0.2145
4.191e+10	0.02864	0.2159
4.195e+10	0.0285	0.216
4.199e+10	0.0284	0.2161
4.203e+10	0.0285	0.2169
4.206e+10	0.02828	0.2133
4.21e+10	0.02836	0.2127
4.214e+10	0.02845	0.2134
4.218e+10	0.02852	0.214
4.221e+10	0.02848	0.2147
4.225e+10	0.02869	0.2157
4.229e+10	0.02826	0.2128
4.233e+10	0.0283	0.2138
4.236e+10	0.02807	0.2127
4.24e+10	0.02819	0.2131
4.244e+10	0.02809	0.2132
4.247e+10	0.02821	0.2141
4.251e+10	0.0284	0.215
4.255e+10	0.02861	0.216
4.259e+10	0.0285	0.2159
4.262e+10	0.02858	0.2152
4.266e+10	0.02869	0.216
4.269e+10	0.02857	0.216
4.272e+10	0.02859	0.2154
4.275e+10	0.02851	0.2155
4.278e+10	0.02839	0.2142
4.281e+10	0.02819	0.2119
4.284e+10	0.02812	0.2122
4.287e+10	0.02828	0.213
4.29e+10	0.0285	0.2137
4.293e+10	0.02846	0.2143
4.295e+10	0.0286	0.2149
4.298e+10	0.02862	0.2154
4.301e+10	0.0286	0.2157
4.304e+10	0.02885	0.2166
4.307e+10	0.02893	0.2174
4.31e+10	0.02893	0.2179
4.313e+10	0.02916	0.219
4.316e+10	0.02927	0.2195
4.319e+10	0.02936	0.2197
4.321e+10	0.02957	0.2206
4.324e+10	0.02926	0.2198
4.327e+10	0.02948	0.2208
4.33e+10	0.02943	0.2213
4.333e+10	0.02937	0.2219
4.336e+10	0.02925	0.2221
4.339e+10	0.02942	0.2228
4.342e+10	0.02967	0.2235
4.344e+10	0.0299	0.2242
4.347e+10	0.03001	0.2249
4.35e+10	0.03023	0.2257
4.353e+10	0.03043	0.2265
4.356e+10	0.03031	0.2265
4.359e+10	0.03031	0.2269
4.362e+10	0.03034	0.2276
4.364e+10	0.02997	0.2255
4.367e+10	0.03009	0.2263
4.37e+10	0.03014	0.2268
4.373e+10	0.03011	0.2273
4.376e+10	0.03005	0.227
4.379e+10	0.02997	0.2249
4.381e+10	0.02996	0.2254
4.384e+10	0.03014	0.226
4.387e+10	0.02995	0.2262
4.39e+10	0.03013	0.2269
4.393e+10	0.03031	0.2277
4.396e+10	0.03015	0.2279
4.399e+10	0.03042	0.229
4.402e+10	0.03033	0.2279
4.405e+10	0.02974	0.2222
4.408e+10	0.02958	0.2218
4.411e+10	0.02949	0.2218
4.414e+10	0.02935	0.2208
4.417e+10	0.02938	0.2214
4.419e+10	0.02953	0.2221
4.422e+10	0.02951	0.2227
4.425e+10	0.02922	0.2225
4.428e+10	0.0294	0.2232
4.431e+10	0.02902	0.2194
4.434e+10	0.0292	0.2201
4.437e+10	0.02926	0.2209
4.44e+10	0.02927	0.2213
4.443e+10	0.02943	0.2222
4.446e+10	0.02894	0.2167
4.448e+10	0.029	0.2173
4.451e+10	0.02914	0.218
4.454e+10	0.029	0.2181
4.457e+10	0.02917	0.2189
4.46e+10	0.02929	0.2195
4.463e+10	0.02934	0.2201
4.466e+10	0.02943	0.2207
4.468e+10	0.0294	0.2211
4.471e+10	0.02963	0.2221
4.474e+10	0.02963	0.2225
4.477e+10	0.02972	0.2232
4.48e+10	0.02983	0.2238
4.483e+10	0.02972	0.2219
4.486e+10	0.02975	0.2225
4.489e+10	0.02992	0.2233
4.491e+10	0.03004	0.2237
4.494e+10	0.02988	0.224
4.497e+10	0.02998	0.2245
4.5e+10	0.02995	0.2242
4.503e+10	0.0299	0.2246
4.506e+10	0.0299	0.225
4.509e+10	0.02975	0.2245
4.511e+10	0.02967	0.2248
4.514e+10	0.02975	0.2251
4.517e+10	0.02971	0.2255
4.52e+10	0.02978	0.2259
4.523e+10	0.02949	0.2248
4.526e+10	0.02933	0.2242
4.528e+10	0.02935	0.2245
4.531e+10	0.02928	0.2248
4.534e+10	0.02927	0.2253
4.537e+10	0.02937	0.2261
4.54e+10	0.02933	0.2265
4.543e+10	0.02907	0.2264
4.546e+10	0.02931	0.2271
4.549e+10	0.02934	0.2276
4.552e+10	0.02934	0.2274
4.554e+10	0.02884	0.2251
4.557e+10	0.02873	0.2253
4.56e+10	0.02873	0.2258
4.563e+10	0.02887	0.2268
4.567e+10	0.0288	0.2263
4.571e+10	0.02859	0.2241
4.574e+10	0.02824	0.2232
4.578e+10	0.02803	0.2219
4.582e+10	0.0281	0.2226
4.585e+10	0.02811	0.2234
4.589e+10	0.02815	0.2242
4.593e+10	0.02816	0.2243
4.597e+10	0.02786	0.223
4.6e+10	0.02753	0.2193
4.604e+10	0.02745	0.2196
4.608e+10	0.02741	0.2201
4.612e+10	0.02739	0.2206
4.615e+10	0.02736	0.2203
4.619e+10	0.02766	0.2215
4.623e+10	0.02747	0.2198
4.627e+10	0.02725	0.2187
4.63e+10	0.02748	0.2195
4.634e+10	0.02749	0.2182
4.638e+10	0.02753	0.2186
4.641e+10	0.02749	0.219
4.645e+10	0.02773	0.22
4.649e+10	0.02777	0.2192
4.653e+10	0.02782	0.2197
4.656e+10	0.02798	0.2207
4.66e+10	0.02822	0.2216
4.664e+10	0.02837	0.2226
4.668e+10	0.02788	0.2177
4.671e+10	0.02806	0.2186
4.675e+10	0.02825	0.2196
4.679e+10	0.02814	0.2201
4.683e+10	0.02826	0.2208
4.687e+10	0.02838	0.2219
4.69e+10	0.02846	0.2228
4.694e+10	0.0285	0.2237
4.698e+10	0.02821	0.2231
4.702e+10	0.02802	0.2216
4.705e+10	0.02789	0.2193
4.709e+10	0.0277	0.2175
4.713e+10	0.02761	0.2172
4.716e+10	0.02731	0.2163
4.719e+10	0.02742	0.2169
4.723e+10	0.02716	0.215
4.727e+10	0.02725	0.2154
4.73e+10	0.027	0.2129
4.734e+10	0.02673	0.2095
4.738e+10	0.02679	0.2097
4.742e+10	0.02684	0.2102
4.745e+10	0.0267	0.2087
4.749e+10	0.02652	0.207
4.753e+10	0.02661	0.208
4.756e+10	0.02627	0.2075
4.76e+10	0.02639	0.2086
4.764e+10	0.02649	0.2094
4.768e+10	0.02672	0.2103
4.772e+10	0.02662	0.21
4.775e+10	0.02638	0.2077
4.779e+10	0.02631	0.208
4.783e+10	0.02618	0.2082
4.786e+10	0.02648	0.2093
4.79e+10	0.02646	0.2098
4.794e+10	0.0263	0.2101
4.798e+10	0.02641	0.2108
4.802e+10	0.02628	0.2099
4.805e+10	0.02606	0.2089
4.809e+10	0.02622	0.2096
4.813e+10	0.02628	0.2103
4.816e+10	0.02642	0.2112
4.82e+10	0.02658	0.2122
4.824e+10	0.02675	0.213
4.828e+10	0.0267	0.2119
4.832e+10	0.02681	0.2127
4.835e+10	0.02649	0.2099
4.839e+10	0.02634	0.2079
4.843e+10	0.02596	0.2042
4.846e+10	0.02604	0.2049
4.85e+10	0.02611	0.2056
4.854e+10	0.02624	0.2066
4.857e+10	0.02613	0.2064
4.861e+10	0.02596	0.2065
4.865e+10	0.02592	0.2049
4.869e+10	0.02596	0.2054
4.872e+10	0.02611	0.206
4.876e+10	0.02625	0.2067
4.88e+10	0.02628	0.2072
4.884e+10	0.02654	0.2082
4.888e+10	0.02635	0.2064
4.891e+10	0.02645	0.2072
4.895e+10	0.02635	0.2075
4.899e+10	0.02657	0.2085
4.902e+10	0.02641	0.2072
4.906e+10	0.02605	0.2035
4.91e+10	0.02609	0.2038
4.913e+10	0.0262	0.2046
4.917e+10	0.02615	0.2053
4.921e+10	0.02606	0.2057
4.925e+10	0.0261	0.2062
4.928e+10	0.02579	0.2033
4.932e+10	0.02602	0.2041
4.936e+10	0.02626	0.2049
4.94e+10	0.02652	0.2058
4.943e+10	0.02638	0.2051
4.947e+10	0.02648	0.2055
4.951e+10	0.02635	0.2047
4.954e+10	0.0266	0.2059
4.958e+10	0.02679	0.2066
4.962e+10	0.02685	0.2075
4.966e+10	0.0267	0.2078
4.969e+10	0.0269	0.2088
4.973e+10	0.02682	0.2093
4.977e+10	0.02701	0.2103
4.981e+10	0.02705	0.2109
4.984e+10	0.02709	0.2102
4.988e+10	0.02715	0.2109
4.992e+10	0.0274	0.2118
4.996e+10	0.02735	0.2101
4.999e+10	0.02743	0.2106
5.003e+10	0.02726	0.2098
5.007e+10	0.02723	0.2102
5.011e+10	0.0274	0.211
5.014e+10	0.02743	0.2116
5.018e+10	0.02757	0.2123
5.022e+10	0.0277	0.2133
5.026e+10	0.02791	0.2139
5.03e+10	0.02771	0.2141
5.033e+10	0.02794	0.215
5.037e+10	0.02806	0.2157
5.041e+10	0.02815	0.2165
5.045e+10	0.02836	0.2174
5.048e+10	0.02826	0.2164
5.052e+10	0.02793	0.2122
5.056e+10	0.02757	0.2092
5.059e+10	0.02767	0.2099
5.063e+10	0.0278	0.2103
5.067e+10	0.02801	0.2112
5.071e+10	0.02789	0.2101
5.074e+10	0.02794	0.2109
5.078e+10	0.02784	0.2112
5.082e+10	0.0281	0.212
5.086e+10	0.02798	0.2094
5.089e+10	0.02813	0.2102
5.093e+10	0.02811	0.2109
5.097e+10	0.02791	0.2106
5.101e+10	0.02795	0.2111
5.104e+10	0.02809	0.2118
5.108e+10	0.02757	0.2066
5.112e+10	0.02773	0.2071
5.116e+10	0.02755	0.2074
5.119e+10	0.02733	0.2067
5.123e+10	0.02741	0.2074
5.127e+10	0.02746	0.2081
5.13e+10	0.02759	0.2089
5.134e+10	0.02763	0.2095
5.138e+10	0.02776	0.21
5.142e+10	0.02763	0.2099
5.145e+10	0.02762	0.2103
5.149e+10	0.02776	0.2111
5.153e+10	0.02798	0.212
5.157e+10	0.02801	0.2128
5.161e+10	0.02804	0.2131
5.164e+10	0.0282	0.2139
5.168e+10	0.02781	0.2099
5.172e+10	0.02785	0.2104
5.175e+10	0.02772	0.2092
5.179e+10	0.02776	0.2087
5.183e+10	0.02792	0.2094
5.187e+10	0.02821	0.2102
5.19e+10	0.02834	0.2109
5.194e+10	0.02829	0.2112
5.198e+10	0.02808	0.211
5.202e+10	0.0281	0.21
5.205e+10	0.02789	0.2085
5.209e+10	0.0274	0.2033
5.213e+10	0.02739	0.2036
5.217e+10	0.02751	0.2044
5.22e+10	0.02767	0.2051
5.224e+10	0.0273	0.2027
5.228e+10	0.0273	0.2032
5.232e+10	0.02729	0.2037
5.235e+10	0.02701	0.2032
5.239e+10	0.02716	0.2039
5.243e+10	0.02726	0.2046
5.246e+10	0.02721	0.205
5.25e+10	0.02689	0.2024
5.254e+10	0.02657	0.2013
5.258e+10	0.02652	0.2013
5.261e+10	0.02658	0.2018
5.265e+10	0.02629	0.1992
5.269e+10	0.02635	0.1998
5.273e+10	0.0263	0.1999
5.276e+10	0.02606	0.1996
5.28e+10	0.02573	0.1957
5.284e+10	0.02574	0.195
5.287e+10	0.0255	0.1922
5.291e+10	0.02504	0.1877
5.295e+10	0.02501	0.1876
5.298e+10	0.02486	0.1862
5.302e+10	0.02441	0.1829
5.306e+10	0.02445	0.1829
5.309e+10	0.02413	0.1819
5.313e+10	0.0241	0.182
5.317e+10	0.02373	0.1795
5.321e+10	0.02367	0.1784
5.324e+10	0.02379	0.1792
5.328e+10	0.02362	0.1786
5.332e+10	0.02344	0.1785
5.336e+10	0.02335	0.178
5.339e+10	0.02354	0.1787
5.343e+10	0.0236	0.1793
5.347e+10	0.02324	0.1775
5.351e+10	0.02308	0.1774
5.354e+10	0.02325	0.1778
5.358e+10	0.02338	0.1779
5.362e+10	0.0232	0.1782
5.366e+10	0.02311	0.1775
5.369e+10	0.02282	0.1754
5.373e+10	0.02288	0.1761
5.377e+10	0.02239	0.1732
5.381e+10	0.02239	0.1738
5.384e+10	0.02267	0.1748
5.388e+10	0.02261	0.1753
5.392e+10	0.02255	0.1757
5.396e+10	0.02261	0.1762
5.399e+10	0.02276	0.1771
5.403e+10	0.02292	0.1779
5.407e+10	0.02315	0.1788
5.411e+10	0.02307	0.1776
5.414e+10	0.02313	0.1782
5.418e+10	0.02311	0.1786
5.422e+10	0.02332	0.1795
5.426e+10	0.02364	0.1806
5.429e+10	0.02385	0.1813
5.433e+10	0.0236	0.1813
5.437e+10	0.02384	0.182
5.44e+10	0.02382	0.1824
5.444e+10	0.02376	0.1829
5.448e+10	0.02364	0.183
5.452e+10	0.02369	0.1836
5.455e+10	0.02324	0.1791
5.459e+10	0.02343	0.1799
5.463e+10	0.02318	0.1797
5.466e+10	0.02345	0.1807
5.47e+10	0.02319	0.1808
5.474e+10	0.02334	0.1817
5.478e+10	0.02295	0.1785
5.481e+10	0.02282	0.1773
5.485e+10	0.02268	0.1764
5.489e+10	0.02285	0.1771
5.493e+10	0.02284	0.1756
5.496e+10	0.02289	0.1762
5.5e+10	0.02266	0.1757
5.504e+10	0.0227	0.1762
5.508e+10	0.02236	0.1741
5.511e+10	0.02176	0.1677
5.515e+10	0.02204	0.1688
5.519e+10	0.02197	0.1689
5.522e+10	0.02197	0.1685
5.526e+10	0.02168	0.1674
5.53e+10	0.02174	0.1677
5.534e+10	0.02173	0.1668
5.537e+10	0.02181	0.1667
5.541e+10	0.02159	0.167
5.545e+10	0.0217	0.1678
5.549e+10	0.02163	0.1679
5.552e+10	0.02183	0.1687
5.556e+10	0.02183	0.1692
5.56e+10	0.02204	0.1701
5.564e+10	0.02209	0.1706
5.567e+10	0.0222	0.1712
5.571e+10	0.02239	0.1719
5.575e+10	0.02235	0.1721
5.579e+10	0.02207	0.1705
5.583e+10	0.02207	0.1706
5.586e+10	0.02209	0.1707
5.59e+10	0.02221	0.1715
5.594e+10	0.02226	0.172
5.598e+10	0.022	0.1707
5.601e+10	0.02203	0.1713
5.605e+10	0.02225	0.1723
5.609e+10	0.02195	0.1713
5.613e+10	0.02209	0.1719
5.616e+10	0.02195	0.1715
5.62e+10	0.02207	0.1721
5.624e+10	0.02177	0.1693
5.627e+10	0.02187	0.1698
5.631e+10	0.02188	0.1703
5.635e+10	0.02205	0.1709
5.639e+10	0.02213	0.1715
5.643e+10	0.02191	0.1696
5.646e+10	0.02188	0.17
5.65e+10	0.02179	0.17
5.654e+10	0.0219	0.1707
5.657e+10	0.02195	0.1714
5.661e+10	0.02216	0.1721
5.665e+10	0.02237	0.1728
5.669e+10	0.0221	0.1709
5.672e+10	0.02178	0.1691
5.676e+10	0.02193	0.17
5.68e+10	0.02182	0.1701
5.683e+10	0.02185	0.1703
5.687e+10	0.02182	0.1708
5.691e+10	0.02169	0.1685
5.695e+10	0.0217	0.1687
5.698e+10	0.02194	0.1697
5.702e+10	0.02202	0.1697
5.706e+10	0.02204	0.17
5.71e+10	0.02196	0.1698
5.713e+10	0.02204	0.1706
5.717e+10	0.02184	0.1708
5.721e+10	0.02194	0.1714
5.725e+10	0.02162	0.1706
5.728e+10	0.02169	0.1711
5.732e+10	0.02167	0.1709
5.736e+10	0.02174	0.1701
5.74e+10	0.02176	0.1705
5.743e+10	0.0218	0.1707
5.747e+10	0.02166	0.1694
5.751e+10	0.02173	0.17
5.755e+10	0.02182	0.1706
5.758e+10	0.02193	0.1714
5.762e+10	0.02189	0.1717
5.766e+10	0.02166	0.1707
5.77e+10	0.02148	0.1702
5.773e+10	0.02168	0.1711
5.777e+10	0.0219	0.172
