# iterations	 errorinentropy	 maxerror	(generated with python figs/yaml-multi-comparison.py /home/jordan/weniger-cp-data/ /home/jordan/deft/papers/histogram/data/samc-1e5-256-reference-lndos.dat s000/periodic-ww1.50-ff0.17-N256 256 915 509 true 8 sad-256 wl-256 wl-inv-t-256 samc-1e3-256 samc-1e4-256 samc-1e5-256 samc-1e6-256
0.003906	74.19	274.6
0.007812	74.19	274.6
0.01172	74.19	274.6
0.01562	74.19	274.6
0.02344	74.19	274.6
0.02734	74.19	274.6
0.03906	74.19	274.6
0.05078	74.19	274.6
0.07031	74.19	274.6
0.09375	74.19	274.6
0.125	74.19	274.6
0.1641	74.19	274.6
0.2188	74.19	274.6
0.293	74.19	274.6
0.3906	74.19	274.6
0.5195	74.19	274.6
0.6953	74.19	274.6
0.9258	74.19	274.6
1.234	74.19	274.6
1.648	74.19	274.6
2.195	74.19	274.6
2.93	74.19	274.6
3.906	73.88	274.6
5.211	73.7	274.4
6.945	72.77	274.4
9.262	71.65	273.2
12.35	69.91	272.2
16.47	68.35	271.5
21.96	65.21	268.3
29.29	61.17	259.6
39.06	56.11	249.4
52.09	52.64	249.4
69.46	56.24	249.4
92.63	63.77	258.6
123.5	81.93	402.8
164.7	90.12	412.8
219.7	97.12	412.8
292.9	99.78	412.8
390.6	131.3	596.8
520.9	191.1	642.2
694.6	216.9	732.5
926.3	216.9	732.5
1235	218.5	737.9
1647	224.3	770.3
2197	180.9	684.9
2929	132	607.5
3906	107	504.6
5209	78.54	392.5
6946	69.45	326.4
9263	45.75	262.2
1.235e+04	32.09	170
1.647e+04	41.67	163
2.197e+04	35.66	112.9
2.929e+04	27.3	85.99
3.906e+04	12.66	50.25
5.209e+04	4.324	22.77
6.946e+04	7.047	24.41
9.263e+04	7.047	24.41
1.235e+05	7.047	24.41
1.647e+05	7.636	28
2.197e+05	2.321	9.426
2.929e+05	5.006	22.69
3.906e+05	0.7682	6.046
5.209e+05	2.299	11.45
6.946e+05	2.296	8.724
9.263e+05	2.214	10.25
1.235e+06	4.861	17.97
1.647e+06	2.5	9.434
2.197e+06	1.202	5.706
2.929e+06	0.9275	3.647
3.906e+06	1.276	6.414
5.209e+06	0.8972	3.839
6.946e+06	1.228	3.779
9.263e+06	0.464	2.777
1.235e+07	1.44	4.706
1.647e+07	1.461	5.137
2.197e+07	0.4235	1.638
2.929e+07	0.3735	1.561
3.906e+07	0.2568	1.631
5.209e+07	0.194	0.9219
6.946e+07	0.2262	0.9763
9.263e+07	0.0611	0.3273
1.235e+08	0.2414	0.7407
1.647e+08	0.1817	0.8664
2.197e+08	0.07197	0.3477
2.929e+08	0.03303	0.1919
3.906e+08	0.1843	0.6547
5.209e+08	0.1075	0.5492
6.946e+08	0.05116	0.2339
9.263e+08	0.06018	0.3721
1.235e+09	0.1348	0.601
1.647e+09	0.06022	0.2844
2.197e+09	0.05453	0.1906
2.929e+09	0.02867	0.1334
3.906e+09	0.03192	0.1307
5.209e+09	0.02933	0.1114
