# iterations	 errorinentropy	 maxerror	(generated with python figs/yaml-multi-comparison.py /home/jordan/ising-cp-data/ /home/jordan/deft/papers/histogram/data/ising-32-reference-lndos.dat ising/N32 32 2040 48 true 8 ising-sad-32 ising-samc-1e5-32 ising-samc-1e6-32 ising-samc-1e7-32 ising-wl-32 ising-wl-inv-t-32
0.03125	182.1	698.3
0.0625	182.1	698.3
0.09375	182.1	698.3
0.125	182.1	698.3
0.1875	182.1	698.3
0.2188	182.1	698.3
0.3125	182.1	698.3
0.4062	182.1	698.3
0.5625	182.1	698.3
0.75	182.1	698.3
1	182.1	698.3
1.312	182.1	698.3
1.75	182.1	698.3
2.344	182.1	698.3
3.125	182.1	698.3
4.156	182.1	698.3
5.562	182.1	698.3
7.406	182.1	698.3
9.875	182.1	698.3
13.19	182.1	698.3
17.56	182.1	698.3
23.44	182.1	698.3
31.25	182.1	698.3
41.69	182.1	698.3
55.56	182	697.4
74.09	181.5	691.9
98.81	180.3	684.8
131.8	180.3	684.8
175.7	177.9	683.9
234.3	177.6	683.9
312.5	177.6	683.9
416.7	173.8	675.4
555.7	166.1	653.9
741.1	164.8	653.9
988.2	153.6	642.1
1318	148.2	626.2
1757	138.3	618.1
2343	132.7	618.1
3125	137.5	605.3
4167	126.5	570.1
5557	141.1	558.7
7411	164	624
9882	192.7	788.6
1.318e+04	250.3	975
1.757e+04	329.6	1101
2.343e+04	451.6	1344
3.125e+04	602.8	1748
4.167e+04	574.1	1812
5.557e+04	619.6	2024
7.411e+04	551	2063
9.882e+04	377.9	2063
1.318e+05	256.9	2059
1.757e+05	204.8	1312
2.343e+05	150.1	955.2
3.125e+05	102.9	654.6
4.167e+05	76.53	478.3
5.557e+05	52.47	419.5
7.411e+05	27.62	190.9
9.882e+05	31.45	245.6
1.318e+06	26.1	171.9
1.757e+06	15.71	85.15
2.343e+06	11.23	54.21
3.125e+06	7.017	36.66
4.167e+06	7.513	34.09
5.557e+06	6.898	41.69
7.411e+06	3.671	25.64
9.882e+06	4.462	17.62
1.318e+07	4.513	16.13
1.757e+07	2.124	11.58
2.343e+07	1.751	7.065
3.125e+07	1.19	3.963
4.167e+07	1.994	8.269
5.557e+07	1.319	6.845
7.411e+07	0.4126	2.324
9.882e+07	1.045	5.639
1.318e+08	0.4838	2.502
1.757e+08	0.9023	2.845
2.343e+08	0.3344	2.418
3.125e+08	0.5083	2.136
4.167e+08	0.5184	2.2
5.557e+08	0.2602	0.9718
7.411e+08	0.115	0.619
9.882e+08	0.07104	0.4888
1.318e+09	0.2071	0.7878
1.757e+09	0.1287	0.5718
2.343e+09	0.1092	0.4796
3.125e+09	0.05354	0.3506
4.167e+09	0.08822	0.3458
5.557e+09	0.06253	0.2611
7.411e+09	0.03984	0.1993
9.882e+09	0.08739	0.3226
1.318e+10	0.05464	0.2444
1.757e+10	0.03825	0.1953
2.343e+10	0.018	0.1086
3.125e+10	0.05835	0.1907
4.167e+10	0.02616	0.1108
5.557e+10	0.06458	0.1848
7.411e+10	0.02543	0.1176
9.882e+10	0.01785	0.07352
1.318e+11	0.01308	0.08469
1.757e+11	0.01031	0.04662
2.343e+11	0.006177	0.0408
3.125e+11	0.009751	0.03962
4.167e+11	0.00544	0.03038
