# iterations	 errorinentropy	 maxerror	(generated with python figs/comparison.py 0 s000/periodic-ww1.30-ff0.20-N50-tmi3-golden-movie/001090-lndos.dat s000/periodic-ww1.30-ff0.20-N50 allmethods
1.398e+04	2602	6615
1.078e+05	6222	3.517e+04
2.404e+05	1.385e+04	7.748e+04
4.145e+05	1.255e+04	1.254e+05
6.422e+05	1.896e+04	1.93e+05
9.074e+05	3.486e+04	2.778e+05
1.227e+06	1.9e+04	3.565e+05
1.594e+06	2.721e+04	4.653e+05
1.983e+06	3.154e+04	5.772e+05
2.471e+06	3.246e+04	7.142e+05
3.06e+06	4.912e+04	8.892e+05
3.659e+06	5.812e+04	1.062e+06
4.303e+06	3.354e+04	1.23e+06
4.933e+06	2.102e+04	9.917e+05
5.755e+06	4.286e+04	1.236e+06
6.77e+06	2.52e+04	2.585e+05
7.863e+06	1.598e+04	2.165e+05
9.039e+06	2.83e+04	5.552e+05
1.028e+07	3.151e+04	9.036e+05
1.157e+07	6257	1.348e+05
1.292e+07	3.719e+04	5.327e+05
1.434e+07	1.387e+04	3.585e+05
1.58e+07	5.525e+04	7.924e+05
1.735e+07	4.021e+04	1.22e+06
1.898e+07	6.692e+04	1.694e+06
2.066e+07	7.958e+04	2.171e+06
2.236e+07	2.595e+04	4.772e+05
2.41e+07	3.118e+04	3.234e+05
2.594e+07	2.917e+04	4.548e+05
2.789e+07	2.919e+04	4.367e+05
2.99e+07	4.771e+04	1.013e+06
3.199e+07	6.708e+04	1.612e+06
3.413e+07	6.882e+04	2.212e+06
3.628e+07	9.942e+04	2.831e+06
3.854e+07	3.167e+04	5.54e+05
4.09e+07	2.338e+04	7.618e+05
4.331e+07	6.056e+04	1.461e+06
4.576e+07	5.496e+04	2.146e+06
4.825e+07	4.051e+04	2.839e+06
4.984e+07	9368	2.057e+05
5.085e+07	2171	1.616e+04
5.341e+07	2.64e+04	3.899e+05
5.498e+07	1.129e+04	2.298e+05
5.609e+07	892.6	2.047e+04
5.872e+07	1.295e+04	2.044e+05
6.124e+07	1.14e+04	3.807e+05
6.398e+07	1.313e+04	2.166e+05
6.689e+07	2.558e+04	4.271e+05
6.989e+07	1.03e+04	2.111e+05
7.298e+07	8670	1.399e+05
7.62e+07	7842	1.391e+05
7.945e+07	8311	9.132e+04
8.279e+07	3023	2.969e+04
8.553e+07	1476	4.806e+04
8.615e+07	993.8	1.669e+04
8.949e+07	2556	3.159e+04
9.304e+07	7234	1.591e+05
9.66e+07	6165	1.776e+05
9.665e+07	3010	9.453e+04
1.002e+08	192.6	1397
1.039e+08	550.8	8432
1.077e+08	3213	7.638e+04
1.115e+08	4072	1.44e+05
1.154e+08	1659	3.616e+04
1.194e+08	2729	2.102e+04
1.234e+08	3020	5.972e+04
1.275e+08	2630	4.195e+04
1.316e+08	1418	3.005e+04
1.358e+08	872.2	9133
1.401e+08	2213	5.123e+04
1.444e+08	2196	7.662e+04
1.489e+08	775.1	7922
1.534e+08	604.8	1.28e+04
1.579e+08	1992	5.243e+04
1.625e+08	1998	1.138e+05
1.671e+08	1603	4.965e+04
1.718e+08	2385	5.644e+04
1.766e+08	5414	1.415e+05
1.815e+08	4544	1.019e+05
1.864e+08	6199	1.897e+05
1.914e+08	3653	8.204e+04
1.965e+08	1365	2.782e+04
2.016e+08	380.7	2054
2.067e+08	1965	3.921e+04
2.119e+08	2582	5.878e+04
2.173e+08	1925	3.981e+04
2.218e+08	562.7	7742
2.226e+08	562.7	7742
2.282e+08	84.57	1633
2.338e+08	84.57	1633
2.395e+08	1462	2.994e+04
2.451e+08	1209	1.843e+04
2.508e+08	734.2	4.449e+04
2.566e+08	973.1	1.718e+04
2.61e+08	882.1	4.142e+04
2.625e+08	50.26	459.3
2.684e+08	50.26	459.3
2.745e+08	50.26	459.3
2.806e+08	50.26	459.3
2.868e+08	592.1	7413
2.931e+08	268.3	5296
2.993e+08	108.8	1616
3.055e+08	504.9	7874
3.118e+08	440.1	8869
3.182e+08	852.5	2.016e+04
3.247e+08	329	1.602e+04
3.312e+08	1078	2e+04
3.378e+08	638.6	1.408e+04
3.444e+08	521.3	9852
3.511e+08	656.5	9593
3.579e+08	555.3	2.414e+04
3.647e+08	190.2	2236
3.716e+08	202.9	4232
3.786e+08	560.5	1.229e+04
3.856e+08	276.9	7575
3.863e+08	276.9	7575
3.927e+08	31.21	404.2
4.001e+08	31.21	404.2
4.075e+08	31.21	404.2
4.15e+08	31.21	404.2
4.225e+08	31.21	404.2
4.302e+08	31.21	404.2
4.379e+08	124.3	1245
4.456e+08	297.2	4169
4.464e+08	213.1	5802
4.532e+08	7.663	145.7
4.61e+08	7.663	145.7
4.689e+08	7.663	145.7
4.769e+08	7.663	145.7
4.85e+08	7.663	145.7
4.931e+08	7.663	145.7
5.013e+08	7.663	145.7
5.096e+08	7.663	145.7
5.179e+08	7.663	145.7
5.263e+08	7.663	145.7
5.347e+08	7.663	145.7
5.433e+08	7.663	145.7
5.519e+08	152.4	2881
5.603e+08	162.6	6968
5.688e+08	96.26	4102
5.773e+08	82.58	1755
5.851e+08	13.53	244
5.859e+08	5.925	46.39
5.945e+08	5.925	46.39
6.035e+08	5.925	46.39
6.125e+08	5.925	46.39
6.216e+08	5.925	46.39
6.308e+08	5.925	46.39
6.401e+08	5.925	46.39
6.494e+08	5.925	46.39
6.588e+08	5.925	46.39
6.682e+08	5.925	46.39
6.777e+08	5.925	46.39
6.872e+08	5.925	46.39
6.97e+08	5.925	46.39
7.067e+08	5.925	46.39
7.165e+08	5.925	46.39
7.264e+08	5.925	46.39
7.364e+08	5.925	46.39
7.463e+08	5.925	46.39
7.564e+08	5.925	46.39
7.664e+08	5.925	46.39
7.766e+08	5.925	46.39
7.869e+08	21.1	566.1
7.936e+08	32.41	852.9
7.97e+08	4.705	107.1
8.071e+08	4.705	107.1
8.176e+08	4.705	107.1
8.281e+08	4.705	107.1
8.388e+08	4.705	107.1
8.494e+08	4.705	107.1
8.601e+08	4.705	107.1
8.709e+08	4.705	107.1
8.817e+08	4.705	107.1
8.927e+08	4.705	107.1
9.037e+08	4.705	107.1
9.147e+08	4.705	107.1
9.258e+08	4.705	107.1
9.37e+08	4.705	107.1
9.482e+08	4.705	107.1
9.595e+08	4.705	107.1
9.709e+08	4.705	107.1
9.824e+08	4.705	107.1
9.939e+08	4.705	107.1
1.005e+09	4.705	107.1
1.017e+09	4.705	107.1
1.029e+09	4.705	107.1
1.04e+09	4.705	107.1
1.052e+09	4.705	107.1
1.064e+09	4.705	107.1
1.076e+09	4.705	107.1
1.088e+09	4.705	107.1
1.1e+09	4.705	107.1
1.113e+09	4.705	107.1
1.125e+09	4.705	107.1
1.137e+09	4.705	107.1
1.15e+09	4.705	107.1
1.162e+09	4.705	107.1
1.175e+09	4.705	107.1
1.187e+09	16.13	268.5
1.2e+09	9.843	313.1
1.208e+09	4.221	67.88
1.212e+09	1.33	25.05
1.224e+09	1.33	25.05
1.237e+09	1.33	25.05
1.25e+09	1.33	25.05
1.263e+09	1.33	25.05
1.276e+09	1.33	25.05
1.29e+09	1.33	25.05
1.303e+09	1.33	25.05
1.316e+09	1.33	25.05
1.329e+09	1.33	25.05
1.343e+09	1.33	25.05
1.356e+09	1.33	25.05
1.37e+09	1.33	25.05
1.384e+09	1.33	25.05
1.397e+09	1.33	25.05
1.411e+09	1.33	25.05
1.425e+09	1.33	25.05
1.439e+09	1.33	25.05
1.453e+09	1.33	25.05
1.467e+09	1.33	25.05
1.481e+09	1.33	25.05
1.495e+09	1.33	25.05
1.509e+09	1.33	25.05
1.523e+09	1.33	25.05
1.538e+09	1.33	25.05
1.552e+09	1.33	25.05
1.567e+09	1.33	25.05
1.581e+09	1.33	25.05
1.596e+09	1.33	25.05
1.61e+09	1.33	25.05
1.625e+09	1.33	25.05
1.64e+09	1.33	25.05
1.655e+09	1.33	25.05
1.67e+09	1.33	25.05
1.685e+09	1.33	25.05
1.7e+09	1.33	25.05
1.715e+09	1.33	25.05
1.73e+09	1.33	25.05
1.746e+09	1.33	25.05
1.761e+09	1.33	25.05
1.776e+09	1.33	25.05
1.792e+09	1.33	25.05
1.807e+09	1.33	25.05
1.823e+09	1.33	25.05
1.839e+09	1.33	25.05
1.854e+09	1.33	25.05
1.87e+09	1.33	25.05
1.886e+09	1.33	25.05
1.902e+09	1.33	25.05
1.918e+09	1.33	25.05
1.934e+09	1.33	25.05
1.95e+09	1.33	25.05
1.966e+09	1.33	25.05
1.983e+09	1.33	25.05
1.997e+09	2.628	27.07
1.999e+09	2.628	27.07
2.015e+09	2.628	27.07
2.032e+09	2.628	27.07
2.048e+09	2.628	27.07
2.065e+09	2.628	27.07
2.082e+09	2.628	27.07
2.098e+09	2.628	27.07
2.115e+09	2.628	27.07
2.132e+09	2.628	27.07
2.149e+09	2.628	27.07
2.166e+09	2.628	27.07
2.183e+09	2.628	27.07
2.2e+09	2.628	27.07
2.217e+09	2.628	27.07
2.235e+09	2.628	27.07
2.252e+09	2.628	27.07
2.269e+09	2.628	27.07
2.287e+09	2.628	27.07
2.304e+09	2.628	27.07
2.322e+09	2.628	27.07
2.34e+09	2.628	27.07
2.357e+09	2.628	27.07
2.375e+09	2.628	27.07
2.393e+09	2.628	27.07
2.411e+09	2.628	27.07
2.429e+09	2.628	27.07
2.447e+09	2.628	27.07
2.465e+09	2.628	27.07
2.484e+09	2.628	27.07
2.502e+09	2.628	27.07
2.52e+09	2.628	27.07
2.539e+09	2.628	27.07
2.557e+09	2.628	27.07
2.576e+09	2.628	27.07
2.594e+09	2.628	27.07
2.613e+09	2.628	27.07
2.632e+09	2.628	27.07
2.651e+09	2.628	27.07
2.669e+09	2.628	27.07
2.688e+09	2.628	27.07
2.707e+09	2.628	27.07
2.727e+09	2.628	27.07
2.746e+09	2.628	27.07
2.765e+09	2.628	27.07
2.784e+09	2.628	27.07
2.804e+09	2.628	27.07
2.823e+09	2.628	27.07
2.843e+09	2.628	27.07
2.862e+09	2.628	27.07
2.882e+09	2.628	27.07
2.901e+09	2.628	27.07
2.921e+09	2.628	27.07
2.941e+09	2.628	27.07
2.961e+09	2.628	27.07
2.981e+09	2.628	27.07
3.001e+09	2.628	27.07
3.021e+09	2.628	27.07
3.041e+09	2.628	27.07
3.061e+09	2.628	27.07
3.082e+09	2.628	27.07
3.102e+09	2.628	27.07
3.122e+09	2.628	27.07
3.143e+09	2.628	27.07
3.164e+09	2.628	27.07
3.184e+09	2.628	27.07
3.205e+09	2.628	27.07
3.226e+09	2.628	27.07
3.246e+09	2.628	27.07
3.267e+09	2.628	27.07
3.288e+09	2.628	27.07
3.309e+09	2.628	27.07
3.33e+09	2.628	27.07
3.352e+09	2.628	27.07
3.373e+09	2.628	27.07
3.394e+09	2.628	27.07
3.415e+09	2.628	27.07
3.437e+09	2.628	27.07
3.458e+09	2.628	27.07
3.48e+09	2.628	27.07
3.501e+09	2.628	27.07
3.523e+09	2.628	27.07
3.545e+09	2.628	27.07
3.567e+09	2.494	63.1
3.571e+09	4.466	76.98
3.588e+09	1.913	17.78
3.61e+09	1.913	17.78
3.632e+09	1.913	17.78
3.654e+09	1.913	17.78
3.676e+09	1.913	17.78
3.699e+09	1.913	17.78
3.721e+09	1.913	17.78
3.743e+09	1.913	17.78
3.766e+09	1.913	17.78
3.788e+09	1.913	17.78
3.811e+09	1.913	17.78
3.833e+09	1.913	17.78
3.856e+09	1.913	17.78
3.879e+09	1.913	17.78
3.902e+09	1.913	17.78
3.924e+09	1.913	17.78
3.947e+09	1.913	17.78
3.97e+09	1.913	17.78
3.994e+09	1.913	17.78
4.017e+09	1.913	17.78
4.04e+09	1.913	17.78
4.063e+09	1.913	17.78
4.087e+09	1.913	17.78
4.11e+09	1.913	17.78
4.134e+09	1.913	17.78
4.157e+09	1.913	17.78
4.181e+09	1.913	17.78
4.204e+09	1.913	17.78
4.228e+09	1.913	17.78
4.252e+09	1.913	17.78
4.276e+09	1.913	17.78
4.3e+09	1.913	17.78
4.324e+09	1.913	17.78
4.348e+09	1.913	17.78
4.372e+09	1.913	17.78
4.396e+09	1.913	17.78
4.421e+09	1.913	17.78
4.445e+09	1.913	17.78
4.469e+09	1.913	17.78
4.494e+09	1.913	17.78
4.518e+09	1.913	17.78
4.543e+09	1.913	17.78
4.568e+09	1.913	17.78
4.593e+09	1.913	17.78
4.617e+09	1.913	17.78
4.642e+09	1.913	17.78
4.667e+09	1.913	17.78
4.692e+09	1.913	17.78
4.717e+09	1.913	17.78
4.742e+09	1.913	17.78
4.768e+09	1.913	17.78
4.793e+09	1.913	17.78
4.818e+09	1.913	17.78
4.844e+09	1.913	17.78
4.869e+09	1.913	17.78
4.895e+09	1.913	17.78
4.92e+09	1.913	17.78
4.946e+09	1.913	17.78
4.972e+09	1.913	17.78
4.997e+09	1.913	17.78
5.023e+09	1.913	17.78
5.049e+09	1.913	17.78
5.075e+09	1.913	17.78
5.101e+09	1.913	17.78
5.127e+09	1.913	17.78
5.154e+09	1.913	17.78
5.18e+09	1.913	17.78
5.206e+09	1.913	17.78
5.233e+09	1.913	17.78
5.259e+09	1.913	17.78
5.286e+09	1.913	17.78
5.312e+09	1.913	17.78
5.339e+09	1.913	17.78
5.366e+09	1.913	17.78
5.393e+09	1.913	17.78
5.419e+09	1.913	17.78
5.446e+09	1.913	17.78
5.473e+09	1.913	17.78
5.5e+09	1.913	17.78
5.528e+09	1.913	17.78
5.555e+09	1.913	17.78
5.582e+09	1.913	17.78
5.609e+09	1.913	17.78
5.637e+09	1.913	17.78
5.664e+09	1.913	17.78
5.692e+09	1.913	17.78
5.719e+09	1.913	17.78
5.747e+09	1.913	17.78
5.775e+09	1.913	17.78
5.803e+09	1.913	17.78
5.831e+09	1.913	17.78
5.859e+09	1.913	17.78
5.887e+09	1.913	17.78
5.915e+09	1.913	17.78
5.943e+09	1.913	17.78
5.971e+09	1.913	17.78
5.999e+09	1.913	17.78
6.028e+09	1.913	17.78
6.056e+09	1.913	17.78
6.084e+09	1.913	17.78
6.113e+09	1.913	17.78
6.142e+09	1.913	17.78
6.17e+09	1.913	17.78
6.199e+09	1.913	17.78
6.228e+09	1.913	17.78
6.256e+09	1.913	17.78
6.285e+09	1.913	17.78
6.314e+09	1.913	17.78
6.343e+09	1.913	17.78
6.373e+09	1.913	17.78
6.402e+09	1.913	17.78
6.431e+09	1.913	17.78
6.46e+09	1.913	17.78
6.49e+09	1.913	17.78
6.519e+09	1.913	17.78
6.549e+09	1.913	17.78
6.578e+09	1.913	17.78
6.608e+09	1.913	17.78
6.638e+09	1.913	17.78
6.668e+09	1.913	17.78
6.697e+09	1.913	17.78
6.707e+09	2.052	30.74
6.727e+09	2.052	30.74
6.757e+09	2.052	30.74
6.787e+09	2.052	30.74
6.818e+09	2.052	30.74
6.848e+09	2.052	30.74
6.878e+09	2.052	30.74
6.908e+09	2.052	30.74
6.939e+09	2.052	30.74
6.969e+09	2.052	30.74
7e+09	2.052	30.74
7.03e+09	2.052	30.74
7.061e+09	2.052	30.74
7.092e+09	2.052	30.74
7.123e+09	2.052	30.74
7.154e+09	2.052	30.74
7.184e+09	2.052	30.74
7.216e+09	2.052	30.74
7.247e+09	2.052	30.74
7.278e+09	2.052	30.74
7.309e+09	2.052	30.74
7.34e+09	2.052	30.74
7.372e+09	2.052	30.74
7.403e+09	2.052	30.74
7.435e+09	2.052	30.74
7.466e+09	2.052	30.74
7.498e+09	2.052	30.74
7.529e+09	2.052	30.74
7.561e+09	2.052	30.74
7.593e+09	2.052	30.74
7.625e+09	2.052	30.74
7.657e+09	2.052	30.74
7.689e+09	2.052	30.74
7.721e+09	2.052	30.74
7.753e+09	2.052	30.74
7.785e+09	2.052	30.74
7.817e+09	2.052	30.74
7.85e+09	2.052	30.74
7.882e+09	2.052	30.74
7.915e+09	2.052	30.74
7.947e+09	2.052	30.74
7.98e+09	2.052	30.74
8.012e+09	2.052	30.74
8.045e+09	2.052	30.74
8.078e+09	2.052	30.74
8.111e+09	2.052	30.74
8.144e+09	2.052	30.74
8.177e+09	2.052	30.74
8.21e+09	2.052	30.74
8.243e+09	2.052	30.74
8.276e+09	2.052	30.74
8.309e+09	2.052	30.74
8.343e+09	2.052	30.74
8.376e+09	2.052	30.74
8.41e+09	2.052	30.74
8.443e+09	2.052	30.74
8.477e+09	2.052	30.74
8.51e+09	2.052	30.74
8.544e+09	2.052	30.74
8.578e+09	2.052	30.74
8.612e+09	2.052	30.74
8.646e+09	2.052	30.74
8.68e+09	2.052	30.74
8.714e+09	2.052	30.74
8.748e+09	2.052	30.74
8.782e+09	2.052	30.74
8.816e+09	2.052	30.74
8.85e+09	2.052	30.74
8.885e+09	2.052	30.74
8.919e+09	2.052	30.74
8.954e+09	2.052	30.74
8.989e+09	2.052	30.74
9.023e+09	2.052	30.74
9.056e+09	2.052	30.74
9.09e+09	2.052	30.74
9.124e+09	2.052	30.74
9.158e+09	2.052	30.74
9.193e+09	2.052	30.74
9.228e+09	2.052	30.74
9.263e+09	2.052	30.74
9.298e+09	2.052	30.74
9.333e+09	2.052	30.74
9.368e+09	2.052	30.74
9.403e+09	2.052	30.74
9.438e+09	2.052	30.74
9.473e+09	2.052	30.74
9.508e+09	2.052	30.74
9.543e+09	2.052	30.74
9.578e+09	2.052	30.74
9.612e+09	2.052	30.74
9.648e+09	2.052	30.74
9.684e+09	2.052	30.74
9.719e+09	2.052	30.74
9.755e+09	2.052	30.74
9.791e+09	2.052	30.74
9.827e+09	2.052	30.74
9.863e+09	2.052	30.74
9.899e+09	2.052	30.74
9.935e+09	2.052	30.74
9.971e+09	2.052	30.74
1.001e+10	2.052	30.74
1.004e+10	2.052	30.74
1.008e+10	2.052	30.74
1.012e+10	2.052	30.74
1.015e+10	2.052	30.74
1.019e+10	2.052	30.74
1.023e+10	2.052	30.74
1.026e+10	2.052	30.74
1.03e+10	2.052	30.74
1.034e+10	2.052	30.74
1.037e+10	2.052	30.74
1.041e+10	2.052	30.74
1.045e+10	2.052	30.74
1.048e+10	2.052	30.74
1.052e+10	2.052	30.74
1.056e+10	2.052	30.74
1.06e+10	2.052	30.74
1.063e+10	2.052	30.74
1.067e+10	2.052	30.74
1.071e+10	2.052	30.74
1.075e+10	2.052	30.74
1.078e+10	2.052	30.74
1.082e+10	2.052	30.74
1.086e+10	2.052	30.74
1.09e+10	2.052	30.74
1.093e+10	2.052	30.74
1.097e+10	2.052	30.74
