# round trips	 doserror
0	23.9
0	21.87
0	20.69
0	19.62
0	12.44
0	12.36
0	11.95
0	11.6
0	5.512
0	0.6901
0	0.5379
0	0.4945
0	0.3945
0	0.3135
0	0.2341
0	0.1193
0	-0.819
0	-0.9128
0	-4.524
0	-4.514
0	-7.442
0	-7.496
0	-4.815
0	-4.849
0	-4.914
0	-4.317
0	-4.621
0	-4.873
0	-4.972
0	-5.052
0	-5.048
0	-4.713
0	-4.683
0	-4.708
0	-4.722
0	-4.767
0	-4.8
0	-4.824
0	-4.855
0	-4.908
0	-4.975
0	-5.011
0	-4.951
0	-5.011
0	-5.078
0	-5.097
0	-5.085
0	-5.114
0	-5.156
0	-5.144
0	-5.116
0	-5.141
0	-5.166
0	-5.17
0	-4.122
0	-4.082
0	-4.088
0	-4.078
0	-4.047
0	-3.921
0	-3.95
0	-3.97
0	-3.984
0	-4.001
0	-4.063
0	-4.048
0	-4.059
0	-4.077
0	-4.06
0	-4.077
0	-4.039
0	-2.086
0	-2.041
0	-2.03
0	-2.054
0	-2.071
0	-2.101
0	-2.121
0	-2.142
0	-2.12
0	-2.081
0	-2.055
0	-1.998
0	-1.898
0	-1.912
0	-1.819
0	-1.825
0	-1.841
0	-1.818
0	-1.831
0	-1.823
0	-1.826
0	-1.795
0	-1.764
0	-1.772
0	-1.772
0	-1.783
0	-1.727
0	-1.691
0	-1.721
0	-1.729
0	-1.746
0	-1.746
0	-1.746
0	-1.745
0	-1.732
0	-1.72
0	-1.734
0	-1.744
0	-1.737
0	-1.708
0	-1.706
0	-1.715
0	-1.724
0	-1.735
0	-1.74
0	-1.752
0	-1.412
0	-1.408
0	-1.417
0	-1.433
0	-1.385
0	-1.369
0	-1.375
0	-1.361
0	-1.33
0	-1.288
0	-1.301
0	-1.304
0	-1.268
0	-1.262
0	-1.272
0	-1.272
0	-1.265
0	-1.24
0	-1.25
0	-1.231
0	-1.223
0	-1.23
0	-1.219
0	-1.224
0	-1.231
0	-1.239
0	-1.248
0	-1.246
0	-1.237
0	-1.192
0	-1.176
0	-1.186
0	-1.195
0	-1.197
0	-1.205
0	-1.215
0	-1.215
0	-0.9386
0	-0.8511
0	-0.8237
0	-0.8247
0	-0.794
0	-0.7506
0	-0.7521
0	-0.7602
0	-0.7172
0	-0.7177
0	-0.7269
0	-0.7237
0	-0.761
0	-0.7433
0	-0.3122
0	-0.2703
0	-0.2558
0	-0.2542
0	-0.2022
0	-0.1739
0	-0.1723
0	-0.1541
0	-0.1302
0	-0.114
0	-0.07007
0	-0.07444
0	-0.09384
0	-0.09196
0	-0.08262
0	-0.07375
0	-0.07801
0	-0.07766
0	-0.07613
0	-0.07738
0	-0.07288
0	-0.07321
0	-0.07401
0	-0.06812
0	-0.07895
0	-0.08683
0	-0.1017
0	-0.09829
0	-0.08932
0	-0.08005
0	-0.07974
0	-0.09031
0	-0.07617
0	-0.08795
0	-0.1281
0	-0.1343
0	-0.1375
0	-0.1437
0	-0.1573
0	-0.1564
0	-0.1501
0	-0.15
0	-0.1561
0	-0.2233
0	-0.227
0	-0.23
0	-0.23
0	-0.2324
0	-0.2374
0	-0.2388
0	-0.2423
0	-0.2437
0	-0.2414
0	-0.2404
0	-0.2414
0	-0.2411
0	-0.2052
0	-0.2065
0	-0.1928
0	-0.004822
0	-0.001178
0	0.008068
0	0.01246
0	0.006221
0	0.008069
0	0.01229
0	0.005864
0	0.01562
0	0.01224
0	-0.008053
0	-0.04029
0	-0.05036
0	-0.05024
0	-0.05305
0	-0.03358
0	-0.0226
0	-0.02652
0	-0.03032
0	-0.02726
0	-0.02277
0	-0.002469
0	-0.00843
0	-0.01601
0	-0.01321
0	-0.01449
0	-0.0162
0	-0.01447
0	-0.01706
0	0.04226
0	0.05618
0	0.06274
0	0.07482
0	0.09405
0	0.09378
0	0.06205
0	0.07181
0	0.06562
0	0.07071
0	0.0827
0	0.08599
0	0.08378
0	0.09918
0	0.09979
0	0.1163
0	0.1166
0	0.1187
0	0.1121
0	0.1184
0	0.1237
0	0.1359
0	0.1104
0	0.1097
0	0.1078
0	0.1108
0	0.1088
0	0.1079
0	0.111
0	0.1138
0	0.1138
0	0.119
0	0.1244
0	0.1194
0	0.1147
0	0.1155
0	0.1159
0	0.1106
0	0.1075
0	0.1046
0	0.1063
0	0.1138
0	0.1131
0	0.1116
0	0.1143
0	0.1189
0	0.1196
0	0.1187
0	0.1183
0	0.1138
0	0.1138
0	0.1251
0	0.1205
0	0.1239
0	0.1231
0	0.1183
0	0.1167
0	0.117
0	0.1192
0	0.1133
0	0.1178
0	0.1242
0	0.1231
0	0.1267
0	0.1131
0	0.1195
0	0.103
0	0.1077
0	0.1008
0	0.103
0	0.09939
0	0.1024
0	0.1045
0	0.09513
0	0.09244
0	0.09189
0	0.09696
0	0.09824
0	0.1015
0	0.09437
0	0.09344
0	0.09097
0	0.09079
0	0.09164
0	0.09484
0	0.09587
0	0.09526
0	0.09558
0	0.09752
0	0.09904
0	0.1021
0	0.1059
0	0.1058
0	0.1072
0	0.1061
0	0.1078
0	0.1063
0	0.1092
0	0.07414
0	0.0731
0	0.06999
0	0.06773
0	0.06268
0	0.05936
0	0.0558
0	0.05972
0	0.06107
0	0.06236
0	0.06445
0	0.06388
0	0.07006
0	0.07171
0	0.07021
0	0.07056
0	0.06872
0	0.06834
0	0.06765
0	0.06824
0	0.06912
0	0.07463
0	0.06935
0	0.06696
0	0.06386
0	0.06426
0	0.06632
0	0.06622
0	0.06391
0	0.06006
0	0.05723
0	0.05855
0	0.05645
0	0.05692
0	0.06282
0	0.06061
0	0.06042
0	0.06375
0	0.06785
0	0.06901
0	0.07555
0	0.07854
0	0.08208
0	0.08053
0	0.08493
0	0.08564
0	0.08437
0	0.08608
0	0.09017
0	0.08907
0	0.0872
0	0.08359
0	0.07943
0	0.08253
0	0.08471
0	0.08565
0	0.08549
0	0.0822
0	0.08242
0	0.08325
0	0.08288
0	0.08266
0	0.0804
0	0.08079
0	0.08609
0	0.08532
0	0.08438
0	0.08436
0	0.0895
0	0.08996
0	0.08961
0	0.08634
0	0.08609
0	0.09295
0	0.0896
0	0.09095
0	0.08854
0	0.08714
0	0.08667
0	0.08589
0	0.08717
0	0.08044
0	0.08017
0	0.08265
0	0.08254
0	0.08123
0	0.07707
0	0.07878
0	0.07571
0	0.0735
0	0.07301
0	0.07417
0	0.07672
0	0.08135
0	0.08015
0	0.08123
0	0.08002
0	0.07701
0	0.07568
0	0.07531
0	0.07685
0	0.0779
0	0.08154
0	0.08308
0	0.08182
0	0.0825
0	0.08328
0	0.08676
0	0.08645
0	0.08314
0	0.08214
0	0.08327
0	0.08332
0	0.08126
0	0.08152
0	0.08214
0	0.08717
0	0.08773
0	0.08986
0	0.08758
0	0.09059
0	0.09549
0	0.09606
0	0.09706
0	0.09859
0	0.1006
0	0.09766
0	0.09721
0	0.09684
0	0.09721
0	0.09808
0	0.1007
0	0.09861
0	0.09662
0	0.09327
0	0.09695
0	0.1008
0	0.09898
0	0.09663
0	0.0987
0	0.1036
0	0.1014
0	0.09436
0	0.09284
0	0.09215
0	0.09288
0	0.09628
0	0.0949
0	0.09593
0	0.09869
0	0.1002
0	0.09827
0	0.09672
0	0.09475
0	0.0949
0	0.09436
0	0.111
0	0.1112
0	0.1072
0	0.1087
0	0.1056
0	0.1056
0	0.1003
0	0.101
0	0.1025
0	0.1039
0	0.1034
0	0.1036
0	0.1073
0	0.1048
0	0.1037
0	0.1042
0	0.1027
0	0.103
0	0.1019
0	0.1049
0	0.1062
0	0.1062
0	0.1092
0	0.1114
0	0.1149
0	0.1132
0	0.1105
0	0.1184
0	0.1201
0	0.1234
0	0.124
0	0.1228
0	0.1245
0	0.1384
0	0.1371
0	0.1347
0	0.1305
0	0.1339
0	0.142
0	0.142
0	0.1413
0	0.1402
0	0.1382
0	0.1375
0	0.1422
0	0.146
0	0.1429
0	0.1429
0	0.1527
0	0.1528
0	0.1515
0	0.1529
0	0.1532
0	0.1448
0	0.1447
0	0.1449
0	0.1425
0	0.1421
0	0.1493
0	0.148
0	0.1469
0	0.1469
0	0.1488
0	0.1472
0	0.1475
0	0.1464
0	0.1478
0	0.145
0	0.1439
0	0.1433
0	0.1425
0	0.144
0	0.1448
0	0.1446
0	0.1496
0	0.1514
0	0.1502
0	0.1481
0	0.1472
0	0.1481
0	0.1433
0	0.1444
0	0.1449
0	0.1462
0	0.1454
0	0.1448
0	0.1432
0	0.1419
0	0.1446
0	0.1412
0	0.1381
0	0.1397
0	0.1397
0	0.1394
0	0.1374
0	0.1366
0	0.1339
0	0.1346
0	0.1343
0	0.1337
0	0.1332
0	0.1318
0	0.1309
0	0.1303
0	0.13
0	0.1287
0	0.1271
0	0.1263
0	0.1267
0	0.1277
0	0.1284
0	0.1274
0	0.1263
0	0.1268
0	0.1259
0	0.1251
0	0.1238
0	0.1223
0	0.1217
0	0.1198
0	0.1205
0	0.1212
0	0.1209
0	0.1206
0	0.1205
0	0.1202
0	0.1194
0	0.1201
0	0.1225
0	0.1225
0	0.1212
0	0.1191
0	0.1164
0	0.1147
0	0.1116
0	0.1122
0	0.1109
0	0.1124
0	0.1153
0	0.115
0	0.1158
0	0.1151
0	0.1149
0	0.1172
0	0.1197
0	0.1198
0	0.12
0	0.1199
0	0.1205
0	0.1184
0	0.1179
0	0.1189
0	0.1197
0	0.1195
0	0.1191
0	0.1199
0	0.1197
0	0.1181
0	0.1157
0	0.1159
0	0.1161
0	0.1177
0	0.1169
0	0.1174
0	0.1145
0	0.115
0	0.1145
0	0.1179
0	0.1124
0	0.1126
0	0.1125
0	0.1105
0	0.1106
0	0.1101
0	0.11
0	0.1098
0	0.1083
0	0.1068
0	0.1076
0	0.1056
0	0.1037
0	0.1054
0	0.1057
0	0.1062
0	0.105
0	0.1049
0	0.1038
0	0.104
0	0.1025
0	0.1006
0	0.09994
0	0.1022
0	0.1017
0	0.1015
0	0.1011
0	0.1017
0	0.102
0	0.1029
0	0.1027
0	0.1017
0	0.1007
0	0.09905
0	0.0954
0	0.0936
0	0.09308
0	0.09502
0	0.09635
0	0.09665
0	0.09731
0	0.09684
0	0.09944
0	0.1032
0	0.103
0	0.1103
0	0.1108
0	0.1103
0	0.1124
0	0.1111
0	0.1128
0	0.1124
0	0.1118
0	0.1103
0	0.1087
0	0.1098
0	0.1086
0	0.1086
0	0.1092
0	0.1073
0	0.1067
0	0.1058
0	0.1043
0	0.1045
0	0.1048
0	0.1028
0	0.1027
0	0.1026
0	0.1032
0	0.1045
0	0.1053
0	0.1063
0	0.1055
0	0.1059
0	0.1068
0	0.1064
0	0.105
0	0.1066
0	0.108
0	0.1095
0	0.1089
0	0.1085
0	0.1091
0	0.1088
0	0.1091
0	0.1092
0	0.1107
0	0.1111
0	0.1101
0	0.1088
0	0.1081
0	0.1101
0	0.1102
0	0.1096
0	0.1015
0	0.1006
0	0.1006
0	0.09983
0	0.09971
0	0.0996
0	0.09795
0	0.09883
0	0.1003
0	0.1061
0	0.1051
0	0.1062
0	0.1041
0	0.1043
0	0.1055
0	0.1039
0	0.1032
0	0.1031
0	0.1057
0	0.107
0	0.1052
0	0.1055
0	0.1052
0	0.1047
0	0.1048
0	0.106
0	0.1071
0	0.1049
0	0.1045
0	0.1021
0	0.1016
0	0.09982
0	0.1003
0	0.09986
0	0.09983
0	0.09841
0	0.09912
0	0.09886
0	0.1005
0	0.1001
0	0.09871
0	0.1007
0	0.09946
0	0.1007
0	0.1016
0	0.1007
0	0.1007
0	0.1011
0	0.1007
0	0.1
0	0.09958
0	0.09978
0	0.1005
0	0.1001
0	0.1006
0	0.1016
0	0.09959
0	0.0982
0	0.09784
0	0.0978
0	0.09733
0	0.09688
0	0.09761
0	0.09806
0	0.09609
0	0.09942
0	0.09955
0	0.09902
0	0.09913
0	0.1004
0	0.1007
0	0.1006
0	0.09986
0	0.1006
0	0.1014
0	0.1011
0	0.1017
0	0.101
0	0.1004
0	0.101
0	0.1011
0	0.1016
0	0.101
0	0.1009
0	0.09973
0	0.09939
0	0.09929
0	0.1014
0	0.1007
0	0.1064
0	0.1064
0	0.1069
0	0.1069
0	0.1065
0	0.1064
0	0.1029
0	0.1024
0	0.1024
0	0.102
0	0.1018
0	0.1014
0	0.1026
0	0.1037
0	0.1019
0	0.104
0	0.1054
0	0.107
0	0.1084
0	0.1087
0	0.1086
0	0.1042
0	0.1029
0	0.1031
0	0.1037
0	0.1045
0	0.1047
0	0.1044
0	0.104
0	0.1031
0	0.1027
0	0.1004
0	0.09882
0	0.1027
0	0.103
0	0.1026
0	0.1021
0	0.1021
0	0.1064
0	0.107
0	0.1076
0	0.1089
0	0.1084
0	0.1094
0	0.1092
0	0.1098
0	0.1105
0	0.1096
0	0.1085
0	0.1086
0	0.1072
0	0.1075
0	0.1062
0	0.1062
0	0.1078
0	0.106
0	0.1071
0	0.1069
0	0.1073
0	0.1074
0	0.1054
0	0.1042
0	0.1049
0	0.1049
0	0.1062
0	0.1093
0	0.1094
0	0.1117
0	0.1109
0	0.11
0	0.1092
0	0.1081
0	0.1083
0	0.1078
0	0.1085
0	0.1061
0	0.1062
0	0.1065
0	0.1066
0	0.1067
0	0.1046
0	0.1053
0	0.1077
0	0.109
0	0.1091
0	0.1078
0	0.1073
0	0.1068
0	0.1055
0	0.1056
0	0.1063
0	0.1051
0	0.106
0	0.1052
0	0.1082
0	0.1065
0	0.1071
0	0.1063
0	0.1064
0	0.1064
0	0.1061
0	0.1062
0	0.1066
0	0.1064
0	0.1069
0	0.1072
0	0.1068
0	0.1055
0	0.1053
0	0.1061
0	0.1063
0	0.1067
0	0.1064
0	0.1057
0	0.1057
0	0.1058
0	0.1054
0	0.106
0	0.1066
0	0.1067
0	0.1074
0	0.1072
0	0.1061
0	0.1053
0	0.1041
0	0.1037
0	0.1057
0	0.1057
0	0.1055
0	0.108
0	0.1073
0	0.1076
0	0.1068
0	0.1077
0	0.107
0	0.107
0	0.1082
0	0.1069
0	0.1067
0	0.1068
0	0.106
0	0.1051
0	0.1055
0	0.1057
0	0.1047
0	0.1043
0	0.1051
0	0.1044
0	0.1033
0	0.1025
0	0.1007
0	0.1012
0	0.1007
0	0.1004
0	0.1002
0	0.1005
0	0.09915
0	0.09926
0	0.09969
0	0.0994
0	0.09925
0	0.1004
0	0.09973
0	0.09992
0	0.1004
0	0.1004
0	0.1004
0	0.1002
0	0.1002
0	0.09968
0	0.09934
0	0.09898
0	0.09883
0	0.09953
0	0.09777
0	0.09617
0	0.0971
0	0.09678
0	0.09677
0	0.09735
0	0.09686
0	0.09682
0	0.09657
0	0.0956
0	0.09746
0	0.09795
0	0.09787
0	0.09756
0	0.09679
0	0.0969
0	0.09661
0	0.09744
0	0.09731
0	0.09568
0	0.09585
0	0.09568
0	0.09619
0	0.09604
0	0.09605
0	0.09579
0	0.09458
0	0.09465
0	0.0944
0	0.09521
0	0.09597
0	0.09582
0	0.09538
0	0.09557
0	0.09888
0	0.09801
0	0.09732
0	0.09741
0	0.09682
0	0.09756
0	0.09762
0	0.09617
0	0.09722
0	0.09776
0	0.09814
0	0.09862
0	0.0982
0	0.09869
0	0.09771
0	0.09856
0	0.09807
0	0.09796
0	0.09768
0	0.09816
0	0.09821
0	0.101
0	0.1005
0	0.1003
0	0.1011
0	0.1005
0	0.1001
0	0.09972
0	0.1003
0	0.1007
0	0.1004
0	0.0998
0	0.09903
0	0.09876
0	0.09734
0	0.09746
0	0.09711
0	0.09684
0	0.0958
0	0.09641
0	0.09616
0	0.09688
0	0.09622
0	0.09608
0	0.09676
0	0.09706
0	0.09764
0	0.09732
0	0.0977
0	0.1008
0	0.1015
0	0.1006
0	0.1005
0	0.1011
0	0.101
0	0.09983
0	0.09838
0	0.09867
0	0.09804
0	0.09788
0	0.09736
0	0.09854
0	0.09666
0	0.09736
0	0.09613
0	0.09782
0	0.09732
0	0.09577
0	0.09484
0	0.09778
0	0.1006
0	0.1009
0	0.09927
0	0.09884
0	0.09963
0	0.1003
0	0.1004
0	0.1018
0	0.1013
0	0.1007
0	0.1009
0	0.1012
0	0.1007
0	0.1001
0	0.1001
0	0.1007
0	0.1009
0	0.09988
0	0.1003
0	0.1001
0	0.09939
0	0.09959
0	0.09962
0	0.1002
0	0.09981
0	0.1005
0	0.1005
0	0.1007
0	0.1005
0	0.101
0	0.1024
0	0.1028
0	0.1019
0	0.1018
0	0.1019
0	0.1018
0	0.1025
0	0.1026
0	0.1009
0	0.101
0	0.1016
0	0.1015
0	0.1005
0	0.1006
0	0.09984
0	0.1011
0	0.1007
0	0.101
0	0.0999
0	0.09975
0	0.1005
0	0.1006
0	0.1014
0	0.1024
0	0.1021
0	0.1021
0	0.1009
0	0.1008
0	0.1007
0	0.1003
0	0.09915
0	0.1
0	0.09991
0	0.103
0	0.1029
0	0.1027
0	0.1024
0	0.1014
0	0.1033
0	0.1043
0	0.1039
0	0.1041
0	0.1035
0	0.1033
0	0.1028
0	0.1034
0	0.1033
0	0.1036
0	0.1029
0	0.1026
0	0.102
0	0.1027
0	0.1026
0	0.1018
0	0.1016
0	0.1012
0	0.1005
0	0.1012
0	0.101
0	0.1029
0	0.1005
0	0.1013
0	0.1016
0	0.1019
0	0.1018
0	0.1018
0	0.1002
0	0.09957
0	0.1004
0	0.1012
0	0.09999
0	0.0998
0	0.101
0	0.1019
0	0.1016
0	0.1022
0	0.103
0	0.1028
0	0.1034
0	0.1025
0	0.1016
0	0.1013
0	0.1009
0	0.1004
0	0.09916
0	0.09877
0	0.09871
0	0.09936
0	0.09903
0	0.09869
0	0.09896
0	0.09854
0	0.1002
0	0.09996
0	0.09989
0	0.1004
0	0.1005
0	0.101
0	0.1
0	0.09974
0	0.1004
0	0.101
0	0.1016
0	0.1021
0	0.1007
0	0.1014
0	0.1022
0	0.1012
0	0.1012
0	0.101
0	0.1008
0	0.1008
0	0.1017
0	0.1009
0	0.101
0	0.101
0	0.1029
0	0.1026
0	0.1026
0	0.1032
0	0.1031
0	0.1035
0	0.1026
0	0.1033
0	0.1031
0	0.1021
