# iterations	 errorinentropy	 maxerror	(generated with python figs/comparison.py 0 lv/ww1.30-ff0.22-30x4-sad-movie/002698-lndos.dat lv/ww1.30-ff0.22-30x4
6.201e+04	41.72	159.8
1.39e+05	39.98	153.6
2.407e+05	38.98	148.8
3.676e+05	38.09	145.5
5.196e+05	32.43	126.7
6.955e+05	32.37	126.7
8.964e+05	32.06	126.7
1.122e+06	31.8	126.7
1.373e+06	27.49	117.7
1.648e+06	24.33	108.5
1.946e+06	24.24	108.5
2.265e+06	24.21	108.5
2.605e+06	24.15	108.5
2.974e+06	24.1	108.5
3.369e+06	24.05	108.5
3.79e+06	23.97	108.5
4.233e+06	23.39	104.8
4.699e+06	23.34	104.8
5.19e+06	21.18	99.11
5.695e+06	21.19	99.11
6.228e+06	19.53	95.26
6.788e+06	19.5	95.26
7.375e+06	8.272	56.88
7.972e+06	8.26	56.74
8.592e+06	8.238	56.74
9.24e+06	8.27	56.73
9.914e+06	8.165	56.05
1.06e+07	8.077	55.79
1.131e+07	8.043	55.76
1.205e+07	8.015	55.7
1.281e+07	8.011	55.56
1.359e+07	8.107	55.57
1.44e+07	8.086	55.49
1.523e+07	8.077	55.44
1.609e+07	8.072	55.38
1.698e+07	8.057	55.27
1.789e+07	8.045	55.24
1.883e+07	8.036	55.23
1.98e+07	8.026	55.23
2.077e+07	8.007	55.22
2.177e+07	7.962	55.08
2.28e+07	7.949	55.08
2.385e+07	7.849	54.74
2.493e+07	7.69	54.05
2.601e+07	7.667	54.04
2.713e+07	7.65	53.99
2.827e+07	7.654	53.97
2.944e+07	7.644	53.97
3.064e+07	7.631	53.97
3.185e+07	7.635	53.97
3.309e+07	7.632	53.89
3.434e+07	7.617	53.89
3.562e+07	7.609	53.89
3.694e+07	7.599	53.89
3.827e+07	7.653	54.03
3.962e+07	7.527	53.49
4.1e+07	7.49	53.32
4.241e+07	7.45	53.15
4.385e+07	7.377	52.83
4.529e+07	7.158	51.94
4.676e+07	7.121	51.76
4.825e+07	7.106	51.68
4.977e+07	7.046	51.48
5.13e+07	7.003	51.48
5.286e+07	7.031	51.48
5.445e+07	7.003	51.48
5.605e+07	6.993	51.48
5.77e+07	6.978	51.48
5.936e+07	6.97	51.48
6.106e+07	6.964	51.48
6.278e+07	6.902	51.48
6.452e+07	4.236	39.81
6.627e+07	4.163	39.42
6.803e+07	4.125	39.23
6.981e+07	4.119	39.22
7.165e+07	4.115	39.22
7.351e+07	4.099	39.16
7.538e+07	4.084	39.09
7.727e+07	4.079	39.09
7.92e+07	4.053	38.96
8.114e+07	4.007	38.95
8.308e+07	3.969	38.95
8.507e+07	3.972	38.95
8.708e+07	3.973	38.95
8.91e+07	3.963	38.95
9.116e+07	3.971	38.95
9.324e+07	3.965	38.95
9.535e+07	3.95	38.95
9.746e+07	3.93	38.95
9.958e+07	3.925	38.95
1.018e+08	3.911	38.95
1.04e+08	3.903	38.95
1.062e+08	3.884	38.95
1.084e+08	3.867	38.95
1.107e+08	3.858	38.95
1.13e+08	3.851	38.95
1.153e+08	3.844	38.95
1.177e+08	3.493	35.86
1.2e+08	3.487	35.84
1.224e+08	3.496	35.89
1.248e+08	3.491	35.87
1.272e+08	3.48	35.82
1.296e+08	3.471	35.78
1.321e+08	3.461	35.75
1.346e+08	3.447	35.68
1.371e+08	3.429	35.62
1.396e+08	3.419	35.6
1.422e+08	3.414	35.6
1.448e+08	3.409	35.59
1.474e+08	3.398	35.6
1.501e+08	3.387	35.51
1.527e+08	3.376	35.51
1.554e+08	3.373	35.51
1.581e+08	3.371	35.51
1.609e+08	3.361	35.5
1.636e+08	3.36	35.5
1.664e+08	3.357	35.5
1.693e+08	2.735	31.64
1.721e+08	2.721	31.63
1.749e+08	2.718	31.63
1.778e+08	2.712	31.63
1.807e+08	2.647	31.28
1.836e+08	2.655	31.23
1.865e+08	2.648	31.19
1.895e+08	2.624	31.12
1.924e+08	2.584	30.89
1.954e+08	2.522	30.58
1.984e+08	2.519	30.58
2.015e+08	2.511	30.58
2.045e+08	2.487	30.58
2.076e+08	2.485	30.58
2.107e+08	2.483	30.58
2.139e+08	2.471	30.58
2.171e+08	2.456	30.58
2.203e+08	2.446	30.58
2.235e+08	2.444	30.58
2.268e+08	2.43	30.58
2.3e+08	2.428	30.58
2.333e+08	2.425	30.58
2.365e+08	2.412	30.58
2.399e+08	2.409	30.58
2.432e+08	2.407	30.58
2.466e+08	2.404	30.58
2.501e+08	2.401	30.58
2.535e+08	2.397	30.58
2.57e+08	2.385	30.58
2.604e+08	2.363	30.58
2.639e+08	2.354	30.58
2.674e+08	2.352	30.58
2.71e+08	2.351	30.58
2.746e+08	2.347	30.58
2.782e+08	2.345	30.58
2.819e+08	2.339	30.58
2.855e+08	2.334	30.58
2.892e+08	1.901	27.83
2.929e+08	1.828	27.83
2.965e+08	1.806	27.83
3.003e+08	1.803	27.83
3.04e+08	1.784	27.83
3.078e+08	1.759	27.83
3.116e+08	1.755	27.83
3.154e+08	1.751	27.83
3.193e+08	1.721	27.83
3.231e+08	1.714	27.83
3.27e+08	1.712	27.83
3.31e+08	1.706	27.83
3.349e+08	1.62	25.01
3.389e+08	1.609	25.01
3.428e+08	0.9391	22.11
3.468e+08	0.917	22.11
3.508e+08	0.8972	22.11
3.548e+08	0.8871	22.11
3.589e+08	0.8828	22.11
3.629e+08	0.8826	22.11
3.67e+08	0.8788	22.11
3.712e+08	0.8718	22.11
3.753e+08	0.8632	22.11
3.795e+08	0.8579	22.11
3.837e+08	0.6036	15.93
3.879e+08	0.601	15.93
3.922e+08	0.6055	15.93
3.965e+08	0.6024	15.93
4.008e+08	0.5939	15.93
4.052e+08	0.5879	15.93
4.095e+08	0.5803	15.93
4.139e+08	0.5797	15.93
4.183e+08	0.5779	15.93
4.228e+08	0.5772	15.93
4.272e+08	0.5746	15.93
4.316e+08	0.5727	15.93
4.361e+08	0.5705	15.93
4.406e+08	0.5703	15.93
4.451e+08	0.5746	15.93
4.497e+08	0.5735	15.93
4.543e+08	0.5765	15.93
4.589e+08	0.5738	15.93
4.635e+08	0.5727	15.93
4.681e+08	0.5709	15.93
4.728e+08	0.5692	15.93
4.775e+08	0.5749	15.93
4.822e+08	0.5737	15.93
4.869e+08	0.5707	15.93
4.917e+08	0.5822	15.93
4.965e+08	0.5816	15.93
5.014e+08	0.5811	15.93
5.063e+08	0.5803	15.93
5.112e+08	0.582	15.93
5.161e+08	0.5813	15.93
5.21e+08	0.5806	15.93
5.259e+08	0.5802	15.93
5.309e+08	0.5794	15.93
5.359e+08	0.5949	14.28
5.409e+08	0.594	14.27
5.46e+08	0.592	14.25
5.511e+08	0.5906	14.23
5.562e+08	0.5897	14.22
5.612e+08	0.5892	14.22
5.664e+08	0.5865	14.2
5.715e+08	0.5834	14.15
5.767e+08	0.5812	14.15
5.819e+08	0.5792	14.14
5.872e+08	0.5744	14.05
5.924e+08	0.5572	13.85
5.977e+08	0.5433	13.71
6.03e+08	0.5018	13.4
6.083e+08	0.5002	13.4
6.136e+08	0.475	12.86
6.19e+08	0.2244	8.984
6.243e+08	0.2244	8.984
6.297e+08	0.225	8.984
6.351e+08	0.225	8.984
6.405e+08	0.2207	8.984
6.461e+08	0.2233	8.984
6.516e+08	0.224	8.984
6.572e+08	0.2203	8.984
6.628e+08	0.223	8.984
6.684e+08	0.2149	8.984
6.739e+08	0.2212	8.984
6.795e+08	0.2309	8.984
6.851e+08	0.2321	8.984
6.908e+08	0.2289	8.984
6.965e+08	0.2257	8.984
7.023e+08	0.2295	8.984
7.079e+08	0.2292	8.984
7.136e+08	0.2306	8.984
7.193e+08	0.2279	8.984
7.252e+08	0.2289	8.984
7.31e+08	0.2291	8.984
7.368e+08	0.2328	8.984
7.427e+08	0.2306	8.984
7.485e+08	0.2285	8.984
7.545e+08	0.229	8.984
7.604e+08	0.2277	8.984
7.664e+08	0.2269	8.984
7.725e+08	0.2269	8.984
7.785e+08	0.2238	8.984
7.846e+08	0.1427	4.915
7.906e+08	0.1496	4.915
7.966e+08	0.1535	4.915
8.027e+08	0.1575	4.915
8.088e+08	0.1657	4.915
8.149e+08	0.1664	4.915
8.211e+08	0.1517	4.915
8.272e+08	0.1542	4.915
8.334e+08	0.1511	4.915
8.396e+08	0.1537	4.915
8.459e+08	0.1535	4.915
8.522e+08	0.1552	4.915
8.585e+08	0.155	4.915
8.649e+08	0.1077	1.166
8.712e+08	0.1105	1.201
8.776e+08	0.1126	1.309
8.839e+08	0.1137	1.325
8.904e+08	0.1154	1.369
8.968e+08	0.1172	1.406
9.032e+08	0.1194	1.448
9.097e+08	0.1226	1.513
9.162e+08	0.1284	1.551
9.227e+08	0.1236	1.036
9.292e+08	0.1223	1.054
9.358e+08	0.1221	1.029
9.424e+08	0.1227	1.069
9.49e+08	0.1218	1.081
9.557e+08	0.1209	1.104
9.623e+08	0.1231	1.165
9.689e+08	0.1253	1.209
9.756e+08	0.125	1.226
9.824e+08	0.128	1.263
9.891e+08	0.132	1.3
9.959e+08	0.1292	1.304
1.003e+09	0.1257	1.305
1.01e+09	0.1266	1.366
1.016e+09	0.1279	1.383
1.023e+09	0.1203	0.9996
1.03e+09	0.1196	1.039
1.037e+09	0.1196	1.062
1.044e+09	0.1217	1.095
1.051e+09	0.1252	1.15
1.058e+09	0.1251	1.164
1.065e+09	0.1246	1.187
1.072e+09	0.1264	1.215
1.079e+09	0.1295	1.282
1.086e+09	0.1306	1.31
1.093e+09	0.13	1.319
1.101e+09	0.1297	1.355
1.108e+09	0.1285	1.36
1.115e+09	0.1291	1.374
1.122e+09	0.1348	1.425
1.129e+09	0.1319	1.378
1.137e+09	0.1329	1.411
1.144e+09	0.1338	1.419
1.151e+09	0.1338	1.42
1.159e+09	0.1353	1.431
1.166e+09	0.1364	1.453
1.174e+09	0.1392	1.478
1.181e+09	0.1335	1.553
1.188e+09	0.1346	1.816
1.196e+09	0.1413	2.066
1.203e+09	0.1416	2.243
1.211e+09	0.1429	2.504
1.218e+09	0.1324	2.126
1.226e+09	0.138	2.21
1.233e+09	0.1216	0.7005
1.241e+09	0.1262	0.7628
1.248e+09	0.1167	0.5505
1.256e+09	0.1175	0.5471
1.263e+09	0.1143	0.5288
1.271e+09	0.1174	0.5494
1.279e+09	0.1185	0.5138
1.286e+09	0.118	0.5021
1.294e+09	0.1173	0.5075
1.302e+09	0.1173	0.5069
1.31e+09	0.119	0.5116
1.317e+09	0.1186	0.4955
1.325e+09	0.1188	0.5021
1.333e+09	0.1141	0.4321
1.341e+09	0.1143	0.4434
1.349e+09	0.1137	0.4574
1.357e+09	0.1146	0.4772
1.365e+09	0.1144	0.4638
1.373e+09	0.115	0.4739
1.381e+09	0.1154	0.4721
1.389e+09	0.1132	0.4341
1.397e+09	0.1129	0.4309
1.405e+09	0.1144	0.4548
1.413e+09	0.1155	0.4714
1.421e+09	0.1173	0.4816
1.429e+09	0.1198	0.4956
1.437e+09	0.1204	0.4983
1.445e+09	0.1219	0.5181
1.454e+09	0.121	0.5174
1.462e+09	0.1236	0.5461
1.47e+09	0.124	0.5655
1.478e+09	0.1267	0.595
1.487e+09	0.1123	0.4422
1.495e+09	0.113	0.446
1.503e+09	0.1101	0.4408
1.512e+09	0.108	0.4441
1.52e+09	0.1043	0.4445
1.529e+09	0.1019	0.4475
1.537e+09	0.09937	0.4504
1.546e+09	0.1012	0.4553
1.554e+09	0.1018	0.4595
1.563e+09	0.1022	0.4658
1.571e+09	0.1017	0.4587
1.58e+09	0.1016	0.4635
1.588e+09	0.1011	0.4589
1.597e+09	0.1003	0.4552
1.606e+09	0.09925	0.4611
1.614e+09	0.09878	0.4578
1.623e+09	0.09799	0.4605
1.632e+09	0.09775	0.4321
1.64e+09	0.09711	0.4392
1.649e+09	0.09732	0.4444
1.658e+09	0.09748	0.4509
1.667e+09	0.1006	0.4672
1.675e+09	0.0976	0.4679
1.684e+09	0.09601	0.471
1.693e+09	0.09554	0.4749
1.702e+09	0.09593	0.4766
1.711e+09	0.09725	0.4771
1.72e+09	0.09602	0.4727
1.729e+09	0.09482	0.4752
1.738e+09	0.09245	0.4762
1.747e+09	0.09251	0.48
1.756e+09	0.0934	0.4856
1.765e+09	0.09261	0.4878
1.774e+09	0.0933	0.4925
1.783e+09	0.09571	0.5004
1.793e+09	0.09523	0.5043
1.802e+09	0.09559	0.5092
1.811e+09	0.09737	0.519
1.82e+09	0.09952	0.5234
1.829e+09	0.1013	0.533
1.838e+09	0.1039	0.5381
1.848e+09	0.1053	0.5411
1.857e+09	0.1068	0.5514
1.866e+09	0.1068	0.5522
1.875e+09	0.1099	0.5621
1.885e+09	0.1107	0.5698
1.894e+09	0.1112	0.5751
1.903e+09	0.1129	0.6067
1.913e+09	0.1153	0.7421
1.922e+09	0.1154	0.8067
1.932e+09	0.1153	0.853
1.941e+09	0.1134	0.6999
1.951e+09	0.1109	0.6728
1.96e+09	0.1113	0.6655
1.97e+09	0.1121	0.6531
1.979e+09	0.1131	0.6611
1.989e+09	0.1128	0.6602
1.999e+09	0.1114	0.662
2.008e+09	0.1116	0.6852
2.018e+09	0.1122	0.7097
2.028e+09	0.1122	0.6513
2.037e+09	0.1115	0.6272
2.047e+09	0.1103	0.6275
2.057e+09	0.11	0.6283
2.066e+09	0.1123	0.6342
2.076e+09	0.1128	0.6423
2.086e+09	0.1108	0.6298
2.096e+09	0.1116	0.6411
2.106e+09	0.1124	0.6428
2.116e+09	0.1128	0.6418
2.126e+09	0.1133	0.6584
2.136e+09	0.1115	0.6575
2.146e+09	0.1124	0.6773
2.156e+09	0.113	0.6903
2.166e+09	0.1114	0.6908
2.176e+09	0.1125	0.7018
2.186e+09	0.1119	0.6987
2.196e+09	0.1116	0.7066
2.206e+09	0.111	0.7053
2.216e+09	0.1107	0.7127
2.227e+09	0.1117	0.6988
2.237e+09	0.1087	0.6859
2.247e+09	0.1083	0.6737
2.257e+09	0.1083	0.6739
2.267e+09	0.1081	0.671
2.278e+09	0.1079	0.6765
2.288e+09	0.1057	0.6586
2.298e+09	0.1062	0.654
2.309e+09	0.1049	0.6532
2.319e+09	0.1042	0.6582
2.329e+09	0.105	0.6754
2.34e+09	0.1059	0.6765
2.35e+09	0.1073	0.6863
2.361e+09	0.107	0.6958
2.371e+09	0.107	0.7036
2.381e+09	0.1069	0.6916
2.392e+09	0.1069	0.6966
2.403e+09	0.1063	0.6964
2.413e+09	0.106	0.6947
2.424e+09	0.1055	0.6725
2.434e+09	0.1062	0.6742
2.445e+09	0.1066	0.6723
2.456e+09	0.108	0.6814
2.466e+09	0.1083	0.6855
2.477e+09	0.1079	0.6855
2.488e+09	0.1083	0.6915
2.498e+09	0.1088	0.6974
2.509e+09	0.11	0.7011
2.52e+09	0.1105	0.7061
2.531e+09	0.1094	0.6983
2.541e+09	0.1092	0.6991
2.552e+09	0.11	0.702
2.563e+09	0.11	0.7032
2.574e+09	0.1093	0.698
2.585e+09	0.1102	0.7094
2.596e+09	0.1104	0.7162
2.607e+09	0.1123	0.7214
2.618e+09	0.1128	0.7259
2.629e+09	0.1148	0.741
2.64e+09	0.1141	0.7418
2.651e+09	0.1142	0.7415
2.662e+09	0.1156	0.7516
2.673e+09	0.1163	0.7497
2.684e+09	0.116	0.7544
2.695e+09	0.1172	0.7621
2.706e+09	0.119	0.7663
2.718e+09	0.1181	0.7685
2.729e+09	0.1179	0.7707
2.74e+09	0.1187	0.7692
2.751e+09	0.1191	0.7633
2.763e+09	0.1196	0.7653
2.774e+09	0.1187	0.754
2.785e+09	0.1181	0.7527
2.797e+09	0.1175	0.7536
2.809e+09	0.117	0.7535
2.82e+09	0.1171	0.7527
2.832e+09	0.1187	0.7534
2.843e+09	0.1189	0.7568
2.855e+09	0.1187	0.7614
2.866e+09	0.119	0.7609
2.878e+09	0.1174	0.748
2.889e+09	0.1172	0.7502
2.901e+09	0.1144	0.7324
2.913e+09	0.1132	0.718
2.924e+09	0.1128	0.7201
2.936e+09	0.1133	0.7123
2.948e+09	0.1131	0.7103
2.959e+09	0.1119	0.6997
2.971e+09	0.1122	0.6994
2.983e+09	0.1126	0.7012
2.995e+09	0.1128	0.7039
3.006e+09	0.1121	0.7045
3.018e+09	0.1114	0.7024
3.03e+09	0.1118	0.7047
3.042e+09	0.1122	0.708
3.054e+09	0.112	0.7095
3.066e+09	0.1114	0.6903
3.078e+09	0.1106	0.6867
3.09e+09	0.1101	0.6859
3.102e+09	0.1108	0.6886
3.114e+09	0.1107	0.6892
3.126e+09	0.1111	0.6929
3.139e+09	0.1085	0.676
3.151e+09	0.1084	0.6703
3.163e+09	0.1084	0.671
3.175e+09	0.1092	0.6777
3.187e+09	0.1089	0.675
3.199e+09	0.1091	0.6778
3.211e+09	0.1099	0.6764
3.224e+09	0.1091	0.6771
3.236e+09	0.1097	0.6755
3.247e+09	0.11	0.6751
3.26e+09	0.11	0.6798
3.272e+09	0.1104	0.686
3.284e+09	0.1103	0.6882
3.297e+09	0.1105	0.6897
3.309e+09	0.1112	0.696
3.322e+09	0.1118	0.6997
3.334e+09	0.1111	0.6815
3.346e+09	0.1114	0.6817
3.359e+09	0.1122	0.6789
3.372e+09	0.1122	0.685
3.384e+09	0.1113	0.6846
3.397e+09	0.1126	0.6836
3.409e+09	0.1136	0.6877
3.422e+09	0.1144	0.6924
3.434e+09	0.115	0.6951
3.447e+09	0.1147	0.6961
3.46e+09	0.1153	0.6923
3.472e+09	0.1148	0.6791
3.485e+09	0.1143	0.6794
3.498e+09	0.1141	0.6809
3.511e+09	0.1128	0.6813
3.524e+09	0.1123	0.6762
3.536e+09	0.1126	0.6767
3.549e+09	0.113	0.6776
3.562e+09	0.1132	0.679
3.575e+09	0.1127	0.6768
3.588e+09	0.1126	0.6777
3.601e+09	0.1128	0.6791
3.614e+09	0.1124	0.6769
3.627e+09	0.1126	0.6755
3.64e+09	0.1125	0.6764
3.653e+09	0.1127	0.6764
3.666e+09	0.1122	0.6711
3.679e+09	0.1128	0.6726
3.692e+09	0.1132	0.675
3.706e+09	0.1141	0.6817
3.719e+09	0.1148	0.6852
3.732e+09	0.1108	0.664
3.745e+09	0.1108	0.6689
3.758e+09	0.1107	0.6689
3.771e+09	0.1105	0.6718
3.785e+09	0.1104	0.6703
3.798e+09	0.112	0.672
3.811e+09	0.1114	0.6717
3.825e+09	0.1116	0.6723
3.838e+09	0.1113	0.6751
3.851e+09	0.1119	0.6746
3.865e+09	0.1127	0.6814
3.878e+09	0.1129	0.6841
3.892e+09	0.1129	0.6875
3.905e+09	0.1134	0.6936
3.918e+09	0.1129	0.6897
3.932e+09	0.1132	0.6958
3.945e+09	0.1137	0.6993
3.957e+09	0.1136	0.6998
3.968e+09	0.1139	0.702
3.976e+09	0.1146	0.7076
3.984e+09	0.1146	0.7087
3.993e+09	0.1157	0.7122
4.004e+09	0.1156	0.7079
4.015e+09	0.1152	0.7066
4.026e+09	0.115	0.6997
4.038e+09	0.1151	0.7025
4.049e+09	0.1151	0.6995
4.061e+09	0.113	0.6787
4.072e+09	0.1136	0.6792
4.084e+09	0.1138	0.6799
4.095e+09	0.1148	0.68
4.106e+09	0.1144	0.6795
4.118e+09	0.1144	0.6783
4.13e+09	0.1136	0.6761
4.142e+09	0.1137	0.6765
4.154e+09	0.1143	0.6778
4.167e+09	0.1132	0.68
4.181e+09	0.1125	0.6812
4.195e+09	0.1129	0.6843
4.209e+09	0.1127	0.6846
4.219e+09	0.1123	0.6835
4.231e+09	0.1122	0.6869
4.242e+09	0.1125	0.6895
4.253e+09	0.1117	0.6814
4.264e+09	0.1114	0.6783
4.277e+09	0.112	0.6812
4.29e+09	0.1122	0.6784
4.303e+09	0.1123	0.6793
4.317e+09	0.112	0.6764
4.33e+09	0.1123	0.6794
4.344e+09	0.1119	0.6763
4.357e+09	0.1121	0.6774
4.371e+09	0.1118	0.6792
4.384e+09	0.1115	0.6794
4.399e+09	0.1118	0.6831
4.413e+09	0.1123	0.689
4.426e+09	0.1123	0.6863
4.44e+09	0.1127	0.6898
4.454e+09	0.1118	0.6834
4.468e+09	0.1122	0.6859
4.482e+09	0.1128	0.689
4.496e+09	0.1128	0.6893
4.508e+09	0.1125	0.6869
4.519e+09	0.1121	0.6843
4.531e+09	0.1117	0.6818
4.542e+09	0.112	0.6838
4.555e+09	0.1115	0.6803
4.567e+09	0.1121	0.6843
4.58e+09	0.1124	0.6862
4.592e+09	0.1127	0.6874
4.604e+09	0.1127	0.6894
4.616e+09	0.1134	0.6934
4.627e+09	0.1133	0.6911
4.637e+09	0.1134	0.6898
4.647e+09	0.1138	0.6882
4.657e+09	0.1138	0.6879
4.667e+09	0.1145	0.6931
4.678e+09	0.1146	0.6955
4.689e+09	0.1146	0.6958
4.699e+09	0.1146	0.6965
4.71e+09	0.1143	0.6975
4.721e+09	0.1106	0.6776
4.731e+09	0.1105	0.6786
4.741e+09	0.1104	0.6765
4.751e+09	0.1111	0.6779
4.761e+09	0.1116	0.6805
4.772e+09	0.1118	0.6827
4.782e+09	0.1123	0.6856
4.793e+09	0.1121	0.6836
4.803e+09	0.1121	0.6838
4.813e+09	0.1124	0.6859
4.824e+09	0.1128	0.6871
4.834e+09	0.113	0.6872
4.844e+09	0.1135	0.6909
4.855e+09	0.1133	0.6947
4.865e+09	0.1121	0.6786
4.876e+09	0.1118	0.6793
4.886e+09	0.1117	0.6809
4.897e+09	0.1115	0.6767
4.907e+09	0.1117	0.6779
4.916e+09	0.1117	0.6791
4.925e+09	0.1112	0.676
4.935e+09	0.1115	0.6755
4.946e+09	0.1117	0.6778
4.957e+09	0.1114	0.6756
4.969e+09	0.1109	0.6715
4.98e+09	0.111	0.6725
4.992e+09	0.1109	0.6731
5.004e+09	0.1111	0.673
5.017e+09	0.1114	0.6749
5.03e+09	0.1113	0.6776
5.044e+09	0.111	0.6784
5.058e+09	0.1113	0.6795
