# round trips	 doserror
1	-0.2468
1	0.7194
134	-2.011
134	0.7506
134	-1.816
134	-1.113
134	-0.5794
134	0.9647
1038	0.1888
3442	-0.2819
9485	-0.1357
1.003e+04	-0.4049
3.227e+04	0.01777
4.811e+04	0.1514
5.277e+04	-3.953
5.277e+04	2.049
5.524e+04	-3.088
5.524e+04	-2.637
5.524e+04	0.3937
6.068e+04	-0.5635
6.068e+04	0.132
6.068e+04	-0.1362
6.068e+04	-0.8738
6.068e+04	-0.2283
6.068e+04	0.645
7.474e+04	0.8158
7.474e+04	0.08533
9.663e+04	-0.05606
1.267e+05	0.6958
1.267e+05	-0.1711
1.267e+05	-0.1918
1.448e+05	-0.6985
1.929e+05	0.7453
2.121e+05	0.08789
2.121e+05	0.2231
2.121e+05	-0.06566
2.406e+05	-0.2847
2.406e+05	-0.161
2.406e+05	-0.07152
2.406e+05	-0.1252
2.406e+05	0.6747
2.406e+05	0.4954
2.406e+05	0.8603
2.406e+05	0.2739
2.406e+05	-0.04891
2.406e+05	0.02938
2.406e+05	-0.1501
2.406e+05	0.1628
2.406e+05	0.3677
2.406e+05	0.2199
2.406e+05	0.2847
2.406e+05	0.2339
2.406e+05	0.1493
2.406e+05	0.234
2.406e+05	0.2505
2.406e+05	0.2557
2.406e+05	0.2369
2.406e+05	-0.03209
2.406e+05	-0.04354
2.406e+05	0.04491
2.406e+05	-0.01279
2.406e+05	0.04491
2.406e+05	0.1653
2.406e+05	0.08433
2.406e+05	-0.05408
2.406e+05	0.02506
2.406e+05	-0.02033
2.406e+05	-0.2334
2.406e+05	-0.1737
2.406e+05	-0.009259
2.406e+05	-0.0605
2.406e+05	-0.01065
2.406e+05	0.0333
2.406e+05	0.08274
2.652e+05	-0.001705
3.444e+05	0.03488
4.381e+05	0.1023
4.381e+05	0.03158
4.381e+05	-0.002582
4.381e+05	0.03671
4.381e+05	0.1465
4.381e+05	0.1716
4.381e+05	0.1572
4.381e+05	0.141
4.381e+05	0.1116
4.381e+05	0.07912
4.381e+05	0.116
4.381e+05	0.111
4.381e+05	0.1335
4.381e+05	0.1225
4.381e+05	0.09163
4.381e+05	0.1283
4.381e+05	0.08469
4.381e+05	0.08221
4.381e+05	0.08418
4.381e+05	0.05423
4.381e+05	0.07853
4.381e+05	0.03599
4.381e+05	0.0175
4.381e+05	0.01216
4.381e+05	0.00108
4.381e+05	0.006485
4.381e+05	0.02493
4.381e+05	-0.02209
4.381e+05	-0.02791
4.381e+05	-0.05837
4.381e+05	-0.07463
4.381e+05	-0.09007
4.381e+05	-0.09695
4.381e+05	-0.08626
4.381e+05	-0.05825
4.381e+05	-0.09025
4.381e+05	-0.09
4.381e+05	-0.1158
4.381e+05	-0.1212
4.381e+05	-0.1246
4.381e+05	-0.1228
4.381e+05	-0.12
4.381e+05	-0.1023
4.381e+05	-0.09561
4.381e+05	-0.1023
4.381e+05	-0.1177
4.381e+05	-0.1143
4.381e+05	-0.1199
4.381e+05	-0.1035
4.381e+05	-0.09832
4.381e+05	-0.07491
4.381e+05	-0.0966
4.381e+05	-0.06617
4.381e+05	-0.04911
4.381e+05	-0.04279
4.381e+05	-0.04349
4.381e+05	-0.05041
4.381e+05	-0.04271
4.381e+05	-0.03714
4.381e+05	-0.04703
4.381e+05	-0.04545
4.381e+05	-0.04451
4.381e+05	-0.05182
4.381e+05	-0.05424
4.381e+05	-0.05673
4.381e+05	-0.06687
4.381e+05	-0.06476
4.381e+05	-0.05477
4.381e+05	-0.05205
4.381e+05	-0.0314
4.381e+05	-0.03388
4.381e+05	-0.02256
4.381e+05	-0.02855
4.381e+05	-0.03304
4.381e+05	-0.03384
4.381e+05	-0.04815
4.381e+05	-0.0548
4.381e+05	-0.05552
4.381e+05	-0.05786
4.381e+05	-0.05224
4.381e+05	-0.0397
4.381e+05	-0.04334
4.381e+05	-0.03674
4.381e+05	-0.04313
4.381e+05	-0.02012
4.381e+05	-0.01543
4.381e+05	-0.01341
4.381e+05	-0.02008
4.381e+05	-0.01479
4.381e+05	-0.01839
4.381e+05	-0.02223
4.381e+05	-0.02292
4.381e+05	-0.0271
4.381e+05	-0.02062
4.381e+05	-0.02839
4.381e+05	-0.01764
4.381e+05	-0.02923
4.381e+05	-0.03589
4.381e+05	-0.03443
4.381e+05	-0.04575
4.381e+05	-0.0504
4.381e+05	-0.05424
4.381e+05	-0.05659
4.381e+05	-0.06465
4.381e+05	-0.06836
4.381e+05	-0.05135
4.381e+05	-0.05221
4.381e+05	-0.05208
4.381e+05	-0.05328
4.381e+05	-0.05711
4.381e+05	-0.05955
4.381e+05	-0.05522
4.381e+05	-0.06038
4.381e+05	-0.06139
4.381e+05	-0.05485
4.381e+05	-0.0486
4.381e+05	-0.04278
4.381e+05	-0.03567
4.381e+05	-0.02989
4.381e+05	-0.03413
4.381e+05	-0.03017
4.381e+05	-0.03428
4.381e+05	-0.02806
4.381e+05	-0.03207
4.381e+05	-0.0351
4.381e+05	-0.03564
4.381e+05	-0.03403
4.381e+05	-0.0278
4.381e+05	-0.02558
4.381e+05	-0.02251
4.381e+05	-0.02267
4.381e+05	-0.02244
4.381e+05	-0.02261
4.381e+05	-0.02503
4.381e+05	-0.02595
4.381e+05	-0.01902
4.381e+05	-0.01752
4.381e+05	-0.01778
4.381e+05	-0.006893
4.381e+05	-0.00813
4.381e+05	-0.007497
4.381e+05	-0.007579
4.381e+05	-0.006091
4.381e+05	-0.004126
4.381e+05	-0.005649
4.381e+05	-0.009916
4.381e+05	-0.008626
4.381e+05	-0.004744
4.381e+05	-0.003177
4.381e+05	-0.002081
4.381e+05	-0.003181
4.381e+05	-0.0013
4.381e+05	0.001606
4.381e+05	-0.002958
4.381e+05	-0.006279
4.381e+05	-0.01054
4.381e+05	-0.01325
4.381e+05	-0.01199
4.381e+05	-0.01776
4.381e+05	-0.01735
4.381e+05	-0.01723
4.381e+05	-0.01739
4.381e+05	-0.01869
4.381e+05	-0.01845
4.381e+05	-0.01773
4.381e+05	-0.01909
4.381e+05	-0.01927
4.381e+05	-0.02322
4.381e+05	-0.02013
4.381e+05	-0.02201
4.381e+05	-0.02325
4.381e+05	-0.02681
4.381e+05	-0.02768
4.381e+05	-0.02935
4.381e+05	-0.03048
4.381e+05	-0.02677
4.381e+05	-0.02474
4.381e+05	-0.02541
4.381e+05	-0.02712
4.381e+05	-0.02472
4.381e+05	-0.02261
4.381e+05	-0.02531
4.381e+05	-0.02731
4.381e+05	-0.02934
4.381e+05	-0.02972
4.381e+05	-0.03444
4.381e+05	-0.03238
4.381e+05	-0.02896
4.381e+05	-0.02746
4.381e+05	-0.02859
4.381e+05	-0.02914
4.381e+05	-0.03095
4.381e+05	-0.03308
4.381e+05	-0.0349
4.381e+05	-0.03562
4.381e+05	-0.03545
4.381e+05	-0.03595
4.381e+05	-0.0368
4.381e+05	-0.04018
4.381e+05	-0.03836
4.381e+05	-0.03741
4.381e+05	-0.03718
4.381e+05	-0.03789
4.381e+05	-0.03911
4.381e+05	-0.04002
4.381e+05	-0.03872
4.381e+05	-0.03751
4.381e+05	-0.03582
4.381e+05	-0.03529
4.381e+05	-0.03395
4.381e+05	-0.03628
4.381e+05	-0.03634
4.381e+05	-0.03484
4.381e+05	-0.03457
4.381e+05	-0.03414
4.381e+05	-0.03552
4.381e+05	-0.03584
4.381e+05	-0.03624
4.381e+05	-0.03451
4.381e+05	-0.03619
4.381e+05	-0.03785
4.381e+05	-0.03732
4.381e+05	-0.03533
4.381e+05	-0.03709
4.381e+05	-0.03718
4.381e+05	-0.03649
4.381e+05	-0.03565
4.381e+05	-0.03361
4.381e+05	-0.03046
4.381e+05	-0.0298
4.381e+05	-0.02946
4.381e+05	-0.03013
4.381e+05	-0.03137
4.381e+05	-0.0303
4.381e+05	-0.03139
4.381e+05	-0.02998
4.381e+05	-0.02801
4.381e+05	-0.02655
4.381e+05	-0.0269
4.381e+05	-0.02502
4.381e+05	-0.02382
4.381e+05	-0.02267
4.381e+05	-0.02037
4.381e+05	-0.02209
4.381e+05	-0.02344
4.381e+05	-0.02141
4.381e+05	-0.02364
4.381e+05	-0.02295
4.381e+05	-0.02371
4.381e+05	-0.02348
4.381e+05	-0.02238
4.381e+05	-0.02121
4.381e+05	-0.01944
4.381e+05	-0.01816
4.381e+05	-0.01863
4.381e+05	-0.01908
4.381e+05	-0.0189
4.381e+05	-0.01829
4.381e+05	-0.0174
4.381e+05	-0.01764
4.381e+05	-0.01846
4.381e+05	-0.01631
4.381e+05	-0.01559
4.381e+05	-0.01622
4.381e+05	-0.01453
4.381e+05	-0.01417
4.381e+05	-0.01434
4.381e+05	-0.01708
4.381e+05	-0.0195
4.381e+05	-0.01851
4.381e+05	-0.01608
4.381e+05	-0.01599
4.381e+05	-0.01582
4.381e+05	-0.01464
4.381e+05	-0.01442
4.381e+05	-0.01501
4.381e+05	-0.01258
4.381e+05	-0.01259
4.381e+05	-0.01314
4.381e+05	-0.01133
4.381e+05	-0.0118
4.381e+05	-0.01129
4.381e+05	-0.01127
4.381e+05	-0.009707
4.381e+05	-0.007864
4.381e+05	-0.008546
4.381e+05	-0.009693
4.381e+05	-0.01195
4.381e+05	-0.01086
4.381e+05	-0.01142
4.381e+05	-0.01125
4.381e+05	-0.01235
4.381e+05	-0.01114
4.381e+05	-0.01143
4.381e+05	-0.01156
4.381e+05	-0.01203
4.381e+05	-0.01228
4.381e+05	-0.01249
4.381e+05	-0.01153
4.381e+05	-0.0122
4.381e+05	-0.01327
4.381e+05	-0.01311
4.381e+05	-0.0136
4.381e+05	-0.01329
4.381e+05	-0.01313
4.381e+05	-0.01376
4.381e+05	-0.01421
4.381e+05	-0.01498
4.381e+05	-0.01597
4.381e+05	-0.01485
4.381e+05	-0.01277
4.381e+05	-0.01294
4.381e+05	-0.01214
4.381e+05	-0.01109
4.381e+05	-0.01149
4.381e+05	-0.01009
4.381e+05	-0.01131
4.381e+05	-0.0121
4.381e+05	-0.01311
4.381e+05	-0.01195
4.381e+05	-0.01158
4.381e+05	-0.01038
4.381e+05	-0.009229
4.381e+05	-0.009158
4.381e+05	-0.01057
4.381e+05	-0.007384
4.381e+05	-0.007313
4.381e+05	-0.006491
4.381e+05	-0.007644
4.381e+05	-0.007646
4.381e+05	-0.007123
4.381e+05	-0.006796
4.381e+05	-0.006972
4.381e+05	-0.006186
4.381e+05	-0.005784
4.381e+05	-0.005504
4.381e+05	-0.005039
4.381e+05	-0.005483
4.381e+05	-0.005592
4.381e+05	-0.003715
4.381e+05	-0.00389
4.381e+05	-0.003595
4.381e+05	-0.004095
4.381e+05	-0.003701
4.381e+05	-0.003975
4.381e+05	-0.003423
4.381e+05	-0.002622
4.381e+05	-0.002555
4.381e+05	-0.002319
4.381e+05	-0.002849
4.381e+05	-0.002775
4.381e+05	-0.002521
4.381e+05	-0.00351
4.381e+05	-0.003408
4.381e+05	-0.003446
4.381e+05	-0.004171
4.381e+05	-0.00425
4.381e+05	-0.004072
4.381e+05	-0.00414
4.381e+05	-0.005062
4.381e+05	-0.005004
4.381e+05	-0.005111
4.381e+05	-0.003949
4.381e+05	-0.004198
4.381e+05	-0.004339
4.381e+05	-0.004155
4.381e+05	-0.00381
4.381e+05	-0.004676
4.381e+05	-0.003395
4.381e+05	-0.003046
4.381e+05	-0.002916
4.381e+05	-0.002297
4.381e+05	-0.001964
4.381e+05	-0.002157
4.381e+05	-0.00167
4.381e+05	-0.0007427
4.381e+05	-0.00162
4.381e+05	-0.001181
4.381e+05	-0.001916
4.381e+05	-0.001854
4.381e+05	-0.001603
4.381e+05	-0.001028
4.381e+05	-0.001966
4.381e+05	-0.002141
4.381e+05	-0.002
4.381e+05	-0.001885
4.381e+05	-0.001276
4.381e+05	-0.0005501
4.381e+05	-0.00111
4.381e+05	-0.001183
4.381e+05	-0.001406
4.381e+05	-0.001838
4.381e+05	-0.002808
4.381e+05	-0.003183
4.381e+05	-0.002114
4.381e+05	-0.002174
4.381e+05	-0.002762
4.381e+05	-0.003066
4.381e+05	-0.002352
4.381e+05	-0.003378
4.381e+05	-0.003432
4.381e+05	-0.002898
4.381e+05	-0.003568
4.381e+05	-0.003209
4.381e+05	-0.002138
4.381e+05	-0.001832
4.381e+05	-0.001377
4.381e+05	-0.002473
4.381e+05	-0.002343
4.381e+05	-0.002063
4.381e+05	-0.001416
4.381e+05	-0.001879
4.381e+05	-0.001956
4.381e+05	-0.001321
4.381e+05	-0.001963
4.381e+05	-0.002352
4.381e+05	-0.001763
4.381e+05	-0.001319
4.381e+05	-0.0001106
4.381e+05	9.772e-05
4.381e+05	0.000316
4.381e+05	0.001262
4.381e+05	0.0004268
4.381e+05	0.0001215
4.381e+05	0.0007545
4.381e+05	0.0003826
4.381e+05	0.0006116
4.381e+05	0.0007565
4.381e+05	0.001269
4.381e+05	0.001013
4.381e+05	0.0007032
4.381e+05	0.0003677
4.381e+05	-0.0005755
4.381e+05	-0.0009497
4.381e+05	-0.0008785
4.381e+05	0.0005073
4.381e+05	0.0001873
4.381e+05	4.588e-05
4.381e+05	0.0005339
4.381e+05	-2.379e-05
4.381e+05	1.624e-05
4.381e+05	0.0002491
4.381e+05	0.0005911
4.381e+05	0.001528
4.381e+05	0.0007477
4.381e+05	0.0008795
4.381e+05	-0.0001138
4.381e+05	0.0004644
4.381e+05	0.00133
4.381e+05	0.001813
4.381e+05	0.002014
4.381e+05	0.001704
4.381e+05	0.001847
4.381e+05	0.002222
4.381e+05	0.002267
4.381e+05	0.002906
4.381e+05	0.003105
4.381e+05	0.00381
4.381e+05	0.003361
4.381e+05	0.003094
4.381e+05	0.002519
4.381e+05	0.002978
4.381e+05	0.00302
4.381e+05	0.002619
4.381e+05	0.002507
4.381e+05	0.002137
4.381e+05	0.002491
4.381e+05	0.002842
4.381e+05	0.003525
4.381e+05	0.003922
4.381e+05	0.003776
4.381e+05	0.003207
4.381e+05	0.002726
4.381e+05	0.002026
4.381e+05	0.001491
4.381e+05	0.001601
4.381e+05	0.002006
4.381e+05	0.001357
4.381e+05	0.001107
4.381e+05	0.000817
4.381e+05	0.0007598
4.381e+05	0.0009266
4.381e+05	0.0007987
4.381e+05	0.000975
4.381e+05	0.001725
4.381e+05	0.00128
4.381e+05	0.001478
4.381e+05	0.001487
4.381e+05	0.001807
4.381e+05	0.001634
4.381e+05	0.002197
4.381e+05	0.002699
4.381e+05	0.002002
4.381e+05	0.002026
4.381e+05	0.001998
4.381e+05	0.002181
4.381e+05	0.002065
4.381e+05	0.002506
4.381e+05	0.00222
4.381e+05	0.001875
4.381e+05	0.002922
4.381e+05	0.002524
4.381e+05	0.002746
4.381e+05	0.002448
4.381e+05	0.003142
4.381e+05	0.003146
4.381e+05	0.003883
4.381e+05	0.003354
4.381e+05	0.002322
4.381e+05	0.002189
4.381e+05	0.001649
4.381e+05	0.00172
4.381e+05	0.001273
4.381e+05	0.0008684
4.381e+05	0.00136
4.381e+05	0.001188
4.381e+05	0.001702
4.381e+05	0.001033
4.381e+05	0.0008485
4.381e+05	0.0003626
4.381e+05	9.343e-06
4.381e+05	-0.0006443
4.381e+05	-0.0006507
4.381e+05	-0.001204
4.381e+05	-0.0006149
4.381e+05	-0.0006198
4.381e+05	-0.0006007
4.381e+05	-0.0006502
4.381e+05	-0.0009908
4.381e+05	-9.972e-06
4.381e+05	0.0004389
4.381e+05	0.0001964
4.381e+05	4.813e-05
4.381e+05	0.0008921
4.381e+05	0.0009837
4.381e+05	0.001198
4.381e+05	0.00102
4.381e+05	0.0008498
4.381e+05	0.000603
4.381e+05	0.0005453
4.381e+05	0.0006044
4.381e+05	-2.766e-05
4.381e+05	-0.0005331
4.381e+05	-0.0004045
4.381e+05	-0.0008057
4.381e+05	-0.0007613
4.381e+05	-0.0003243
4.381e+05	-0.0002938
4.381e+05	-0.0002474
4.381e+05	-5.959e-05
4.381e+05	-0.0005926
4.381e+05	-0.000122
4.381e+05	0.0001188
4.381e+05	0.0005015
4.381e+05	0.00127
4.381e+05	0.001031
4.381e+05	0.0009938
4.381e+05	0.001305
4.381e+05	0.001774
4.381e+05	0.001516
4.381e+05	0.0006496
4.381e+05	0.0008493
4.381e+05	0.001219
4.381e+05	0.001366
4.381e+05	0.0008817
4.381e+05	0.0006673
4.381e+05	0.001182
4.381e+05	0.00113
4.381e+05	0.001157
4.381e+05	0.001697
4.381e+05	0.001623
4.381e+05	0.0006744
4.381e+05	0.000571
4.381e+05	0.0008877
4.381e+05	0.0004233
4.381e+05	0.0005135
4.381e+05	0.0003933
4.381e+05	0.0003967
4.381e+05	0.0003659
4.381e+05	0.0002228
4.381e+05	-1.866e-05
4.381e+05	0.0002852
4.381e+05	0.000215
4.381e+05	0.0003348
4.381e+05	0.000219
4.381e+05	-2.504e-05
4.381e+05	1.572e-05
4.381e+05	0.0004817
4.381e+05	-3.868e-05
4.381e+05	-9.924e-05
4.381e+05	0.0003811
4.381e+05	0.0004427
4.381e+05	0.000552
4.381e+05	0.0001699
4.381e+05	-0.0002883
4.381e+05	-0.0004334
4.381e+05	-0.0005766
4.381e+05	-0.000365
4.381e+05	-0.0005319
4.381e+05	-0.000137
4.381e+05	-0.000406
4.381e+05	-0.0001989
4.381e+05	2.198e-05
4.381e+05	-0.0005826
4.381e+05	-0.0005089
4.381e+05	-0.0006059
4.381e+05	-0.0008504
4.381e+05	-0.000361
4.381e+05	-0.0003242
4.381e+05	-0.0008374
4.381e+05	-0.0006996
4.381e+05	-0.0007726
4.381e+05	-0.0006906
4.381e+05	-0.0004767
4.381e+05	-0.0007227
4.381e+05	-0.0005195
4.381e+05	-0.0007825
4.381e+05	-0.0006734
4.381e+05	-0.0005103
4.381e+05	-0.0002077
4.381e+05	-0.00064
4.381e+05	-0.0007901
4.381e+05	-0.0004678
4.381e+05	-0.0001701
4.381e+05	-0.000329
4.381e+05	-0.0005324
4.381e+05	-0.001354
4.381e+05	-0.001593
4.381e+05	-0.002009
4.381e+05	-0.001663
4.381e+05	-0.001655
4.381e+05	-0.001765
4.381e+05	-0.001637
4.381e+05	-0.001281
4.381e+05	-0.0008235
4.381e+05	-0.0007134
4.381e+05	-0.001061
4.381e+05	-0.0009605
4.381e+05	-0.001304
4.381e+05	-0.001258
4.381e+05	-0.00146
4.381e+05	-0.001696
4.381e+05	-0.001675
4.381e+05	-0.001639
4.381e+05	-0.001622
4.381e+05	-0.0008965
4.381e+05	-0.0004448
4.381e+05	-0.001236
4.381e+05	-0.001629
4.381e+05	-0.00164
4.381e+05	-0.002131
4.381e+05	-0.002664
4.381e+05	-0.002791
4.381e+05	-0.003259
4.381e+05	-0.002768
4.381e+05	-0.002789
4.381e+05	-0.003599
4.381e+05	-0.003286
4.381e+05	-0.003458
4.381e+05	-0.003407
4.381e+05	-0.003357
4.381e+05	-0.003331
4.381e+05	-0.002767
4.381e+05	-0.00236
4.381e+05	-0.00241
4.381e+05	-0.002546
4.381e+05	-0.002963
4.381e+05	-0.003329
4.381e+05	-0.003352
4.381e+05	-0.003456
4.381e+05	-0.003929
4.381e+05	-0.004029
4.381e+05	-0.003997
4.381e+05	-0.00398
4.381e+05	-0.003803
4.381e+05	-0.003403
4.381e+05	-0.003682
4.381e+05	-0.003338
4.381e+05	-0.003308
4.381e+05	-0.003736
4.381e+05	-0.00381
4.381e+05	-0.00314
4.381e+05	-0.003327
4.381e+05	-0.003515
4.381e+05	-0.003576
4.381e+05	-0.003622
4.381e+05	-0.003402
4.381e+05	-0.00339
4.381e+05	-0.003347
4.381e+05	-0.003096
4.381e+05	-0.002558
4.381e+05	-0.002542
4.381e+05	-0.002626
4.381e+05	-0.002655
4.381e+05	-0.002807
4.381e+05	-0.002725
4.381e+05	-0.00257
4.381e+05	-0.002628
4.381e+05	-0.002621
4.381e+05	-0.002666
4.381e+05	-0.002444
4.381e+05	-0.001874
4.381e+05	-0.002095
4.381e+05	-0.001839
4.381e+05	-0.001768
4.381e+05	-0.001546
4.381e+05	-0.001833
4.381e+05	-0.001393
4.381e+05	-0.001211
4.381e+05	-0.0006144
4.381e+05	-0.0009949
4.381e+05	-0.0007935
4.381e+05	-0.0007198
4.381e+05	-0.0009014
4.381e+05	-0.001076
4.381e+05	-0.000916
4.381e+05	-0.001078
4.381e+05	-0.001126
4.381e+05	-0.0009466
4.381e+05	-0.0005047
4.381e+05	-0.0002863
4.381e+05	-0.0003667
4.381e+05	-0.0001344
4.381e+05	0.0002145
4.381e+05	0.0004382
4.381e+05	-3.529e-05
4.381e+05	-0.0004691
4.381e+05	-0.0003377
4.381e+05	-0.0002741
4.381e+05	0.0001694
4.381e+05	0.000877
4.381e+05	0.0008032
4.381e+05	0.0007064
4.381e+05	0.0009339
4.381e+05	0.0006077
4.381e+05	0.0003296
4.381e+05	-4.74e-05
4.381e+05	0.0001071
4.381e+05	0.000175
4.381e+05	-0.000268
4.381e+05	-0.0004455
4.381e+05	-0.0005755
4.381e+05	0.0001524
4.381e+05	0.0003992
4.381e+05	8.552e-05
4.381e+05	0.0002484
4.381e+05	6.984e-05
4.381e+05	0.0001289
4.381e+05	0.0002224
4.381e+05	-0.0002279
4.381e+05	-0.0002396
4.381e+05	-0.0002154
4.381e+05	0.0002419
4.381e+05	0.0005158
4.381e+05	0.0005517
4.381e+05	0.0006189
4.381e+05	0.0007278
4.381e+05	0.0009358
4.381e+05	0.0006465
4.381e+05	0.001022
4.381e+05	0.001168
4.381e+05	0.0008754
4.381e+05	0.001173
4.381e+05	0.001191
4.381e+05	0.001004
4.381e+05	0.001062
4.381e+05	0.000807
4.381e+05	0.0005167
4.381e+05	0.0002338
4.381e+05	0.0005192
4.381e+05	0.0004247
4.381e+05	0.0003381
4.381e+05	0.0006249
4.381e+05	0.0009853
4.381e+05	0.001161
4.381e+05	0.00096
4.381e+05	0.001205
4.381e+05	0.001151
4.381e+05	0.0008858
4.381e+05	0.0005895
4.381e+05	0.0005513
4.381e+05	0.0004478
4.381e+05	0.0004702
4.381e+05	0.0003421
4.381e+05	0.0002655
4.381e+05	0.0003102
4.381e+05	0.0003789
4.381e+05	0.0005551
4.381e+05	0.000526
4.381e+05	0.0004135
4.381e+05	0.0004942
4.381e+05	0.000222
4.381e+05	0.0003161
4.381e+05	0.0003813
4.381e+05	0.0005369
4.381e+05	1.439e-05
4.381e+05	-0.0003431
4.381e+05	-0.0001374
4.381e+05	-0.0001368
4.381e+05	-0.0001096
4.381e+05	-0.0001478
4.381e+05	-0.000117
4.381e+05	-0.0004242
4.381e+05	-0.0002511
4.381e+05	0.0001267
4.381e+05	0.0003101
4.381e+05	0.0003499
4.381e+05	-1.031e-05
4.381e+05	0.0002117
4.381e+05	0.0001431
4.381e+05	0.0001346
4.381e+05	0.000117
4.381e+05	0.0004599
4.381e+05	0.0001894
4.381e+05	2.111e-05
4.381e+05	-0.0001806
4.381e+05	-9.029e-05
4.381e+05	-0.0003407
4.381e+05	-9.74e-05
4.381e+05	0.0001206
4.381e+05	-0.0002524
4.381e+05	-0.0004938
4.381e+05	-0.0003801
4.381e+05	-0.0002607
4.381e+05	-0.0003141
4.381e+05	-0.0002828
4.381e+05	-0.0003129
4.381e+05	-0.0002672
4.381e+05	8.779e-05
4.381e+05	0.0003359
4.381e+05	0.0002409
4.381e+05	0.0003116
4.381e+05	0.000576
4.381e+05	0.0004421
4.381e+05	0.0003633
4.381e+05	0.0002352
4.381e+05	0.0003901
4.381e+05	0.0001364
4.381e+05	0.0005481
4.381e+05	0.000192
4.381e+05	-2.806e-06
4.381e+05	-0.0001135
4.381e+05	-0.0002377
4.381e+05	-0.0002185
4.381e+05	0.0001671
4.381e+05	9.627e-05
4.381e+05	2.128e-05
4.381e+05	0.0004366
4.381e+05	0.0005044
4.381e+05	0.0002231
4.381e+05	8.508e-05
4.381e+05	-8.662e-05
4.381e+05	-0.0002192
4.381e+05	-0.0004135
4.381e+05	-0.0002539
4.381e+05	-0.0001301
4.381e+05	-0.0001955
4.381e+05	-9.491e-05
4.381e+05	-0.0002152
4.381e+05	8.163e-06
4.381e+05	0.0002364
4.381e+05	0.0001138
4.381e+05	-7.322e-06
4.381e+05	-0.0001952
4.381e+05	7.922e-06
4.381e+05	-9.251e-05
4.381e+05	-0.0001022
4.381e+05	-6.928e-05
4.381e+05	-5.754e-05
4.381e+05	7.763e-05
4.381e+05	0.000387
4.381e+05	0.0004045
4.381e+05	0.0002892
4.381e+05	0.0004208
4.381e+05	0.0004121
4.381e+05	0.0001314
4.381e+05	-7.921e-05
4.381e+05	-0.0001461
4.381e+05	-0.0003769
4.381e+05	-0.0001174
4.381e+05	3.658e-05
4.381e+05	-0.000149
4.381e+05	-6.409e-05
4.381e+05	0.0002214
4.381e+05	0.0001816
4.381e+05	0.0001625
4.381e+05	0.0001676
4.381e+05	5.933e-05
4.381e+05	1.029e-05
4.381e+05	-0.0001523
4.381e+05	-0.0004784
4.381e+05	-0.0006328
4.381e+05	-0.0009058
4.381e+05	-0.0005005
4.381e+05	-0.000531
4.381e+05	-0.000166
4.381e+05	-0.0001869
4.381e+05	-0.0002331
4.381e+05	-0.0005015
4.381e+05	-0.0005078
4.381e+05	-0.0006433
4.381e+05	-0.0001874
4.381e+05	-0.00012
4.381e+05	3.182e-05
4.381e+05	0.000116
4.381e+05	7.038e-05
4.381e+05	-1.898e-05
4.381e+05	-0.000342
4.381e+05	-0.0003181
4.381e+05	-0.0003077
4.381e+05	-0.0003802
4.381e+05	-0.0002209
4.381e+05	-0.0002008
4.381e+05	-0.0001551
4.381e+05	-0.0003659
4.381e+05	-0.0001717
4.381e+05	0.0001157
4.381e+05	5.139e-05
4.381e+05	0.0001402
4.381e+05	-9.745e-05
4.381e+05	-0.0001032
4.381e+05	-0.0001844
4.381e+05	-0.0002255
4.381e+05	-0.0004014
4.381e+05	-0.0006285
4.381e+05	-0.0007971
4.381e+05	-0.001229
4.381e+05	-0.00128
4.381e+05	-0.001438
4.381e+05	-0.001553
4.381e+05	-0.001561
4.381e+05	-0.001465
4.381e+05	-0.001338
4.381e+05	-0.001293
4.381e+05	-0.001262
4.381e+05	-0.001241
4.381e+05	-0.001066
4.381e+05	-0.0009106
4.381e+05	-0.0009872
4.381e+05	-0.0006932
4.381e+05	-0.0009421
4.381e+05	-0.0008484
4.381e+05	-0.0009819
4.381e+05	-0.001047
4.381e+05	-0.001128
4.381e+05	-0.001357
4.381e+05	-0.00154
4.381e+05	-0.001433
4.381e+05	-0.001508
4.381e+05	-0.001365
4.381e+05	-0.001772
4.381e+05	-0.001514
4.381e+05	-0.001565
4.381e+05	-0.001495
4.381e+05	-0.001505
4.381e+05	-0.001552
4.381e+05	-0.001603
4.381e+05	-0.001878
4.381e+05	-0.002174
4.381e+05	-0.002309
4.381e+05	-0.002236
4.381e+05	-0.002169
4.381e+05	-0.002199
4.381e+05	-0.002274
4.381e+05	-0.002307
4.381e+05	-0.00218
4.381e+05	-0.002126
4.381e+05	-0.002025
4.381e+05	-0.002198
4.381e+05	-0.002238
4.381e+05	-0.002432
4.381e+05	-0.002613
4.381e+05	-0.002586
4.381e+05	-0.002673
4.381e+05	-0.002876
4.381e+05	-0.00296
4.381e+05	-0.003069
4.381e+05	-0.003184
4.381e+05	-0.002801
4.381e+05	-0.003043
4.381e+05	-0.002872
4.381e+05	-0.002905
4.381e+05	-0.00271
4.381e+05	-0.00277
4.381e+05	-0.002698
4.381e+05	-0.002769
4.381e+05	-0.002878
4.381e+05	-0.002949
4.381e+05	-0.003036
4.381e+05	-0.003173
4.381e+05	-0.003138
4.381e+05	-0.003063
4.381e+05	-0.003016
4.381e+05	-0.003182
4.381e+05	-0.003226
4.381e+05	-0.003212
4.381e+05	-0.003075
4.381e+05	-0.00334
4.381e+05	-0.003385
4.381e+05	-0.003471
4.381e+05	-0.003429
4.381e+05	-0.00347
4.381e+05	-0.003212
4.381e+05	-0.003288
4.381e+05	-0.003324
4.381e+05	-0.003364
4.381e+05	-0.003434
4.381e+05	-0.003383
4.381e+05	-0.003624
4.381e+05	-0.003741
4.381e+05	-0.003778
4.381e+05	-0.003973
4.381e+05	-0.004025
4.381e+05	-0.004043
4.381e+05	-0.004219
4.381e+05	-0.004356
4.381e+05	-0.004183
4.381e+05	-0.004022
4.381e+05	-0.004104
4.381e+05	-0.004044
4.381e+05	-0.004078
4.381e+05	-0.003984
4.381e+05	-0.003941
4.381e+05	-0.004018
4.381e+05	-0.004027
4.381e+05	-0.004006
4.381e+05	-0.00392
4.381e+05	-0.003988
4.381e+05	-0.004387
4.381e+05	-0.004306
4.381e+05	-0.004486
4.381e+05	-0.004512
4.381e+05	-0.004386
4.381e+05	-0.004677
4.381e+05	-0.004615
4.381e+05	-0.004703
4.381e+05	-0.004811
4.381e+05	-0.004602
4.381e+05	-0.004709
4.381e+05	-0.004759
4.381e+05	-0.004753
4.381e+05	-0.004756
4.381e+05	-0.004577
4.381e+05	-0.004688
4.381e+05	-0.004659
4.381e+05	-0.004641
4.381e+05	-0.004672
4.381e+05	-0.004536
4.381e+05	-0.004652
4.381e+05	-0.004552
4.381e+05	-0.004538
4.381e+05	-0.004514
4.381e+05	-0.004578
4.381e+05	-0.004616
4.381e+05	-0.004741
4.381e+05	-0.004782
4.381e+05	-0.004719
4.381e+05	-0.005043
4.381e+05	-0.0053
4.381e+05	-0.00547
4.381e+05	-0.005496
4.381e+05	-0.005405
4.381e+05	-0.005297
4.381e+05	-0.005214
4.381e+05	-0.005018
4.381e+05	-0.005067
4.381e+05	-0.005021
4.381e+05	-0.005032
4.381e+05	-0.005117
4.381e+05	-0.005041
4.381e+05	-0.005215
4.381e+05	-0.005077
4.381e+05	-0.005123
4.381e+05	-0.005162
4.381e+05	-0.005178
4.381e+05	-0.005142
4.381e+05	-0.005076
4.381e+05	-0.00505
4.381e+05	-0.005234
4.381e+05	-0.004905
4.381e+05	-0.004582
4.381e+05	-0.004575
4.381e+05	-0.004518
4.381e+05	-0.004648
4.381e+05	-0.004804
4.381e+05	-0.004911
4.381e+05	-0.00493
4.381e+05	-0.005075
4.381e+05	-0.005168
4.381e+05	-0.005145
4.381e+05	-0.005028
4.381e+05	-0.004983
4.381e+05	-0.005133
4.381e+05	-0.00526
4.381e+05	-0.005316
4.381e+05	-0.005308
4.381e+05	-0.005198
4.381e+05	-0.005209
4.381e+05	-0.005392
4.381e+05	-0.005329
4.381e+05	-0.005245
4.381e+05	-0.005459
4.381e+05	-0.005689
4.381e+05	-0.005499
4.381e+05	-0.005562
4.381e+05	-0.005778
4.381e+05	-0.005659
4.381e+05	-0.005767
4.381e+05	-0.005865
4.381e+05	-0.005813
4.381e+05	-0.005675
4.381e+05	-0.005671
4.381e+05	-0.005623
4.381e+05	-0.005798
4.381e+05	-0.005668
4.381e+05	-0.005727
4.381e+05	-0.005752
4.381e+05	-0.005909
4.381e+05	-0.00598
4.381e+05	-0.006298
4.381e+05	-0.00626
4.381e+05	-0.006017
4.381e+05	-0.006024
4.381e+05	-0.00611
4.381e+05	-0.006033
4.381e+05	-0.005998
4.381e+05	-0.005907
4.381e+05	-0.00607
4.381e+05	-0.00613
4.381e+05	-0.006125
4.381e+05	-0.006193
4.381e+05	-0.006156
4.381e+05	-0.005855
4.381e+05	-0.005963
4.381e+05	-0.006285
4.381e+05	-0.006453
4.381e+05	-0.006518
4.381e+05	-0.006454
4.381e+05	-0.006433
4.381e+05	-0.006525
4.381e+05	-0.006545
4.381e+05	-0.006739
4.381e+05	-0.006884
4.381e+05	-0.006931
4.381e+05	-0.006963
4.381e+05	-0.006822
4.381e+05	-0.006868
4.381e+05	-0.00695
4.381e+05	-0.006668
4.381e+05	-0.006656
4.381e+05	-0.006674
4.381e+05	-0.006822
4.381e+05	-0.00692
4.381e+05	-0.006976
4.381e+05	-0.007001
4.381e+05	-0.007151
4.381e+05	-0.007317
4.381e+05	-0.007255
4.381e+05	-0.007105
4.381e+05	-0.007008
4.381e+05	-0.0071
4.381e+05	-0.00714
4.381e+05	-0.006859
4.381e+05	-0.006875
4.381e+05	-0.006809
4.381e+05	-0.00693
4.381e+05	-0.007145
4.381e+05	-0.006976
4.381e+05	-0.007102
4.381e+05	-0.00688
4.381e+05	-0.006807
4.381e+05	-0.006662
4.381e+05	-0.00663
4.381e+05	-0.006737
4.381e+05	-0.006683
4.381e+05	-0.006556
4.381e+05	-0.006344
4.381e+05	-0.00618
4.381e+05	-0.006143
4.381e+05	-0.006284
4.381e+05	-0.006492
4.381e+05	-0.006617
4.381e+05	-0.00672
4.381e+05	-0.006766
4.381e+05	-0.006833
4.381e+05	-0.007226
4.381e+05	-0.007195
4.381e+05	-0.007296
4.381e+05	-0.007233
4.381e+05	-0.007031
4.381e+05	-0.006975
4.381e+05	-0.006961
4.381e+05	-0.006917
4.381e+05	-0.006885
4.381e+05	-0.006686
4.381e+05	-0.00665
4.381e+05	-0.006687
4.381e+05	-0.006504
4.381e+05	-0.00634
4.381e+05	-0.006279
4.381e+05	-0.00639
4.381e+05	-0.006453
4.381e+05	-0.006484
4.381e+05	-0.006744
4.381e+05	-0.00681
4.381e+05	-0.006878
4.381e+05	-0.007009
4.381e+05	-0.007073
4.381e+05	-0.007239
4.381e+05	-0.007167
4.381e+05	-0.007189
4.381e+05	-0.007004
4.381e+05	-0.007189
4.381e+05	-0.00722
4.381e+05	-0.007344
4.381e+05	-0.007091
4.381e+05	-0.007048
4.381e+05	-0.007102
4.381e+05	-0.007153
4.381e+05	-0.007314
4.381e+05	-0.007227
4.381e+05	-0.007349
4.381e+05	-0.007437
4.381e+05	-0.007654
4.381e+05	-0.007534
4.381e+05	-0.007609
4.381e+05	-0.007596
4.381e+05	-0.007469
4.381e+05	-0.007256
4.381e+05	-0.007236
4.381e+05	-0.007267
4.381e+05	-0.007166
4.381e+05	-0.007219
4.381e+05	-0.007356
4.381e+05	-0.007433
4.381e+05	-0.007573
4.381e+05	-0.007459
4.381e+05	-0.007486
4.381e+05	-0.007518
4.381e+05	-0.007415
4.381e+05	-0.007613
4.381e+05	-0.007413
4.381e+05	-0.007453
4.381e+05	-0.007552
4.381e+05	-0.007326
4.381e+05	-0.007258
4.381e+05	-0.007323
4.381e+05	-0.007164
4.381e+05	-0.007273
4.381e+05	-0.007271
4.381e+05	-0.00707
4.381e+05	-0.007076
4.381e+05	-0.007111
4.381e+05	-0.007191
4.381e+05	-0.007188
4.381e+05	-0.007201
4.381e+05	-0.00722
4.381e+05	-0.007392
4.381e+05	-0.007505
4.381e+05	-0.007515
4.381e+05	-0.007479
4.381e+05	-0.007446
4.381e+05	-0.007368
4.381e+05	-0.007216
4.381e+05	-0.007071
4.381e+05	-0.007103
4.381e+05	-0.0068
4.381e+05	-0.006706
4.381e+05	-0.006836
4.381e+05	-0.006927
4.381e+05	-0.006716
4.381e+05	-0.006304
4.381e+05	-0.00632
4.381e+05	-0.006342
4.381e+05	-0.006479
4.381e+05	-0.00669
4.381e+05	-0.00682
4.381e+05	-0.006934
4.381e+05	-0.00696
4.381e+05	-0.00689
4.381e+05	-0.006871
4.381e+05	-0.006895
4.381e+05	-0.006933
4.381e+05	-0.006783
4.381e+05	-0.006789
4.381e+05	-0.006961
4.381e+05	-0.006817
4.381e+05	-0.006947
4.381e+05	-0.006674
4.381e+05	-0.006854
4.381e+05	-0.006903
4.381e+05	-0.00704
4.381e+05	-0.007028
4.381e+05	-0.007213
4.381e+05	-0.00732
4.381e+05	-0.007495
4.381e+05	-0.007296
4.381e+05	-0.00734
4.381e+05	-0.007169
4.381e+05	-0.007157
4.381e+05	-0.00719
4.381e+05	-0.007272
4.381e+05	-0.007416
4.381e+05	-0.007591
4.381e+05	-0.007491
4.381e+05	-0.007575
4.381e+05	-0.007459
4.381e+05	-0.007406
4.381e+05	-0.007547
4.381e+05	-0.00764
4.381e+05	-0.007566
4.381e+05	-0.007504
4.381e+05	-0.007618
4.381e+05	-0.007558
4.381e+05	-0.007609
4.381e+05	-0.007744
4.381e+05	-0.007746
4.381e+05	-0.007561
4.381e+05	-0.007707
4.381e+05	-0.007815
4.381e+05	-0.007804
4.381e+05	-0.00779
4.381e+05	-0.007779
4.381e+05	-0.00783
4.381e+05	-0.007696
4.381e+05	-0.007641
4.381e+05	-0.007625
4.381e+05	-0.00769
4.381e+05	-0.007663
4.381e+05	-0.007714
4.381e+05	-0.007635
4.381e+05	-0.007541
4.381e+05	-0.007493
4.381e+05	-0.007511
4.381e+05	-0.007672
4.381e+05	-0.007814
4.381e+05	-0.007836
4.381e+05	-0.007806
4.381e+05	-0.007891
4.381e+05	-0.007914
4.381e+05	-0.007836
4.381e+05	-0.007977
4.381e+05	-0.00792
4.381e+05	-0.007764
4.381e+05	-0.007562
4.381e+05	-0.007394
4.381e+05	-0.00735
4.381e+05	-0.007553
4.381e+05	-0.007578
4.381e+05	-0.0076
4.381e+05	-0.007629
4.381e+05	-0.00786
4.381e+05	-0.008047
4.381e+05	-0.008081
4.381e+05	-0.007931
4.381e+05	-0.007736
4.381e+05	-0.00782
4.381e+05	-0.007738
4.381e+05	-0.007605
4.381e+05	-0.007715
4.381e+05	-0.007853
4.381e+05	-0.007659
4.381e+05	-0.007717
4.381e+05	-0.00773
4.381e+05	-0.007732
4.381e+05	-0.007906
4.381e+05	-0.008005
4.381e+05	-0.00798
4.381e+05	-0.008072
4.381e+05	-0.008211
4.381e+05	-0.008265
4.381e+05	-0.008342
4.381e+05	-0.008461
4.381e+05	-0.008581
4.381e+05	-0.008727
4.381e+05	-0.008752
4.381e+05	-0.008968
4.381e+05	-0.008924
4.381e+05	-0.008767
4.381e+05	-0.008708
4.381e+05	-0.008731
4.381e+05	-0.008675
4.381e+05	-0.008652
4.381e+05	-0.008536
4.381e+05	-0.00845
4.381e+05	-0.008347
4.381e+05	-0.008482
4.381e+05	-0.008582
4.381e+05	-0.008744
4.381e+05	-0.008958
4.381e+05	-0.009076
4.381e+05	-0.008901
4.381e+05	-0.009086
4.381e+05	-0.009184
4.381e+05	-0.009134
4.381e+05	-0.009127
4.381e+05	-0.009052
4.381e+05	-0.008954
4.381e+05	-0.008793
4.381e+05	-0.008709
4.381e+05	-0.008746
4.381e+05	-0.008758
4.381e+05	-0.008732
4.381e+05	-0.008597
4.381e+05	-0.008611
4.381e+05	-0.008653
4.381e+05	-0.00853
4.381e+05	-0.008469
4.381e+05	-0.008584
4.381e+05	-0.008628
4.381e+05	-0.008557
4.381e+05	-0.008563
4.381e+05	-0.008633
4.381e+05	-0.008643
4.381e+05	-0.008648
4.381e+05	-0.008782
4.381e+05	-0.008888
4.381e+05	-0.008999
4.381e+05	-0.008975
4.381e+05	-0.009127
4.381e+05	-0.009224
4.381e+05	-0.009184
4.381e+05	-0.00903
4.381e+05	-0.009063
4.381e+05	-0.009111
4.381e+05	-0.008988
4.381e+05	-0.009062
4.381e+05	-0.009091
4.381e+05	-0.009007
4.381e+05	-0.009143
4.381e+05	-0.009091
4.381e+05	-0.009177
4.381e+05	-0.009208
4.381e+05	-0.00909
4.381e+05	-0.009107
4.381e+05	-0.009068
4.381e+05	-0.008948
4.381e+05	-0.009064
4.381e+05	-0.009127
4.381e+05	-0.009222
4.381e+05	-0.009213
4.381e+05	-0.009245
4.381e+05	-0.009203
4.381e+05	-0.009288
4.381e+05	-0.00925
4.381e+05	-0.009152
4.381e+05	-0.009286
4.381e+05	-0.009337
4.381e+05	-0.009304
4.381e+05	-0.009271
4.381e+05	-0.009363
4.381e+05	-0.009383
4.381e+05	-0.009322
4.381e+05	-0.009397
4.381e+05	-0.009374
4.381e+05	-0.009363
4.381e+05	-0.009308
4.381e+05	-0.009297
4.381e+05	-0.009317
4.381e+05	-0.009394
4.381e+05	-0.009236
4.381e+05	-0.009317
4.381e+05	-0.009134
4.381e+05	-0.009055
4.381e+05	-0.009086
4.381e+05	-0.009001
4.381e+05	-0.008972
4.381e+05	-0.008939
4.381e+05	-0.009005
4.381e+05	-0.00908
4.381e+05	-0.009016
4.381e+05	-0.00929
4.381e+05	-0.009195
4.381e+05	-0.009244
4.381e+05	-0.009315
4.381e+05	-0.009431
4.381e+05	-0.00939
4.381e+05	-0.009247
4.381e+05	-0.009154
4.381e+05	-0.009257
4.381e+05	-0.00935
4.381e+05	-0.009349
4.381e+05	-0.009314
4.381e+05	-0.009327
4.381e+05	-0.009468
4.381e+05	-0.009446
4.381e+05	-0.009302
4.381e+05	-0.009249
4.381e+05	-0.009198
4.381e+05	-0.009247
4.381e+05	-0.009387
4.381e+05	-0.009446
4.381e+05	-0.009607
4.381e+05	-0.009676
4.381e+05	-0.009509
4.381e+05	-0.009477
4.381e+05	-0.009438
4.381e+05	-0.009393
4.381e+05	-0.009473
4.381e+05	-0.009456
4.381e+05	-0.009596
4.381e+05	-0.009487
4.381e+05	-0.009284
4.381e+05	-0.009312
4.381e+05	-0.009337
4.381e+05	-0.009385
4.381e+05	-0.009365
4.381e+05	-0.009473
4.381e+05	-0.009455
4.381e+05	-0.009578
4.381e+05	-0.009642
4.381e+05	-0.009485
4.381e+05	-0.009344
4.381e+05	-0.009423
4.381e+05	-0.009562
4.381e+05	-0.009664
4.381e+05	-0.009663
4.381e+05	-0.009613
4.381e+05	-0.009659
4.381e+05	-0.009492
4.381e+05	-0.009547
4.381e+05	-0.009396
4.381e+05	-0.009532
4.381e+05	-0.009361
4.381e+05	-0.009448
4.381e+05	-0.0095
4.381e+05	-0.009518
4.381e+05	-0.009465
4.381e+05	-0.009597
4.381e+05	-0.0096
4.381e+05	-0.009601
4.381e+05	-0.00957
4.381e+05	-0.009623
4.381e+05	-0.009667
4.381e+05	-0.009706
4.381e+05	-0.009763
4.381e+05	-0.009931
4.381e+05	-0.009978
4.381e+05	-0.01001
4.381e+05	-0.009968
4.381e+05	-0.009959
4.381e+05	-0.009942
4.381e+05	-0.01003
4.381e+05	-0.01003
4.381e+05	-0.01006
4.381e+05	-0.01004
4.381e+05	-0.01002
4.381e+05	-0.009996
4.381e+05	-0.01003
4.381e+05	-0.009898
4.381e+05	-0.009905
4.381e+05	-0.009917
4.381e+05	-0.009854
4.381e+05	-0.009869
4.381e+05	-0.009994
4.381e+05	-0.01008
4.381e+05	-0.009959
4.381e+05	-0.009871
4.381e+05	-0.01001
4.381e+05	-0.01008
4.381e+05	-0.01008
4.381e+05	-0.01008
4.381e+05	-0.0101
4.381e+05	-0.0101
4.381e+05	-0.01005
4.381e+05	-0.009831
4.381e+05	-0.009886
4.381e+05	-0.009826
4.381e+05	-0.009797
4.381e+05	-0.009781
4.381e+05	-0.009894
4.381e+05	-0.009876
4.381e+05	-0.009843
4.381e+05	-0.009932
4.381e+05	-0.01001
4.381e+05	-0.009993
4.381e+05	-0.00993
4.381e+05	-0.009957
4.381e+05	-0.009994
4.381e+05	-0.01009
4.381e+05	-0.01002
4.381e+05	-0.01017
4.381e+05	-0.0101
4.381e+05	-0.0101
4.381e+05	-0.01001
4.381e+05	-0.01006
4.381e+05	-0.01008
4.381e+05	-0.01003
4.381e+05	-0.01008
4.381e+05	-0.009978
4.381e+05	-0.01008
4.381e+05	-0.01013
4.381e+05	-0.01014
4.381e+05	-0.01013
4.381e+05	-0.0101
4.381e+05	-0.01023
4.381e+05	-0.01006
4.381e+05	-0.009933
4.381e+05	-0.009999
4.381e+05	-0.01011
4.381e+05	-0.01007
4.381e+05	-0.01004
4.381e+05	-0.01001
4.381e+05	-0.009959
4.381e+05	-0.009985
4.381e+05	-0.009871
4.381e+05	-0.009902
4.381e+05	-0.009857
4.381e+05	-0.01006
4.381e+05	-0.01004
4.381e+05	-0.01006
4.381e+05	-0.01009
