# version: 0.0.0-706-g5794781-dirty
# well_width: 1.3
# ff: 0.5714570709424563
# N: 200
# walls: 0
# cell dimensions: (11.36, 11.36, 11.36)
# seed: 0
# de_g: 0.05
# de_density: 0.1
# translation_scale: 0.1
# neighbor_scale: 2
# energy_levels: 1801
# min_T: 0.5

# pessimmistic_min_samples: 10000
# iterations: 3520127667
# working moves: 115514499266
# total moves: 704025533400
# acceptance rate: 0.164077
# converged state: 1315
# converged temperature: 0.472842

# max_entropy_state: 1172
# min_important_energy: 1310

# energy   counts
0  0
1  0
2  0
3  0
4  0
5  0
6  0
7  0
8  0
9  0
10  0
11  0
12  0
13  0
14  0
15  0
16  0
17  0
18  0
19  0
20  0
21  0
22  0
23  0
24  0
25  0
26  0
27  0
28  0
29  0
30  0
31  0
32  0
33  0
34  0
35  0
36  0
37  0
38  0
39  0
40  0
41  0
42  0
43  0
44  0
45  0
46  0
47  0
48  0
49  0
50  0
51  0
52  0
53  0
54  0
55  0
56  0
57  0
58  0
59  0
60  0
61  0
62  0
63  0
64  0
65  0
66  0
67  0
68  0
69  0
70  0
71  0
72  0
73  0
74  0
75  0
76  0
77  0
78  0
79  0
80  0
81  0
82  0
83  0
84  0
85  0
86  0
87  0
88  0
89  0
90  0
91  0
92  0
93  0
94  0
95  0
96  0
97  0
98  0
99  0
100  0
101  0
102  0
103  0
104  0
105  0
106  0
107  0
108  0
109  0
110  0
111  0
112  0
113  0
114  0
115  0
116  0
117  0
118  0
119  0
120  0
121  0
122  0
123  0
124  0
125  0
126  0
127  0
128  0
129  0
130  0
131  0
132  0
133  0
134  0
135  0
136  0
137  0
138  0
139  0
140  0
141  0
142  0
143  0
144  0
145  0
146  0
147  0
148  0
149  0
150  0
151  0
152  0
153  0
154  0
155  0
156  0
157  0
158  0
159  0
160  0
161  0
162  0
163  0
164  0
165  0
166  0
167  0
168  0
169  0
170  0
171  0
172  0
173  0
174  0
175  0
176  0
177  0
178  0
179  0
180  0
181  0
182  0
183  0
184  0
185  0
186  0
187  0
188  0
189  0
190  0
191  0
192  0
193  0
194  0
195  0
196  0
197  0
198  0
199  0
200  0
201  0
202  0
203  0
204  0
205  0
206  0
207  0
208  0
209  0
210  0
211  0
212  0
213  0
214  0
215  0
216  0
217  0
218  0
219  0
220  0
221  0
222  0
223  0
224  0
225  0
226  0
227  0
228  0
229  0
230  0
231  0
232  0
233  0
234  0
235  0
236  0
237  0
238  0
239  0
240  0
241  0
242  0
243  0
244  0
245  0
246  0
247  0
248  0
249  0
250  0
251  0
252  0
253  0
254  0
255  0
256  0
257  0
258  0
259  0
260  0
261  0
262  0
263  0
264  0
265  0
266  0
267  0
268  0
269  0
270  0
271  0
272  0
273  0
274  0
275  0
276  0
277  0
278  0
279  0
280  0
281  0
282  0
283  0
284  0
285  0
286  0
287  0
288  0
289  0
290  0
291  0
292  0
293  0
294  0
295  0
296  0
297  0
298  0
299  0
300  0
301  0
302  0
303  0
304  0
305  0
306  0
307  0
308  0
309  0
310  0
311  0
312  0
313  0
314  0
315  0
316  0
317  0
318  0
319  0
320  0
321  0
322  0
323  0
324  0
325  0
326  0
327  0
328  0
329  0
330  0
331  0
332  0
333  0
334  0
335  0
336  0
337  0
338  0
339  0
340  0
341  0
342  0
343  0
344  0
345  0
346  0
347  0
348  0
349  0
350  0
351  0
352  0
353  0
354  0
355  0
356  0
357  0
358  0
359  0
360  0
361  0
362  0
363  0
364  0
365  0
366  0
367  0
368  0
369  0
370  0
371  0
372  0
373  0
374  0
375  0
376  0
377  0
378  0
379  0
380  0
381  0
382  0
383  0
384  0
385  0
386  0
387  0
388  0
389  0
390  0
391  0
392  0
393  0
394  0
395  0
396  0
397  0
398  0
399  0
400  0
401  0
402  0
403  0
404  0
405  0
406  0
407  0
408  0
409  0
410  0
411  0
412  0
413  0
414  0
415  0
416  0
417  0
418  0
419  0
420  0
421  0
422  0
423  0
424  0
425  0
426  0
427  0
428  0
429  0
430  0
431  0
432  0
433  0
434  0
435  0
436  0
437  0
438  0
439  0
440  0
441  0
442  0
443  0
444  0
445  0
446  0
447  0
448  0
449  0
450  0
451  0
452  0
453  0
454  0
455  0
456  0
457  0
458  0
459  0
460  0
461  0
462  0
463  0
464  0
465  0
466  0
467  0
468  0
469  0
470  0
471  0
472  0
473  0
474  0
475  0
476  0
477  0
478  0
479  0
480  0
481  0
482  0
483  0
484  0
485  0
486  0
487  0
488  0
489  0
490  0
491  0
492  0
493  0
494  0
495  0
496  0
497  0
498  0
499  0
500  0
501  0
502  0
503  0
504  0
505  0
506  0
507  0
508  0
509  0
510  0
511  0
512  0
513  0
514  0
515  0
516  0
517  0
518  0
519  0
520  0
521  0
522  0
523  0
524  0
525  0
526  0
527  0
528  0
529  0
530  0
531  0
532  0
533  0
534  0
535  0
536  0
537  0
538  0
539  0
540  0
541  0
542  0
543  0
544  0
545  0
546  0
547  0
548  0
549  0
550  0
551  0
552  0
553  0
554  0
555  0
556  0
557  0
558  0
559  0
560  0
561  0
562  0
563  0
564  0
565  0
566  0
567  0
568  0
569  0
570  0
571  0
572  0
573  0
574  0
575  0
576  0
577  0
578  0
579  0
580  0
581  0
582  0
583  0
584  0
585  0
586  0
587  0
588  0
589  0
590  0
591  0
592  0
593  0
594  0
595  0
596  0
597  0
598  0
599  0
600  0
601  0
602  0
603  0
604  0
605  0
606  0
607  0
608  0
609  0
610  0
611  0
612  0
613  0
614  0
615  0
616  0
617  0
618  0
619  0
620  0
621  0
622  0
623  0
624  0
625  0
626  0
627  0
628  0
629  0
630  0
631  0
632  0
633  0
634  0
635  0
636  0
637  0
638  0
639  0
640  0
641  0
642  0
643  0
644  0
645  0
646  0
647  0
648  0
649  0
650  0
651  0
652  0
653  0
654  0
655  0
656  0
657  0
658  0
659  0
660  0
661  0
662  0
663  0
664  0
665  0
666  0
667  0
668  0
669  0
670  0
671  0
672  0
673  0
674  0
675  0
676  0
677  0
678  0
679  0
680  0
681  0
682  0
683  0
684  0
685  0
686  0
687  0
688  0
689  0
690  0
691  0
692  0
693  0
694  0
695  0
696  0
697  0
698  0
699  0
700  0
701  0
702  0
703  0
704  0
705  0
706  0
707  0
708  0
709  0
710  0
711  0
712  0
713  0
714  0
715  0
716  0
717  0
718  0
719  0
720  0
721  0
722  0
723  0
724  0
725  0
726  0
727  0
728  0
729  0
730  0
731  0
732  0
733  0
734  0
735  0
736  0
737  0
738  0
739  0
740  0
741  0
742  0
743  0
744  0
745  0
746  0
747  0
748  0
749  0
750  0
751  0
752  0
753  0
754  0
755  0
756  0
757  0
758  0
759  0
760  0
761  0
762  0
763  0
764  0
765  0
766  0
767  0
768  0
769  0
770  0
771  0
772  0
773  0
774  0
775  0
776  0
777  0
778  0
779  0
780  0
781  0
782  0
783  0
784  0
785  0
786  0
787  0
788  0
789  0
790  0
791  0
792  0
793  0
794  0
795  0
796  0
797  0
798  0
799  0
800  0
801  0
802  0
803  0
804  0
805  0
806  0
807  0
808  0
809  0
810  0
811  0
812  0
813  0
814  0
815  0
816  0
817  0
818  0
819  0
820  0
821  0
822  0
823  0
824  0
825  0
826  0
827  0
828  0
829  0
830  0
831  0
832  0
833  0
834  0
835  0
836  0
837  0
838  0
839  0
840  0
841  0
842  0
843  0
844  0
845  0
846  0
847  0
848  0
849  0
850  0
851  0
852  0
853  0
854  0
855  0
856  0
857  0
858  0
859  0
860  0
861  0
862  0
863  0
864  0
865  0
866  0
867  0
868  0
869  0
870  0
871  0
872  0
873  0
874  0
875  0
876  0
877  0
878  0
879  0
880  0
881  0
882  0
883  0
884  0
885  0
886  0
887  0
888  0
889  0
890  0
891  0
892  0
893  0
894  0
895  0
896  0
897  0
898  0
899  0
900  0
901  0
902  0
903  0
904  0
905  0
906  0
907  0
908  0
909  0
910  0
911  0
912  0
913  0
914  0
915  0
916  0
917  0
918  0
919  0
920  0
921  0
922  0
923  0
924  0
925  0
926  0
927  0
928  -1.38421
929  -1.38421
930  -0.0418623
931  -0.0418623
932  0.0261983
933  0.032759
934  0.0556342
935  0.982042
936  1.08276
937  0.484028
938  1.00801
939  0.779294
940  1.04984
941  0.063753
942  1.07647
943  1.15198
944  1.28027
945  0.964423
946  1.3498
947  1.56045
948  1.18039
949  1.30128
950  1.56733
951  1.29491
952  1.55389
953  1.22072
954  0.975467
955  1.26627
956  1.31549
957  1.38894
958  1.20891
959  1.58598
960  1.74158
961  1.47647
962  1.79968
963  1.46784
964  1.90027
965  1.95756
966  1.8249
967  1.54518
968  1.42406
969  1.34659
970  1.16468
971  0.981808
972  1.03922
973  1.06097
974  0.818855
975  0.965096
976  0.97719
977  1.29042
978  1.51767
979  1.25887
980  1.19192
981  0.829999
982  0.714532
983  0.809405
984  0.429516
985  -0.0919855
986  0.0612471
987  -0.740297
988  0.265945
989  -0.923795
990  -0.636294
991  -0.740182
992  -0.764842
993  -0.971358
994  -1.36557
995  -1.5305
996  -1.87968
997  -1.91453
998  -2.06418
999  -1.79082
1000  -1.90099
1001  -1.64242
1002  -1.95191
1003  -1.28316
1004  -1.17517
1005  -1.10037
1006  -1.07168
1007  -1.03937
1008  -1.00973
1009  -0.885338
1010  -1.07666
1011  -1.50437
1012  -1.34148
1013  -1.5736
1014  -1.49605
1015  -1.81686
1016  -1.64015
1017  -1.76498
1018  -1.73778
1019  -1.47515
1020  -1.32464
1021  -1.02217
1022  -0.900242
1023  -0.967158
1024  -0.686806
1025  -0.530017
1026  -0.678639
1027  -0.5008
1028  -0.812581
1029  -0.806325
1030  -0.778651
1031  -0.513735
1032  -0.564667
1033  -0.635496
1034  -0.495816
1035  -0.65626
1036  -0.706494
1037  -0.729589
1038  -0.481018
1039  -0.507856
1040  -0.453217
1041  -0.357112
1042  -0.138598
1043  0.0591626
1044  -0.0063383
1045  -0.0390387
1046  -0.0731716
1047  0.140591
1048  0.163359
1049  0.137505
1050  0.0717853
1051  0.121336
1052  -0.0288568
1053  0.0573632
1054  0.0590872
1055  0.0127487
1056  -0.0393242
1057  -0.34058
1058  -0.325212
1059  -0.542422
1060  -0.744996
1061  -0.526685
1062  -0.285857
1063  -0.165048
1064  -0.311451
1065  0.24336
1066  0.261352
1067  0.41575
1068  0.73654
1069  0.866715
1070  0.989655
1071  0.994541
1072  0.970828
1073  1.11931
1074  1.25801
1075  1.27414
1076  1.27355
1077  1.14844
1078  1.00013
1079  0.914105
1080  0.84899
1081  0.772872
1082  0.774638
1083  0.800044
1084  0.64762
1085  0.589351
1086  0.742508
1087  0.871145
1088  0.910667
1089  0.870939
1090  0.928527
1091  1.01644
1092  1.08258
1093  1.04511
1094  1.18762
1095  1.30682
1096  1.26684
1097  1.34919
1098  1.29121
1099  1.36869
1100  1.41771
1101  1.33211
1102  1.27773
1103  1.26496
1104  1.36691
1105  1.30631
1106  1.33921
1107  1.47166
1108  1.57707
1109  1.72956
1110  1.74461
1111  1.86918
1112  2.02219
1113  2.13335
1114  2.23326
1115  2.36591
1116  2.51942
1117  2.61634
1118  2.73127
1119  2.78968
1120  2.92961
1121  3.00205
1122  3.05184
1123  3.09384
1124  3.15967
1125  3.20397
1126  3.20242
1127  3.23766
1128  3.2753
1129  3.28812
1130  3.32106
1131  3.38185
1132  3.42644
1133  3.44789
1134  3.48373
1135  3.49177
1136  3.51875
1137  3.53783
1138  3.53998
1139  3.54344
1140  3.5179
1141  3.4986
1142  3.49268
1143  3.47375
1144  3.44827
1145  3.44031
1146  3.41459
1147  3.35448
1148  3.33282
1149  3.3438
1150  3.41225
1151  3.6127
1152  3.98803
1153  4.5339
1154  5.1717
1155  5.86768
1156  6.57752
1157  7.27345
1158  7.9445
1159  8.59512
1160  9.21732
1161  9.80805
1162  10.3632
1163  10.8793
1164  11.3562
1165  11.7903
1166  12.1789
1167  12.518
1168  12.8042
1169  13.034
1170  13.203
1171  13.3068
1172  13.3407
1173  13.3002
1174  13.1813
1175  12.9801
1176  12.6946
1177  12.3243
1178  11.8698
1179  11.3336
1180  10.7172
1181  10.025
1182  9.25959
1183  8.42407
1184  7.52284
1185  6.55948
1186  5.53869
1187  4.46444
1188  3.341
1189  2.17293
1190  0.963064
1191  -0.284398
1192  -1.56794
1193  -2.88556
1194  -4.23583
1195  -5.61792
1196  -7.03061
1197  -8.47268
1198  -9.94371
1199  -11.4414
1200  -12.964
1201  -14.5088
1202  -16.0713
1203  -17.6485
1204  -19.2351
1205  -20.8277
1206  -22.4228
1207  -24.0184
1208  -25.6145
1209  -27.2124
1210  -28.8138
1211  -30.4226
1212  -32.0408
1213  -33.671
1214  -35.3149
1215  -36.9733
1216  -38.6462
1217  -40.333
1218  -42.0321
1219  -43.7421
1220  -45.4613
1221  -47.187
1222  -48.9161
1223  -50.6442
1224  -52.3662
1225  -54.0758
1226  -55.7667
1227  -57.4324
1228  -59.0675
1229  -60.6711
1230  -62.2433
1231  -63.7875
1232  -65.3088
1233  -66.8131
1234  -68.3051
1235  -69.7888
1236  -71.2681
1237  -72.7442
1238  -74.2187
1239  -75.6917
1240  -77.1634
1241  -78.6323
1242  -80.0972
1243  -81.5549
1244  -83.0024
1245  -84.4345
1246  -85.847
1247  -87.2344
1248  -88.5908
1249  -89.9157
1250  -91.2105
1251  -92.4822
1252  -93.7356
1253  -94.9795
1254  -96.2205
1255  -97.4617
1256  -98.7088
1257  -99.9628
1258  -101.225
1259  -102.496
1260  -103.777
1261  -105.067
1262  -106.369
1263  -107.68
1264  -109.002
1265  -110.333
1266  -111.675
1267  -113.028
1268  -114.39
1269  -115.764
1270  -117.148
1271  -118.542
1272  -119.947
1273  -121.363
1274  -122.79
1275  -124.227
1276  -125.675
1277  -127.135
1278  -128.606
1279  -130.089
1280  -131.582
1281  -133.088
1282  -134.605
1283  -136.134
1284  -137.675
1285  -139.229
1286  -140.795
1287  -142.374
1288  -143.967
1289  -145.573
1290  -147.194
1291  -148.829
1292  -150.478
1293  -152.143
1294  -153.822
1295  -155.518
1296  -157.231
1297  -158.959
1298  -160.706
1299  -162.469
1300  -164.251
1301  -166.051
1302  -167.87
1303  -169.709
1304  -171.568
1305  -173.448
1306  -175.348
1307  -177.271
1308  -179.215
1309  -181.182
1310  -183.172
1311  -185.186
1312  -187.224
1313  -189.287
1314  -191.376
1315  -193.491
