0.000 0.000 0.000 0.000 0.000 0.000 0.000 0.000 0.000 0.000 0.000 0.000 0.000 0.000 0.000 0.000 0.000 0.000 0.000 0.225 17.054 16.724 0.543 0.000 0.000 0.000 0.000 0.000 0.000 0.000 0.000 0.000 0.000 0.000 0.000 0.000 0.000 0.000 0.000 0.000 0.000 0.000 0.000 0.000 0.000 0.000 0.000 0.000 0.000 0.000 0.000 0.000 0.000 0.000 0.000 0.000 0.000 0.000 0.000 0.000 0.000 0.274 7.481 5.969 4.815 3.891 3.280 2.816 2.460 2.208 2.007 1.905 1.826 1.789 1.745 1.805 1.902 2.012 2.151 2.271 2.471 2.592 2.761 2.792 2.717 2.632 2.559 2.437 2.413 2.314 2.247
0.000 0.000 0.000 0.000 0.000 0.000 0.000 0.000 0.000 0.000 0.000 0.000 0.000 0.000 0.000 0.000 0.000 0.000 0.000 1.050 16.609 16.522 1.119 0.000 0.000 0.000 0.000 0.000 0.000 0.000 0.000 0.000 0.000 0.000 0.000 0.000 0.000 0.000 0.000 0.000 0.000 0.000 0.000 0.000 0.000 0.000 0.000 0.000 0.000 0.000 0.000 0.000 0.000 0.000 0.000 0.000 0.000 0.000 0.000 0.000 0.000 0.572 7.512 5.954 4.745 3.919 3.254 2.801 2.435 2.200 2.010 1.880 1.805 1.754 1.780 1.812 1.881 2.016 2.168 2.320 2.441 2.598 2.738 2.763 2.714 2.630 2.534 2.458 2.360 2.301 2.233
0.000 0.000 0.000 0.000 0.000 0.000 0.000 0.000 0.000 0.000 0.000 0.000 0.000 0.000 0.000 0.000 0.000 0.000 0.000 2.582 15.646 15.645 2.573 0.000 0.000 0.000 0.000 0.000 0.000 0.000 0.000 0.000 0.000 0.000 0.000 0.000 0.000 0.000 0.000 0.000 0.000 0.000 0.000 0.000 0.000 0.000 0.000 0.000 0.000 0.000 0.000 0.000 0.000 0.000 0.000 0.000 0.000 0.000 0.000 0.000 0.000 1.371 7.381 5.841 4.670 3.857 3.204 2.775 2.407 2.171 1.990 1.885 1.793 1.762 1.776 1.817 1.905 2.027 2.177 2.309 2.468 2.626 2.742 2.780 2.720 2.648 2.534 2.438 2.371 2.299 2.253
0.000 0.000 0.000 0.000 0.000 0.000 0.000 0.000 0.000 0.000 0.000 0.000 0.000 0.000 0.000 0.000 0.000 0.000 0.000 4.578 14.363 14.358 4.575 0.000 0.000 0.000 0.000 0.000 0.000 0.000 0.000 0.000 0.000 0.000 0.000 0.000 0.000 0.000 0.000 0.000 0.000 0.000 0.000 0.000 0.000 0.000 0.000 0.000 0.000 0.000 0.000 0.000 0.000 0.000 0.000 0.000 0.000 0.000 0.000 0.000 0.000 2.619 7.120 5.637 4.550 3.740 3.140 2.711 2.388 2.141 1.975 1.868 1.797 1.767 1.781 1.838 1.926 2.033 2.169 2.330 2.474 2.624 2.760 2.777 2.711 2.619 2.522 2.444 2.358 2.270 2.237
0.000 0.000 0.000 0.000 0.000 0.000 0.000 0.000 0.000 0.000 0.000 0.000 0.000 0.000 0.000 0.000 0.000 0.000 0.000 6.854 12.986 12.982 6.844 0.000 0.000 0.000 0.000 0.000 0.000 0.000 0.000 0.000 0.000 0.000 0.000 0.000 0.000 0.000 0.000 0.000 0.000 0.000 0.000 0.000 0.000 0.000 0.000 0.000 0.000 0.000 0.000 0.000 0.000 0.000 0.000 0.000 0.000 0.000 0.000 0.000 0.000 4.206 6.768 5.387 4.372 3.629 3.067 2.652 2.350 2.120 1.958 1.838 1.781 1.761 1.786 1.842 1.927 2.058 2.205 2.346 2.482 2.647 2.766 2.772 2.705 2.634 2.529 2.429 2.353 2.281 2.240
0.000 0.000 0.000 0.000 0.000 0.000 0.000 0.000 0.000 0.000 0.000 0.000 0.000 0.000 0.000 0.000 0.000 0.000 0.000 9.212 11.555 11.557 9.205 0.000 0.000 0.000 0.000 0.000 0.000 0.000 0.000 0.000 0.000 0.000 0.000 0.000 0.000 0.000 0.000 0.000 0.000 0.000 0.000 0.000 0.000 0.000 0.000 0.000 0.000 0.000 0.000 0.000 0.000 0.000 0.000 0.000 0.000 0.000 0.000 0.000 0.000 6.129 6.396 5.111 4.180 3.471 2.961 2.573 2.296 2.079 1.934 1.840 1.776 1.748 1.783 1.846 1.945 2.070 2.223 2.372 2.510 2.662 2.759 2.755 2.693 2.612 2.504 2.430 2.348 2.290 2.239
0.000 0.000 0.000 0.000 0.000 0.000 0.000 0.000 0.000 0.000 0.000 0.000 0.000 0.000 0.000 0.000 0.000 0.000 1.068 10.425 10.151 10.150 10.365 1.120 0.000 0.000 0.000 0.000 0.000 0.000 0.000 0.000 0.000 0.000 0.000 0.000 0.000 0.000 0.000 0.000 0.000 0.000 0.000 0.000 0.000 0.000 0.000 0.000 0.000 0.000 0.000 0.000 0.000 0.000 0.000 0.000 0.000 0.000 0.000 0.000 0.909 7.415 5.975 4.815 3.957 3.324 2.846 2.484 2.235 2.040 1.894 1.826 1.759 1.758 1.788 1.859 1.964 2.096 2.246 2.387 2.536 2.676 2.771 2.752 2.696 2.595 2.506 2.402 2.330 2.268 2.231
0.000 0.000 0.000 0.000 0.000 0.000 0.000 0.000 0.000 0.000 0.000 0.000 0.000 0.000 0.000 0.000 0.000 0.000 4.440 9.173 8.873 8.877 9.172 4.435 0.000 0.000 0.000 0.000 0.000 0.000 0.000 0.000 0.000 0.000 0.000 0.000 0.000 0.000 0.000 0.000 0.000 0.000 0.000 0.000 0.000 0.000 0.000 0.000 0.000 0.000 0.000 0.000 0.000 0.000 0.000 0.000 0.000 0.000 0.000 0.000 3.818 6.937 5.549 4.511 3.735 3.153 2.728 2.398 2.165 1.989 1.872 1.785 1.764 1.763 1.804 1.878 1.983 2.120 2.264 2.424 2.570 2.706 2.782 2.744 2.670 2.575 2.483 2.395 2.325 2.257 2.224
0.000 0.000 0.000 0.000 0.000 0.000 0.000 0.000 0.000 0.000 0.000 0.000 0.000 0.000 0.000 0.000 0.000 0.169 7.422 7.943 7.664 7.665 7.939 7.390 0.198 0.000 0.000 0.000 0.000 0.000 0.000 0.000 0.000 0.000 0.000 0.000 0.000 0.000 0.000 0.000 0.000 0.000 0.000 0.000 0.000 0.000 0.000 0.000 0.000 0.000 0.000 0.000 0.000 0.000 0.000 0.000 0.000 0.000 0.000 0.205 6.847 6.321 5.106 4.193 3.504 2.995 2.602 2.307 2.093 1.941 1.836 1.772 1.754 1.768 1.822 1.906 2.020 2.157 2.311 2.457 2.598 2.741 2.781 2.735 2.655 2.565 2.475 2.384 2.311 2.257 2.217
0.000 0.000 0.000 0.000 0.000 0.000 0.000 0.000 0.000 0.000 0.000 0.000 0.000 0.000 0.000 0.000 0.000 3.125 7.291 6.826 6.598 6.596 6.829 7.286 3.124 0.000 0.000 0.000 0.000 0.000 0.000 0.000 0.000 0.000 0.000 0.000 0.000 0.000 0.000 0.000 0.000 0.000 0.000 0.000 0.000 0.000 0.000 0.000 0.000 0.000 0.000 0.000 0.000 0.000 0.000 0.000 0.000 0.000 0.000 3.386 7.107 5.720 4.669 3.881 3.273 2.825 2.477 2.221 2.031 1.896 1.801 1.753 1.750 1.776 1.842 1.932 2.068 2.197 2.354 2.498 2.638 2.768 2.777 2.730 2.649 2.538 2.446 2.365 2.302 2.242 2.210
0.000 0.000 0.000 0.000 0.000 0.000 0.000 0.000 0.000 0.000 0.000 0.000 0.000 0.000 0.000 0.000 0.487 6.199 6.234 5.848 5.659 5.659 5.848 6.235 6.176 0.505 0.000 0.000 0.000 0.000 0.000 0.000 0.000 0.000 0.000 0.000 0.000 0.000 0.000 0.000 0.000 0.000 0.000 0.000 0.000 0.000 0.000 0.000 0.000 0.000 0.000 0.000 0.000 0.000 0.000 0.000 0.000 0.000 0.631 7.114 6.348 5.168 4.265 3.589 3.060 2.658 2.361 2.122 1.964 1.852 1.776 1.744 1.752 1.788 1.859 1.974 2.098 2.235 2.395 2.540 2.688 2.782 2.772 2.698 2.624 2.524 2.429 2.353 2.276 2.237 2.203
0.000 0.000 0.000 0.000 0.000 0.000 0.000 0.000 0.000 0.000 0.000 0.000 0.000 0.000 0.000 0.000 4.095 5.819 5.317 4.995 4.836 4.837 4.993 5.316 5.824 4.082 0.008 0.000 0.000 0.000 0.000 0.000 0.000 0.000 0.000 0.000 0.000 0.000 0.000 0.000 0.000 0.000 0.000 0.000 0.000 0.000 0.000 0.000 0.000 0.000 0.000 0.000 0.000 0.000 0.000 0.000 0.000 0.010 5.282 6.935 5.638 4.644 3.889 3.297 2.845 2.511 2.245 2.046 1.900 1.811 1.760 1.742 1.759 1.819 1.898 2.017 2.154 2.290 2.439 2.589 2.732 2.790 2.760 2.683 2.597 2.496 2.404 2.328 2.268 2.220 2.195
0.000 0.000 0.000 0.000 0.000 0.000 0.000 0.000 0.000 0.000 0.000 0.000 0.000 0.000 0.000 2.388 5.570 4.951 4.537 4.270 4.145 4.146 4.270 4.537 4.950 5.565 2.393 0.000 0.000 0.000 0.000 0.000 0.000 0.000 0.000 0.000 0.000 0.000 0.000 0.000 0.000 0.000 0.000 0.000 0.000 0.000 0.000 0.000 0.000 0.000 0.000 0.000 0.000 0.000 0.000 0.000 0.000 3.356 7.402 6.051 4.996 4.165 3.539 3.041 2.652 2.359 2.138 1.962 1.847 1.778 1.737 1.734 1.771 1.836 1.930 2.057 2.196 2.351 2.478 2.633 2.749 2.787 2.734 2.668 2.563 2.466 2.382 2.314 2.258 2.211 2.191
0.000 0.000 0.000 0.000 0.000 0.000 0.000 0.000 0.000 0.000 0.000 0.000 0.000 0.000 1.615 5.293 4.722 4.218 3.873 3.667 3.554 3.554 3.669 3.873 4.219 4.722 5.279 1.627 0.000 0.000 0.000 0.000 0.000 0.000 0.000 0.000 0.000 0.000 0.000 0.000 0.000 0.000 0.000 0.000 0.000 0.000 0.000 0.000 0.000 0.000 0.000 0.000 0.000 0.000 0.000 0.000 2.379 7.512 6.378 5.290 4.423 3.750 3.211 2.796 2.479 2.222 2.035 1.902 1.803 1.752 1.729 1.748 1.786 1.864 1.978 2.108 2.252 2.396 2.536 2.686 2.787 2.785 2.723 2.631 2.539 2.449 2.362 2.288 2.243 2.204 2.189
0.000 0.000 0.000 0.000 0.000 0.000 0.000 0.000 0.000 0.000 0.000 0.000 0.000 1.625 5.132 4.597 4.021 3.611 3.319 3.150 3.059 3.058 3.148 3.320 3.610 4.021 4.596 5.122 1.634 0.000 0.000 0.000 0.000 0.000 0.000 0.000 0.000 0.000 0.000 0.000 0.000 0.000 0.000 0.000 0.000 0.000 0.000 0.000 0.000 0.000 0.000 0.000 0.000 0.000 0.000 2.380 7.499 6.549 5.489 4.634 3.928 3.374 2.934 2.582 2.320 2.105 1.945 1.838 1.766 1.730 1.725 1.758 1.817 1.911 2.029 2.171 2.312 2.457 2.598 2.736 2.798 2.769 2.702 2.609 2.509 2.412 2.337 2.278 2.230 2.193 2.181
0.000 0.000 0.000 0.000 0.000 0.000 0.000 0.000 0.000 0.000 0.000 0.000 2.428 5.287 4.565 3.927 3.454 3.107 2.868 2.721 2.646 2.648 2.719 2.869 3.107 3.454 3.927 4.567 5.274 2.433 0.004 0.000 0.000 0.000 0.000 0.000 0.000 0.000 0.000 0.000 0.000 0.000 0.000 0.000 0.000 0.000 0.000 0.000 0.000 0.000 0.000 0.000 0.000 0.006 3.376 7.548 6.582 5.581 4.752 4.055 3.508 3.049 2.683 2.401 2.169 1.998 1.871 1.784 1.732 1.718 1.735 1.781 1.849 1.958 2.084 2.232 2.379 2.519 2.663 2.777 2.790 2.752 2.666 2.567 2.479 2.389 2.318 2.254 2.217 2.188 2.182
0.000 0.000 0.000 0.000 0.000 0.000 0.000 0.000 0.000 0.000 0.500 4.172 5.546 4.619 3.916 3.380 2.985 2.695 2.500 2.367 2.308 2.309 2.367 2.500 2.694 2.985 3.379 3.916 4.621 5.540 4.167 0.509 0.000 0.000 0.000 0.000 0.000 0.000 0.000 0.000 0.000 0.000 0.000 0.000 0.000 0.000 0.000 0.000 0.000 0.000 0.000 0.000 0.606 5.296 7.450 6.436 5.556 4.780 4.128 3.576 3.132 2.763 2.471 2.230 2.044 1.908 1.811 1.745 1.718 1.718 1.751 1.811 1.901 2.014 2.155 2.303 2.444 2.592 2.734 2.803 2.789 2.726 2.634 2.534 2.447 2.357 2.290 2.235 2.202 2.183 2.180
0.000 0.000 0.000 0.000 0.000 0.000 0.000 0.000 0.171 3.185 6.257 5.725 4.736 3.978 3.388 2.946 2.605 2.368 2.197 2.089 2.036 2.036 2.090 2.195 2.368 2.605 2.946 3.388 3.976 4.737 5.726 6.248 3.185 0.179 0.000 0.000 0.000 0.000 0.000 0.000 0.000 0.000 0.000 0.000 0.000 0.000 0.000 0.000 0.000 0.000 0.177 3.369 7.120 6.974 6.132 5.377 4.702 4.108 3.602 3.177 2.809 2.521 2.280 2.101 1.944 1.835 1.764 1.719 1.709 1.731 1.772 1.853 1.954 2.085 2.228 2.373 2.519 2.654 2.781 2.808 2.763 2.687 2.594 2.499 2.405 2.330 2.266 2.218 2.187 2.178 2.176
0.000 0.000 0.000 0.000 0.000 0.000 0.966 4.169 7.075 6.950 5.841 4.893 4.109 3.458 2.976 2.602 2.313 2.106 1.963 1.866 1.821 1.821 1.867 1.963 2.106 2.315 2.602 2.975 3.457 4.110 4.893 5.839 6.950 7.068 4.170 0.973 0.000 0.000 0.000 0.000 0.000 0.000 0.000 0.000 0.000 0.000 0.000 0.000 0.828 3.741 6.740 7.058 6.365 5.708 5.094 4.530 4.027 3.570 3.178 2.833 2.552 2.320 2.131 1.978 1.861 1.780 1.732 1.710 1.712 1.756 1.817 1.915 2.030 2.162 2.307 2.454 2.591 2.732 2.804 2.799 2.737 2.647 2.554 2.463 2.376 2.299 2.248 2.209 2.183 2.181 2.187
0.078 0.554 1.528 2.994 4.925 7.211 8.680 7.758 6.749 5.824 4.998 4.244 3.604 3.079 2.655 2.332 2.087 1.900 1.776 1.694 1.652 1.651 1.694 1.776 1.902 2.085 2.333 2.655 3.078 3.604 4.246 4.998 5.824 6.747 7.756 8.678 7.212 4.925 2.996 1.528 0.554 0.079 0.075 0.512 1.345 2.545 4.071 5.894 7.192 6.740 6.213 5.695 5.203 4.733 4.283 3.861 3.477 3.132 2.824 2.558 2.332 2.150 2.002 1.881 1.794 1.736 1.708 1.709 1.734 1.793 1.869 1.977 2.101 2.246 2.389 2.531 2.675 2.789 2.813 2.773 2.694 2.600 2.509 2.417 2.344 2.279 2.226 2.198 2.176 2.178 2.194
7.898 8.028 8.069 8.003 7.830 7.523 7.064 6.412 5.660 4.962 4.322 3.739 3.224 2.771 2.417 2.130 1.913 1.749 1.639 1.567 1.530 1.531 1.568 1.638 1.751 1.911 2.132 2.416 2.772 3.223 3.740 4.320 4.962 5.663 6.410 7.065 7.522 7.829 8.003 8.069 8.027 7.900 7.699 7.446 7.143 6.827 6.481 6.117 5.759 5.388 5.028 4.659 4.311 3.974 3.640 3.332 3.044 2.776 2.539 2.331 2.163 2.010 1.899 1.814 1.747 1.715 1.700 1.723 1.765 1.836 1.933 2.058 2.186 2.331 2.471 2.614 2.740 2.814 2.798 2.739 2.656 2.558 2.468 2.381 2.316 2.257 2.214 2.188 2.176 2.178 2.198
6.099 6.205 6.255 6.241 6.150 5.995 5.722 5.323 4.819 4.278 3.783 3.332 2.911 2.547 2.234 1.987 1.789 1.652 1.545 1.477 1.439 1.441 1.476 1.545 1.651 1.789 1.986 2.236 2.547 2.912 3.332 3.783 4.278 4.817 5.326 5.721 5.995 6.152 6.238 6.258 6.203 6.102 5.946 5.785 5.581 5.359 5.124 4.883 4.644 4.386 4.131 3.882 3.626 3.381 3.150 2.913 2.695 2.490 2.314 2.148 2.017 1.908 1.820 1.752 1.718 1.707 1.720 1.751 1.808 1.901 2.012 2.138 2.278 2.424 2.556 2.697 2.806 2.816 2.768 2.699 2.608 2.511 2.424 2.347 2.280 2.230 2.197 2.177 2.174 2.187 2.212
4.813 4.882 4.931 4.946 4.906 4.825 4.682 4.456 4.138 3.742 3.359 3.005 2.668 2.370 2.111 1.887 1.717 1.578 1.484 1.422 1.392 1.391 1.423 1.483 1.578 1.717 1.887 2.112 2.370 2.669 3.004 3.360 3.740 4.137 4.457 4.682 4.824 4.906 4.949 4.930 4.881 4.813 4.708 4.580 4.444 4.301 4.135 3.979 3.807 3.645 3.466 3.292 3.113 2.937 2.758 2.587 2.416 2.269 2.130 2.007 1.906 1.824 1.765 1.723 1.711 1.714 1.745 1.807 1.880 1.981 2.102 2.240 2.380 2.513 2.650 2.769 2.826 2.797 2.731 2.650 2.555 2.466 2.380 2.311 2.250 2.208 2.186 2.172 2.175 2.200 2.224
3.866 3.927 3.968 3.998 3.987 3.950 3.878 3.760 3.581 3.324 3.026 2.748 2.486 2.247 2.020 1.834 1.672 1.553 1.464 1.408 1.378 1.379 1.408 1.463 1.552 1.673 1.834 2.020 2.246 2.486 2.749 3.023 3.326 3.579 3.763 3.877 3.949 3.988 3.996 3.970 3.926 3.866 3.799 3.709 3.614 3.517 3.409 3.300 3.189 3.076 2.963 2.841 2.713 2.584 2.451 2.331 2.205 2.094 1.992 1.903 1.830 1.772 1.735 1.719 1.726 1.750 1.792 1.865 1.965 2.074 2.202 2.336 2.471 2.607 2.744 2.817 2.811 2.768 2.687 2.594 2.494 2.416 2.343 2.276 2.231 2.194 2.176 2.167 2.183 2.211 2.234
3.173 3.218 3.261 3.287 3.302 3.297 3.256 3.197 3.110 2.965 2.769 2.546 2.337 2.151 1.971 1.809 1.674 1.562 1.475 1.421 1.394 1.393 1.422 1.475 1.562 1.673 1.811 1.970 2.151 2.338 2.545 2.770 2.964 3.111 3.197 3.258 3.297 3.299 3.287 3.263 3.217 3.174 3.121 3.067 3.007 2.939 2.872 2.803 2.726 2.655 2.580 2.490 2.406 2.318 2.225 2.133 2.045 1.964 1.892 1.827 1.778 1.740 1.728 1.731 1.760 1.801 1.864 1.949 2.055 2.178 2.306 2.434 2.571 2.705 2.804 2.814 2.784 2.713 2.626 2.539 2.447 2.373 2.302 2.246 2.208 2.181 2.172 2.176 2.192 2.218 2.255
2.670 2.698 2.735 2.765 2.777 2.787 2.785 2.765 2.726 2.658 2.549 2.390 2.232 2.084 1.943 1.810 1.698 1.594 1.523 1.475 1.443 1.443 1.475 1.522 1.595 1.696 1.812 1.943 2.084 2.231 2.391 2.549 2.657 2.728 2.765 2.784 2.787 2.776 2.764 2.736 2.698 2.670 2.629 2.592 2.552 2.512 2.472 2.431 2.388 2.342 2.292 2.235 2.181 2.120 2.058 1.991 1.932 1.872 1.821 1.780 1.751 1.742 1.743 1.760 1.808 1.869 1.945 2.050 2.159 2.283 2.412 2.542 2.673 2.781 2.819 2.797 2.736 2.649 2.567 2.480 2.399 2.331 2.272 2.219 2.193 2.170 2.173 2.186 2.205 2.232 2.271
2.294 2.322 2.346 2.370 2.393 2.407 2.426 2.429 2.427 2.401 2.356 2.278 2.164 2.047 1.944 1.840 1.741 1.666 1.601 1.554 1.529 1.529 1.554 1.600 1.667 1.741 1.840 1.943 2.047 2.165 2.277 2.356 2.402 2.427 2.429 2.425 2.408 2.393 2.369 2.347 2.321 2.293 2.276 2.244 2.226 2.209 2.177 2.157 2.135 2.108 2.079 2.047 2.011 1.972 1.932 1.892 1.850 1.813 1.786 1.765 1.755 1.759 1.780 1.819 1.883 1.957 2.049 2.156 2.278 2.393 2.516 2.652 2.766 2.818 2.799 2.748 2.679 2.594 2.511 2.428 2.351 2.290 2.239 2.201 2.179 2.169 2.175 2.195 2.221 2.254 2.294
2.022 2.042 2.065 2.078 2.106 2.126 2.148 2.169 2.182 2.194 2.188 2.170 2.119 2.040 1.959 1.886 1.815 1.755 1.709 1.674 1.655 1.654 1.674 1.708 1.755 1.816 1.885 1.960 2.039 2.119 2.171 2.188 2.194 2.183 2.168 2.148 2.126 2.106 2.079 2.065 2.041 2.023 2.013 1.997 1.983 1.976 1.966 1.963 1.958 1.947 1.930 1.918 1.897 1.879 1.853 1.829 1.810 1.786 1.776 1.775 1.779 1.802 1.846 1.902 1.975 2.061 2.165 2.270 2.384 2.509 2.633 2.750 2.808 2.803 2.763 2.698 2.616 2.536 2.450 2.375 2.315 2.255 2.217 2.187 2.174 2.172 2.186 2.205 2.234 2.276 2.313
1.834 1.841 1.855 1.868 1.894 1.924 1.948 1.978 2.003 2.031 2.057 2.068 2.078 2.049 2.003 1.954 1.914 1.873 1.840 1.819 1.807 1.807 1.819 1.841 1.873 1.913 1.953 2.004 2.048 2.079 2.067 2.057 2.032 2.002 1.978 1.949 1.924 1.894 1.868 1.855 1.840 1.834 1.824 1.823 1.823 1.823 1.822 1.828 1.834 1.837 1.834 1.830 1.826 1.824 1.812 1.801 1.799 1.795 1.799 1.811 1.836 1.877 1.927 1.999 2.087 2.178 2.286 2.387 2.505 2.626 2.740 2.799 2.801 2.765 2.706 2.631 2.548 2.472 2.391 2.328 2.269 2.226 2.196 2.175 2.172 2.178 2.197 2.222 2.259 2.300 2.335
1.704 1.709 1.715 1.731 1.750 1.775 1.798 1.835 1.874 1.918 1.957 2.004 2.036 2.064 2.063 2.053 2.033 2.011 2.002 1.994 1.989 1.988 1.994 2.002 2.012 2.032 2.054 2.062 2.064 2.037 2.003 1.957 1.919 1.874 1.835 1.798 1.775 1.750 1.732 1.716 1.708 1.705 1.701 1.706 1.713 1.726 1.735 1.748 1.761 1.773 1.782 1.794 1.798 1.803 1.807 1.810 1.817 1.828 1.850 1.878 1.916 1.973 2.040 2.116 2.202 2.303 2.407 2.518 2.632 2.735 2.797 2.801 2.768 2.712 2.638 2.562 2.486 2.411 2.342 2.289 2.241 2.208 2.184 2.171 2.176 2.189 2.215 2.245 2.282 2.324 2.355
1.626 1.625 1.627 1.640 1.656 1.677 1.709 1.745 1.789 1.838 1.897 1.956 2.019 2.076 2.125 2.166 2.176 2.180 2.187 2.193 2.193 2.194 2.192 2.187 2.181 2.176 2.166 2.124 2.077 2.019 1.955 1.897 1.838 1.789 1.745 1.709 1.677 1.656 1.641 1.627 1.624 1.627 1.633 1.637 1.653 1.673 1.693 1.711 1.729 1.754 1.770 1.791 1.808 1.822 1.836 1.853 1.871 1.889 1.923 1.969 2.027 2.084 2.156 2.240 2.333 2.423 2.529 2.639 2.737 2.785 2.793 2.763 2.716 2.646 2.569 2.493 2.421 2.354 2.301 2.254 2.210 2.186 2.174 2.176 2.188 2.206 2.235 2.270 2.306 2.344 2.386
1.595 1.588 1.589 1.597 1.610 1.633 1.664 1.706 1.749 1.809 1.869 1.940 2.023 2.107 2.193 2.269 2.333 2.373 2.389 2.402 2.414 2.413 2.404 2.389 2.374 2.332 2.269 2.193 2.107 2.023 1.941 1.869 1.809 1.748 1.706 1.664 1.632 1.610 1.597 1.589 1.589 1.594 1.607 1.621 1.643 1.665 1.694 1.719 1.750 1.777 1.798 1.823 1.850 1.874 1.888 1.921 1.950 1.988 2.030 2.081 2.141 2.208 2.285 2.370 2.457 2.553 2.658 2.750 2.787 2.785 2.758 2.703 2.644 2.571 2.504 2.429 2.370 2.310 2.258 2.222 2.191 2.180 2.176 2.182 2.199 2.220 2.257 2.292 2.329 2.371 2.406
1.611 1.599 1.597 1.595 1.612 1.633 1.659 1.698 1.749 1.809 1.880 1.962 2.053 2.154 2.260 2.366 2.470 2.552 2.601 2.630 2.643 2.643 2.630 2.601 2.553 2.469 2.365 2.259 2.157 2.053 1.962 1.880 1.809 1.750 1.699 1.659 1.632 1.612 1.596 1.597 1.599 1.612 1.627 1.648 1.678 1.703 1.733 1.765 1.794 1.835 1.865 1.898 1.926 1.956 1.989 2.021 2.055 2.100 2.154 2.205 2.272 2.343 2.418 2.504 2.590 2.686 2.755 2.783 2.770 2.747 2.694 2.638 2.568 2.501 2.434 2.371 2.319 2.265 2.226 2.200 2.179 2.176 2.176 2.195 2.217 2.248 2.276 2.320 2.356 2.391 2.426
1.664 1.650 1.642 1.645 1.650 1.665 1.696 1.737 1.785 1.852 1.927 2.010 2.111 2.222 2.339 2.460 2.586 2.697 2.793 2.855 2.885 2.885 2.856 2.792 2.696 2.586 2.460 2.338 2.222 2.110 2.011 1.927 1.852 1.785 1.737 1.696 1.665 1.650 1.646 1.642 1.651 1.664 1.688 1.715 1.746 1.783 1.816 1.851 1.890 1.930 1.963 1.999 2.036 2.069 2.106 2.141 2.185 2.235 2.282 2.343 2.402 2.471 2.544 2.631 2.708 2.756 2.775 2.759 2.724 2.680 2.623 2.563 2.493 2.432 2.372 2.321 2.274 2.234 2.206 2.188 2.178 2.180 2.193 2.210 2.239 2.269 2.307 2.342 2.383 2.411 2.438
1.771 1.746 1.734 1.731 1.736 1.748 1.775 1.813 1.864 1.924 1.998 2.090 2.184 2.298 2.415 2.547 2.685 2.811 2.939 3.040 3.113 3.114 3.039 2.940 2.811 2.684 2.547 2.416 2.298 2.184 2.090 1.999 1.925 1.863 1.812 1.775 1.749 1.736 1.731 1.734 1.747 1.770 1.795 1.825 1.862 1.895 1.939 1.977 2.020 2.056 2.098 2.131 2.166 2.205 2.238 2.277 2.320 2.367 2.417 2.469 2.538 2.609 2.681 2.733 2.763 2.766 2.742 2.714 2.661 2.607 2.551 2.489 2.429 2.373 2.322 2.271 2.237 2.209 2.187 2.178 2.180 2.186 2.206 2.233 2.258 2.301 2.334 2.371 2.403 2.434 2.451
1.916 1.890 1.866 1.862 1.857 1.868 1.893 1.926 1.968 2.027 2.095 2.177 2.276 2.383 2.503 2.630 2.770 2.910 3.044 3.154 3.211 3.212 3.153 3.045 2.910 2.769 2.629 2.504 2.383 2.275 2.177 2.097 2.026 1.968 1.925 1.893 1.868 1.857 1.862 1.866 1.890 1.916 1.943 1.979 2.013 2.054 2.095 2.135 2.175 2.210 2.239 2.279 2.311 2.346 2.378 2.408 2.450 2.497 2.550 2.604 2.671 2.720 2.750 2.759 2.745 2.725 2.684 2.639 2.587 2.530 2.471 2.418 2.363 2.314 2.271 2.243 2.212 2.191 2.185 2.183 2.189 2.201 2.228 2.260 2.288 2.325 2.362 2.395 2.424 2.447 2.459
2.086 2.057 2.033 2.022 2.012 2.018 2.032 2.057 2.096 2.145 2.215 2.282 2.376 2.479 2.595 2.720 2.861 2.974 3.075 3.135 3.169 3.169 3.135 3.076 2.973 2.860 2.720 2.595 2.479 2.376 2.283 2.214 2.146 2.096 2.056 2.032 2.018 2.011 2.022 2.034 2.057 2.086 2.120 2.157 2.193 2.229 2.269 2.306 2.337 2.368 2.400 2.430 2.455 2.487 2.514 2.545 2.583 2.631 2.682 2.723 2.747 2.753 2.745 2.725 2.689 2.654 2.608 2.560 2.509 2.458 2.409 2.356 2.308 2.273 2.239 2.213 2.195 2.182 2.180 2.190 2.206 2.226 2.251 2.286 2.321 2.356 2.386 2.415 2.435 2.456 2.464
2.282 2.250 2.225 2.205 2.192 2.193 2.195 2.209 2.243 2.282 2.336 2.408 2.489 2.587 2.689 2.793 2.872 2.950 3.002 3.037 3.056 3.056 3.038 3.001 2.950 2.871 2.792 2.689 2.587 2.490 2.407 2.338 2.281 2.243 2.209 2.195 2.191 2.193 2.205 2.226 2.250 2.281 2.315 2.353 2.385 2.418 2.450 2.481 2.505 2.525 2.552 2.574 2.594 2.618 2.641 2.679 2.718 2.741 2.753 2.752 2.740 2.721 2.696 2.653 2.617 2.572 2.527 2.481 2.434 2.387 2.344 2.299 2.266 2.239 2.215 2.194 2.187 2.187 2.188 2.204 2.227 2.252 2.283 2.314 2.353 2.382 2.408 2.435 2.451 2.464 2.459
2.481 2.451 2.420 2.396 2.381 2.374 2.375 2.379 2.402 2.440 2.493 2.545 2.604 2.665 2.716 2.766 2.807 2.840 2.869 2.887 2.899 2.901 2.886 2.870 2.840 2.808 2.766 2.716 2.665 2.605 2.544 2.492 2.441 2.403 2.378 2.375 2.375 2.380 2.396 2.420 2.450 2.482 2.513 2.542 2.571 2.601 2.620 2.643 2.660 2.676 2.690 2.708 2.728 2.743 2.758 2.761 2.760 2.749 2.736 2.711 2.691 2.658 2.617 2.575 2.542 2.495 2.449 2.409 2.365 2.325 2.292 2.264 2.233 2.212 2.199 2.190 2.189 2.195 2.208 2.222 2.247 2.283 2.313 2.343 2.378 2.407 2.430 2.445 2.456 2.459 2.454
2.684 2.654 2.629 2.606 2.587 2.575 2.568 2.565 2.571 2.585 2.595 2.615 2.630 2.650 2.666 2.674 2.695 2.700 2.719 2.722 2.725 2.725 2.723 2.718 2.700 2.694 2.675 2.665 2.650 2.630 2.614 2.596 2.586 2.570 2.565 2.568 2.575 2.586 2.606 2.629 2.654 2.684 2.707 2.735 2.753 2.769 2.783 2.793 2.801 2.805 2.814 2.805 2.800 2.789 2.773 2.750 2.730 2.700 2.674 2.642 2.610 2.572 2.532 2.497 2.460 2.419 2.382 2.346 2.310 2.281 2.253 2.229 2.211 2.194 2.189 2.192 2.201 2.215 2.230 2.253 2.284 2.313 2.344 2.377 2.401 2.427 2.442 2.453 2.460 2.457 2.444
2.852 2.833 2.811 2.783 2.751 2.726 2.699 2.675 2.652 2.633 2.616 2.601 2.587 2.579 2.575 2.566 2.563 2.560 2.561 2.563 2.556 2.555 2.564 2.561 2.559 2.563 2.565 2.576 2.578 2.588 2.601 2.617 2.631 2.653 2.674 2.699 2.726 2.751 2.783 2.811 2.832 2.854 2.873 2.885 2.893 2.896 2.895 2.882 2.870 2.851 2.828 2.801 2.777 2.750 2.719 2.682 2.655 2.620 2.588 2.555 2.522 2.487 2.448 2.417 2.389 2.353 2.319 2.289 2.265 2.241 2.225 2.209 2.197 2.191 2.192 2.204 2.216 2.231 2.260 2.285 2.313 2.345 2.369 2.399 2.423 2.439 2.455 2.459 2.460 2.449 2.435
2.906 2.887 2.862 2.831 2.798 2.762 2.725 2.687 2.653 2.611 2.573 2.545 2.515 2.493 2.473 2.452 2.442 2.425 2.419 2.410 2.411 2.412 2.410 2.418 2.424 2.443 2.452 2.472 2.493 2.515 2.545 2.573 2.611 2.653 2.688 2.725 2.763 2.798 2.831 2.861 2.889 2.905 2.915 2.920 2.916 2.903 2.885 2.855 2.828 2.801 2.765 2.731 2.697 2.661 2.626 2.599 2.560 2.528 2.498 2.466 2.436 2.404 2.380 2.345 2.325 2.293 2.273 2.244 2.229 2.218 2.204 2.199 2.197 2.199 2.209 2.220 2.239 2.261 2.289 2.316 2.341 2.375 2.398 2.422 2.439 2.452 2.459 2.454 2.454 2.434 2.421
2.866 2.855 2.836 2.810 2.773 2.737 2.688 2.650 2.600 2.561 2.517 2.476 2.436 2.403 2.373 2.350 2.328 2.311 2.298 2.290 2.285 2.286 2.289 2.298 2.311 2.327 2.350 2.373 2.403 2.435 2.476 2.518 2.561 2.600 2.649 2.688 2.738 2.772 2.809 2.835 2.857 2.866 2.869 2.866 2.848 2.827 2.802 2.770 2.733 2.701 2.667 2.630 2.598 2.560 2.529 2.498 2.468 2.436 2.411 2.382 2.352 2.332 2.314 2.290 2.272 2.247 2.233 2.223 2.209 2.204 2.197 2.199 2.202 2.211 2.227 2.248 2.267 2.295 2.317 2.348 2.377 2.401 2.425 2.438 2.454 2.458 2.459 2.452 2.437 2.421 2.406
2.778 2.777 2.766 2.742 2.708 2.674 2.634 2.594 2.540 2.492 2.450 2.409 2.362 2.322 2.293 2.260 2.234 2.215 2.202 2.188 2.182 2.181 2.188 2.202 2.215 2.234 2.260 2.292 2.323 2.361 2.408 2.450 2.493 2.540 2.594 2.634 2.673 2.708 2.741 2.766 2.778 2.778 2.779 2.764 2.743 2.719 2.689 2.653 2.621 2.591 2.553 2.522 2.489 2.462 2.431 2.403 2.379 2.354 2.336 2.315 2.295 2.274 2.260 2.245 2.234 2.223 2.216 2.208 2.199 2.199 2.205 2.214 2.226 2.237 2.253 2.277 2.301 2.326 2.350 2.377 2.406 2.428 2.438 2.456 2.454 2.455 2.449 2.442 2.426 2.404 2.390
2.674 2.674 2.662 2.651 2.634 2.602 2.561 2.520 2.476 2.429 2.384 2.339 2.300 2.258 2.221 2.190 2.163 2.144 2.128 2.115 2.110 2.108 2.116 2.128 2.143 2.164 2.190 2.221 2.259 2.300 2.339 2.384 2.430 2.476 2.521 2.560 2.602 2.634 2.651 2.663 2.673 2.676 2.663 2.642 2.621 2.593 2.566 2.530 2.505 2.471 2.443 2.416 2.388 2.364 2.340 2.319 2.301 2.283 2.269 2.254 2.243 2.235 2.227 2.217 2.213 2.210 2.207 2.202 2.203 2.214 2.220 2.234 2.248 2.264 2.286 2.313 2.333 2.356 2.381 2.403 2.428 2.440 2.449 2.453 2.453 2.447 2.436 2.424 2.405 2.389 2.374
2.556 2.565 2.568 2.552 2.539 2.519 2.486 2.455 2.414 2.374 2.332 2.289 2.250 2.208 2.176 2.145 2.116 2.094 2.080 2.067 2.062 2.063 2.067 2.081 2.094 2.116 2.146 2.176 2.209 2.248 2.290 2.332 2.375 2.413 2.455 2.486 2.519 2.539 2.552 2.568 2.564 2.556 2.540 2.527 2.503 2.477 2.447 2.420 2.391 2.369 2.346 2.320 2.301 2.282 2.268 2.251 2.236 2.230 2.221 2.217 2.212 2.204 2.204 2.202 2.202 2.206 2.203 2.211 2.219 2.230 2.241 2.262 2.276 2.297 2.315 2.339 2.364 2.388 2.407 2.422 2.440 2.451 2.457 2.456 2.448 2.435 2.423 2.409 2.391 2.374 2.354
2.448 2.457 2.464 2.465 2.456 2.443 2.421 2.392 2.363 2.327 2.287 2.253 2.220 2.179 2.150 2.122 2.098 2.071 2.059 2.042 2.039 2.040 2.042 2.059 2.072 2.097 2.122 2.151 2.179 2.220 2.253 2.286 2.327 2.363 2.392 2.421 2.443 2.457 2.465 2.464 2.458 2.449 2.435 2.414 2.393 2.373 2.348 2.321 2.297 2.278 2.260 2.244 2.229 2.219 2.208 2.201 2.196 2.193 2.190 2.194 2.197 2.195 2.199 2.201 2.209 2.214 2.223 2.233 2.242 2.257 2.277 2.289 2.311 2.331 2.352 2.371 2.392 2.415 2.425 2.442 2.452 2.451 2.452 2.443 2.434 2.420 2.407 2.392 2.371 2.353 2.342
2.358 2.371 2.380 2.385 2.381 2.374 2.361 2.343 2.321 2.292 2.260 2.232 2.200 2.168 2.138 2.116 2.092 2.074 2.057 2.051 2.047 2.046 2.052 2.058 2.074 2.091 2.116 2.138 2.169 2.201 2.232 2.261 2.291 2.320 2.343 2.361 2.374 2.381 2.385 2.380 2.371 2.358 2.341 2.323 2.301 2.280 2.260 2.238 2.220 2.206 2.195 2.186 2.179 2.174 2.172 2.170 2.172 2.178 2.183 2.184 2.194 2.196 2.207 2.210 2.225 2.235 2.247 2.261 2.273 2.291 2.307 2.326 2.347 2.368 2.380 2.403 2.420 2.432 2.442 2.448 2.451 2.445 2.441 2.434 2.421 2.404 2.390 2.372 2.357 2.341 2.331
2.285 2.297 2.310 2.318 2.320 2.324 2.319 2.309 2.290 2.273 2.249 2.227 2.205 2.178 2.155 2.132 2.112 2.091 2.081 2.075 2.070 2.071 2.074 2.081 2.091 2.113 2.132 2.155 2.178 2.204 2.226 2.250 2.273 2.291 2.309 2.320 2.324 2.320 2.317 2.310 2.297 2.286 2.266 2.247 2.235 2.210 2.197 2.183 2.170 2.166 2.157 2.148 2.148 2.151 2.153 2.160 2.165 2.172 2.182 2.190 2.202 2.217 2.226 2.237 2.249 2.268 2.280 2.296 2.307 2.328 2.343 2.357 2.375 2.393 2.407 2.427 2.433 2.445 2.451 2.451 2.449 2.443 2.432 2.418 2.404 2.387 2.374 2.355 2.342 2.325 2.321
2.224 2.244 2.256 2.269 2.274 2.281 2.283 2.284 2.274 2.263 2.249 2.232 2.213 2.195 2.182 2.165 2.145 2.134 2.124 2.116 2.115 2.115 2.115 2.124 2.134 2.145 2.165 2.182 2.195 2.214 2.231 2.249 2.263 2.275 2.284 2.283 2.281 2.273 2.270 2.256 2.244 2.224 2.210 2.194 2.181 2.167 2.154 2.144 2.138 2.134 2.131 2.134 2.142 2.146 2.152 2.161 2.173 2.187 2.202 2.211 2.227 2.242 2.255 2.269 2.284 2.300 2.316 2.332 2.344 2.361 2.377 2.393 2.402 2.417 2.428 2.438 2.445 2.446 2.448 2.442 2.433 2.428 2.414 2.401 2.386 2.372 2.355 2.341 2.331 2.319 2.312
