# iterations	 errorinentropy	 maxerror	(generated with python figs/yaml-multi-comparison.py /home/jordan/weniger-cp-data/ /home/jordan/deft/papers/histogram/data/samc-1e5-256-reference-lndos.dat s000/periodic-ww1.50-ff0.17-N256 256 915 509 true 8 sad-256 wl-256 wl-inv-t-256 samc-1e3-256 samc-1e4-256 samc-1e5-256 samc-1e6-256
0.003906	74.19	274.6
0.007812	74.19	274.6
0.01172	74.19	274.6
0.01562	74.19	274.6
0.02344	74.19	274.6
0.02734	74.19	274.6
0.03906	74.19	274.6
0.05078	74.19	274.6
0.07031	74.19	274.6
0.09375	74.19	274.6
0.125	74.19	274.6
0.1641	74.19	274.6
0.2188	74.19	274.6
0.293	74.19	274.6
0.3906	74.19	274.6
0.5195	74.19	274.6
0.6953	74.19	274.6
0.9258	74.19	274.6
1.234	74.19	274.6
1.648	74.11	274.6
2.195	74.08	274.6
2.93	73.92	274.6
3.906	73.55	274.6
5.211	72.95	274.6
6.945	72.03	274.6
9.262	70.33	274.6
12.35	68.68	274.6
16.47	66.53	274.6
21.96	63.09	274.6
29.29	58.9	274.6
39.06	54.3	274.6
52.09	54.39	274.6
69.46	49.38	274.6
92.63	46.98	231.2
123.5	46.29	231.2
164.7	52.81	231.2
219.7	54.49	231.2
292.9	54.49	231.2
390.6	54.58	231.2
520.9	48.81	220.6
694.6	38.44	192.7
926.3	48.02	192.7
1235	54.12	235.5
1647	58.97	241.8
2197	35.82	189.2
2929	64.63	230
3906	70.18	263.4
5209	82.73	299.5
6946	95.72	304.2
9263	105.2	324.5
1.235e+04	113.4	350.8
1.647e+04	118.6	356.2
2.197e+04	28.88	131.2
2.929e+04	17.19	87.86
3.906e+04	24.86	93.36
5.209e+04	5.91	36.46
6.946e+04	9.962	46.75
9.263e+04	6.423	19.73
1.235e+05	6.463	21.75
1.647e+05	3.138	10.63
2.197e+05	1.058	5.693
2.929e+05	1.383	5.754
3.906e+05	3.055	11.85
5.209e+05	2.242	8.983
6.946e+05	0.4628	2.571
9.263e+05	0.9083	5.22
1.235e+06	0.5196	2.412
1.647e+06	0.4409	4.58
2.197e+06	0.2545	3.03
2.929e+06	0.4177	1.246
3.906e+06	0.1701	0.6373
5.209e+06	0.08714	0.4369
6.946e+06	0.1016	0.6149
9.263e+06	0.09335	0.3568
1.235e+07	0.0466	0.3574
1.647e+07	0.0365	0.1629
2.197e+07	0.02689	0.1312
2.929e+07	0.03144	0.1961
3.906e+07	0.05831	0.2301
5.209e+07	0.0739	0.2651
6.946e+07	0.04573	0.1947
9.263e+07	0.0345	0.1764
1.235e+08	0.01693	0.1043
1.647e+08	0.01806	0.1165
2.197e+08	0.02354	0.1228
2.929e+08	0.02389	0.1274
3.906e+08	0.02088	0.1173
5.209e+08	0.01206	0.07583
6.946e+08	0.009913	0.07041
9.263e+08	0.009524	0.07174
1.235e+09	0.01076	0.07928
1.647e+09	0.009736	0.07503
2.197e+09	0.009176	0.07109
2.929e+09	0.01108	0.07203
3.906e+09	0.008994	0.06233
