# version: 0.0.0-750-g75c74d5-dirty
# well_width: 1.3
# ff: 0.1142914141884913
# N: 320
# walls: 0
# cell dimensions: (22.72, 22.72, 22.72)
# seed: 0
# de_g: 0.05
# de_density: 0.1
# translation_scale: 0.1
# neighbor_scale: 2
# energy_levels: 2881
# min_T: 0.5

# pessimmistic_min_samples: 10000
# iterations: 10607858378
# working moves: 2068571970350
# total moves: 3394514680960
# acceptance rate: 0.609387
# converged state: 1523
# converged temperature: 0.413777

# max_entropy_state: 215
# min_important_energy: 1426

# energy   counts
0  0
1  0
2  0
3  0
4  0
5  0
6  0
7  0
8  0
9  0
10  0
11  0
12  0
13  0
14  0
15  0
16  0
17  0
18  0
19  0
20  0
21  0
22  0
23  0
24  0
25  0
26  0
27  0
28  0
29  0
30  0
31  0
32  0
33  0
34  0
35  0
36  0
37  0
38  0
39  0
40  0
41  0
42  0
43  0
44  0
45  0
46  0
47  0
48  0
49  0
50  0
51  0
52  0
53  0
54  0
55  0
56  0
57  0
58  0
59  0
60  0
61  0
62  0
63  0
64  0
65  0
66  0
67  0
68  0
69  0
70  0
71  0
72  0
73  0
74  0
75  0
76  0
77  0
78  0
79  0
80  0
81  0
82  0
83  0
84  0
85  0
86  0
87  0
88  0
89  0
90  0
91  0
92  0
93  0
94  0
95  0
96  0
97  0
98  0
99  0
100  0
101  0
102  0
103  0
104  0
105  0
106  0
107  0
108  0
109  0
110  0
111  0
112  0
113  0
114  0
115  0
116  0
117  0
118  0
119  0
120  0
121  0
122  0
123  0
124  0
125  0
126  0
127  0
128  0
129  0
130  0
131  0
132  0
133  0
134  0
135  0
136  0
137  0
138  0
139  0
140  0
141  0
142  0
143  0
144  0
145  0
146  0
147  0
148  0
149  0
150  1.42139
151  2.34729
152  2.89037
153  3.77
154  4.5355
155  4.97058
156  5.56519
157  6.18736
158  6.58767
159  7.10043
160  7.56339
161  8.03617
162  8.54169
163  8.97787
164  9.41439
165  9.82799
166  10.234
167  10.6536
168  11.0219
169  11.4242
170  11.8064
171  12.1778
172  12.536
173  12.8801
174  13.2217
175  13.555
176  13.8781
177  14.1906
178  14.4965
179  14.7922
180  15.0804
181  15.3592
182  15.6291
183  15.8904
184  16.1441
185  16.3868
186  16.6216
187  16.8485
188  17.0665
189  17.2766
190  17.4776
191  17.6706
192  17.8548
193  18.0306
194  18.1982
195  18.3579
196  18.5092
197  18.6527
198  18.7878
199  18.915
200  19.034
201  19.1449
202  19.2478
203  19.3428
204  19.4301
205  19.5092
206  19.5806
207  19.6442
208  19.7001
209  19.7483
210  19.7886
211  19.8214
212  19.8464
213  19.8637
214  19.8736
215  19.876
216  19.8707
217  19.8582
218  19.8381
219  19.8106
220  19.7756
221  19.7336
222  19.6843
223  19.6274
224  19.5633
225  19.4922
226  19.4136
227  19.3279
228  19.2352
229  19.1353
230  19.0286
231  18.9148
232  18.7938
233  18.6659
234  18.5311
235  18.3893
236  18.2408
237  18.0855
238  17.9233
239  17.7541
240  17.5785
241  17.3959
242  17.2067
243  17.0108
244  16.8084
245  16.5993
246  16.3838
247  16.1616
248  15.933
249  15.6979
250  15.4563
251  15.2082
252  14.9537
253  14.6928
254  14.4258
255  14.1524
256  13.8726
257  13.5865
258  13.2942
259  12.9958
260  12.6913
261  12.3805
262  12.0637
263  11.7408
264  11.4121
265  11.077
266  10.736
267  10.3889
268  10.036
269  9.67724
270  9.3125
271  8.94178
272  8.5654
273  8.18301
274  7.79491
275  7.40119
276  7.00165
277  6.59629
278  6.18544
279  5.7688
280  5.34662
281  4.91874
282  4.48534
283  4.0463
284  3.60178
285  3.15174
286  2.69621
287  2.23539
288  1.76908
289  1.29728
290  0.820334
291  0.337825
292  -0.150129
293  -0.64319
294  -1.14155
295  -1.64504
296  -2.15362
297  -2.6676
298  -3.18678
299  -3.71123
300  -4.24062
301  -4.77515
302  -5.31455
303  -5.85923
304  -6.40894
305  -6.96353
306  -7.52295
307  -8.08752
308  -8.65694
309  -9.23122
310  -9.81049
311  -10.3946
312  -10.9834
313  -11.5772
314  -12.1757
315  -12.779
316  -13.387
317  -13.9998
318  -14.6172
319  -15.2393
320  -15.8661
321  -16.4975
322  -17.1335
323  -17.774
324  -18.4192
325  -19.0689
326  -19.7231
327  -20.3818
328  -21.045
329  -21.7125
330  -22.3844
331  -23.0608
332  -23.7416
333  -24.4265
334  -25.1158
335  -25.8094
336  -26.5073
337  -27.2094
338  -27.9158
339  -28.6262
340  -29.3409
341  -30.0599
342  -30.7832
343  -31.5103
344  -32.2416
345  -32.9771
346  -33.7168
347  -34.4603
348  -35.2077
349  -35.9592
350  -36.7144
351  -37.4737
352  -38.2369
353  -39.004
354  -39.7752
355  -40.5503
356  -41.329
357  -42.1115
358  -42.8981
359  -43.6883
360  -44.4823
361  -45.2798
362  -46.0811
363  -46.886
364  -47.6947
365  -48.5069
366  -49.3227
367  -50.1423
368  -50.9656
369  -51.7924
370  -52.6227
371  -53.4563
372  -54.2938
373  -55.1345
374  -55.9787
375  -56.8263
376  -57.6772
377  -58.5316
378  -59.3895
379  -60.2507
380  -61.1152
381  -61.9832
382  -62.8543
383  -63.7287
384  -64.6064
385  -65.4874
386  -66.3716
387  -67.2591
388  -68.1499
389  -69.0435
390  -69.9405
391  -70.8406
392  -71.7438
393  -72.6501
394  -73.5594
395  -74.4719
396  -75.3872
397  -76.3058
398  -77.2274
399  -78.1519
400  -79.0796
401  -80.01
402  -80.9432
403  -81.8795
404  -82.8185
405  -83.7606
406  -84.7054
407  -85.6532
408  -86.6039
409  -87.5574
410  -88.5136
411  -89.4728
412  -90.4347
413  -91.3992
414  -92.3663
415  -93.3362
416  -94.3088
417  -95.284
418  -96.2619
419  -97.2425
420  -98.2257
421  -99.2115
422  -100.2
423  -101.191
424  -102.184
425  -103.18
426  -104.179
427  -105.18
428  -106.183
429  -107.189
430  -108.198
431  -109.209
432  -110.222
433  -111.238
434  -112.256
435  -113.277
436  -114.3
437  -115.325
438  -116.353
439  -117.383
440  -118.415
441  -119.45
442  -120.487
443  -121.526
444  -122.567
445  -123.611
446  -124.657
447  -125.705
448  -126.755
449  -127.808
450  -128.862
451  -129.919
452  -130.977
453  -132.038
454  -133.101
455  -134.166
456  -135.233
457  -136.302
458  -137.373
459  -138.446
460  -139.521
461  -140.598
462  -141.677
463  -142.759
464  -143.842
465  -144.927
466  -146.013
467  -147.102
468  -148.193
469  -149.285
470  -150.38
471  -151.476
472  -152.574
473  -153.674
474  -154.776
475  -155.879
476  -156.985
477  -158.092
478  -159.201
479  -160.312
480  -161.424
481  -162.538
482  -163.654
483  -164.771
484  -165.891
485  -167.011
486  -168.134
487  -169.259
488  -170.385
489  -171.512
490  -172.641
491  -173.772
492  -174.905
493  -176.039
494  -177.174
495  -178.311
496  -179.45
497  -180.591
498  -181.733
499  -182.876
500  -184.021
501  -185.167
502  -186.315
503  -187.465
504  -188.615
505  -189.767
506  -190.921
507  -192.076
508  -193.233
509  -194.391
510  -195.55
511  -196.711
512  -197.873
513  -199.036
514  -200.201
515  -201.368
516  -202.535
517  -203.704
518  -204.874
519  -206.045
520  -207.218
521  -208.392
522  -209.567
523  -210.744
524  -211.921
525  -213.1
526  -214.281
527  -215.462
528  -216.645
529  -217.829
530  -219.014
531  -220.2
532  -221.387
533  -222.576
534  -223.766
535  -224.957
536  -226.149
537  -227.342
538  -228.536
539  -229.732
540  -230.928
541  -232.126
542  -233.324
543  -234.524
544  -235.725
545  -236.926
546  -238.129
547  -239.333
548  -240.538
549  -241.744
550  -242.95
551  -244.158
552  -245.367
553  -246.577
554  -247.787
555  -248.999
556  -250.212
557  -251.426
558  -252.64
559  -253.856
560  -255.072
561  -256.29
562  -257.508
563  -258.727
564  -259.948
565  -261.169
566  -262.391
567  -263.614
568  -264.838
569  -266.062
570  -267.287
571  -268.514
572  -269.741
573  -270.969
574  -272.198
575  -273.428
576  -274.658
577  -275.889
578  -277.121
579  -278.354
580  -279.588
581  -280.822
582  -282.057
583  -283.294
584  -284.531
585  -285.768
586  -287.007
587  -288.246
588  -289.486
589  -290.726
590  -291.968
591  -293.21
592  -294.453
593  -295.697
594  -296.942
595  -298.187
596  -299.433
597  -300.679
598  -301.926
599  -303.175
600  -304.423
601  -305.672
602  -306.922
603  -308.173
604  -309.424
605  -310.676
606  -311.929
607  -313.182
608  -314.436
609  -315.691
610  -316.946
611  -318.202
612  -319.459
613  -320.716
614  -321.974
615  -323.232
616  -324.491
617  -325.751
618  -327.011
619  -328.272
620  -329.534
621  -330.796
622  -332.059
623  -333.322
624  -334.586
625  -335.851
626  -337.116
627  -338.382
628  -339.648
629  -340.915
630  -342.182
631  -343.45
632  -344.719
633  -345.988
634  -347.258
635  -348.528
636  -349.799
637  -351.07
638  -352.342
639  -353.615
640  -354.887
641  -356.161
642  -357.435
643  -358.71
644  -359.985
645  -361.261
646  -362.537
647  -363.814
648  -365.091
649  -366.369
650  -367.647
651  -368.926
652  -370.205
653  -371.484
654  -372.765
655  -374.045
656  -375.327
657  -376.609
658  -377.891
659  -379.174
660  -380.457
661  -381.741
662  -383.026
663  -384.31
664  -385.596
665  -386.882
666  -388.168
667  -389.455
668  -390.742
669  -392.03
670  -393.318
671  -394.607
672  -395.896
673  -397.186
674  -398.476
675  -399.767
676  -401.058
677  -402.35
678  -403.642
679  -404.935
680  -406.228
681  -407.522
682  -408.816
683  -410.111
684  -411.406
685  -412.701
686  -413.997
687  -415.294
688  -416.591
689  -417.888
690  -419.186
691  -420.484
692  -421.783
693  -423.082
694  -424.382
695  -425.683
696  -426.983
697  -428.285
698  -429.586
699  -430.889
700  -432.191
701  -433.494
702  -434.798
703  -436.101
704  -437.406
705  -438.711
706  -440.016
707  -441.322
708  -442.629
709  -443.936
710  -445.243
711  -446.55
712  -447.859
713  -449.167
714  -450.476
715  -451.786
716  -453.096
717  -454.406
718  -455.717
719  -457.029
720  -458.34
721  -459.652
722  -460.965
723  -462.278
724  -463.592
725  -464.906
726  -466.221
727  -467.536
728  -468.851
729  -470.167
730  -471.484
731  -472.801
732  -474.118
733  -475.436
734  -476.754
735  -478.073
736  -479.393
737  -480.713
738  -482.033
739  -483.353
740  -484.674
741  -485.996
742  -487.318
743  -488.64
744  -489.963
745  -491.287
746  -492.611
747  -493.935
748  -495.26
749  -496.585
750  -497.911
751  -499.238
752  -500.564
753  -501.892
754  -503.219
755  -504.548
756  -505.876
757  -507.205
758  -508.535
759  -509.865
760  -511.195
761  -512.526
762  -513.857
763  -515.189
764  -516.522
765  -517.854
766  -519.188
767  -520.521
768  -521.856
769  -523.19
770  -524.525
771  -525.861
772  -527.197
773  -528.534
774  -529.871
775  -531.208
776  -532.547
777  -533.885
778  -535.224
779  -536.563
780  -537.903
781  -539.244
782  -540.585
783  -541.926
784  -543.268
785  -544.61
786  -545.953
787  -547.296
788  -548.64
789  -549.984
790  -551.329
791  -552.674
792  -554.02
793  -555.366
794  -556.712
795  -558.06
796  -559.407
797  -560.756
798  -562.104
799  -563.453
800  -564.803
801  -566.153
802  -567.504
803  -568.855
804  -570.206
805  -571.558
806  -572.91
807  -574.263
808  -575.617
809  -576.971
810  -578.325
811  -579.68
812  -581.035
813  -582.39
814  -583.747
815  -585.103
816  -586.46
817  -587.818
818  -589.176
819  -590.534
820  -591.893
821  -593.253
822  -594.613
823  -595.973
824  -597.334
825  -598.696
826  -600.057
827  -601.42
828  -602.783
829  -604.147
830  -605.511
831  -606.875
832  -608.24
833  -609.605
834  -610.971
835  -612.337
836  -613.704
837  -615.071
838  -616.439
839  -617.807
840  -619.176
841  -620.546
842  -621.915
843  -623.285
844  -624.656
845  -626.027
846  -627.399
847  -628.771
848  -630.144
849  -631.517
850  -632.89
851  -634.264
852  -635.639
853  -637.013
854  -638.389
855  -639.765
856  -641.142
857  -642.519
858  -643.896
859  -645.274
860  -646.653
861  -648.032
862  -649.412
863  -650.792
864  -652.173
865  -653.554
866  -654.936
867  -656.318
868  -657.701
869  -659.084
870  -660.468
871  -661.852
872  -663.237
873  -664.622
874  -666.008
875  -667.394
876  -668.78
877  -670.168
878  -671.556
879  -672.944
880  -674.333
881  -675.722
882  -677.112
883  -678.503
884  -679.893
885  -681.285
886  -682.677
887  -684.07
888  -685.462
889  -686.856
890  -688.25
891  -689.645
892  -691.04
893  -692.436
894  -693.832
895  -695.229
896  -696.627
897  -698.025
898  -699.423
899  -700.822
900  -702.221
901  -703.621
902  -705.022
903  -706.423
904  -707.825
905  -709.227
906  -710.629
907  -712.033
908  -713.436
909  -714.84
910  -716.245
911  -717.651
912  -719.057
913  -720.463
914  -721.87
915  -723.277
916  -724.686
917  -726.094
918  -727.503
919  -728.913
920  -730.323
921  -731.734
922  -733.145
923  -734.557
924  -735.97
925  -737.383
926  -738.797
927  -740.211
928  -741.625
929  -743.041
930  -744.456
931  -745.872
932  -747.289
933  -748.707
934  -750.124
935  -751.543
936  -752.962
937  -754.382
938  -755.802
939  -757.223
940  -758.644
941  -760.066
942  -761.488
943  -762.911
944  -764.335
945  -765.759
946  -767.184
947  -768.609
948  -770.035
949  -771.461
950  -772.889
951  -774.316
952  -775.745
953  -777.173
954  -778.603
955  -780.033
956  -781.464
957  -782.895
958  -784.327
959  -785.759
960  -787.192
961  -788.625
962  -790.059
963  -791.494
964  -792.93
965  -794.366
966  -795.802
967  -797.24
968  -798.677
969  -800.116
970  -801.555
971  -802.994
972  -804.435
973  -805.875
974  -807.317
975  -808.759
976  -810.202
977  -811.645
978  -813.089
979  -814.533
980  -815.978
981  -817.424
982  -818.87
983  -820.317
984  -821.765
985  -823.213
986  -824.662
987  -826.111
988  -827.561
989  -829.012
990  -830.463
991  -831.915
992  -833.367
993  -834.82
994  -836.274
995  -837.729
996  -839.183
997  -840.639
998  -842.096
999  -843.552
1000  -845.01
1001  -846.468
1002  -847.927
1003  -849.387
1004  -850.847
1005  -852.308
1006  -853.769
1007  -855.232
1008  -856.695
1009  -858.158
1010  -859.622
1011  -861.087
1012  -862.553
1013  -864.019
1014  -865.486
1015  -866.953
1016  -868.422
1017  -869.89
1018  -871.359
1019  -872.83
1020  -874.301
1021  -875.772
1022  -877.244
1023  -878.717
1024  -880.191
1025  -881.665
1026  -883.14
1027  -884.615
1028  -886.092
1029  -887.569
1030  -889.047
1031  -890.525
1032  -892.004
1033  -893.484
1034  -894.964
1035  -896.445
1036  -897.927
1037  -899.41
1038  -900.893
1039  -902.377
1040  -903.862
1041  -905.347
1042  -906.833
1043  -908.32
1044  -909.807
1045  -911.295
1046  -912.784
1047  -914.274
1048  -915.765
1049  -917.256
1050  -918.747
1051  -920.24
1052  -921.733
1053  -923.227
1054  -924.721
1055  -926.217
1056  -927.713
1057  -929.209
1058  -930.707
1059  -932.205
1060  -933.704
1061  -935.203
1062  -936.704
1063  -938.205
1064  -939.707
1065  -941.209
1066  -942.713
1067  -944.217
1068  -945.722
1069  -947.227
1070  -948.733
1071  -950.24
1072  -951.748
1073  -953.257
1074  -954.766
1075  -956.277
1076  -957.787
1077  -959.299
1078  -960.812
1079  -962.325
1080  -963.839
1081  -965.354
1082  -966.87
1083  -968.386
1084  -969.903
1085  -971.421
1086  -972.94
1087  -974.459
1088  -975.979
1089  -977.5
1090  -979.022
1091  -980.545
1092  -982.068
1093  -983.592
1094  -985.117
1095  -986.643
1096  -988.169
1097  -989.697
1098  -991.225
1099  -992.754
1100  -994.284
1101  -995.814
1102  -997.346
1103  -998.878
1104  -1000.41
1105  -1001.94
1106  -1003.48
1107  -1005.01
1108  -1006.55
1109  -1008.09
1110  -1009.63
1111  -1011.17
1112  -1012.71
1113  -1014.25
1114  -1015.79
1115  -1017.33
1116  -1018.87
1117  -1020.42
1118  -1021.96
1119  -1023.51
1120  -1025.05
1121  -1026.6
1122  -1028.15
1123  -1029.7
1124  -1031.25
1125  -1032.8
1126  -1034.35
1127  -1035.9
1128  -1037.46
1129  -1039.01
1130  -1040.57
1131  -1042.12
1132  -1043.68
1133  -1045.24
1134  -1046.8
1135  -1048.36
1136  -1049.92
1137  -1051.48
1138  -1053.04
1139  -1054.6
1140  -1056.17
1141  -1057.73
1142  -1059.3
1143  -1060.86
1144  -1062.43
1145  -1064
1146  -1065.57
1147  -1067.14
1148  -1068.71
1149  -1070.28
1150  -1071.86
1151  -1073.43
1152  -1075.01
1153  -1076.58
1154  -1078.16
1155  -1079.74
1156  -1081.31
1157  -1082.89
1158  -1084.47
1159  -1086.06
1160  -1087.64
1161  -1089.22
1162  -1090.81
1163  -1092.39
1164  -1093.98
1165  -1095.57
1166  -1097.16
1167  -1098.74
1168  -1100.33
1169  -1101.93
1170  -1103.52
1171  -1105.11
1172  -1106.71
1173  -1108.3
1174  -1109.9
1175  -1111.49
1176  -1113.09
1177  -1114.69
1178  -1116.29
1179  -1117.89
1180  -1119.5
1181  -1121.1
1182  -1122.7
1183  -1124.31
1184  -1125.92
1185  -1127.52
1186  -1129.13
1187  -1130.74
1188  -1132.35
1189  -1133.96
1190  -1135.57
1191  -1137.19
1192  -1138.8
1193  -1140.42
1194  -1142.04
1195  -1143.65
1196  -1145.27
1197  -1146.89
1198  -1148.51
1199  -1150.14
1200  -1151.76
1201  -1153.38
1202  -1155.01
1203  -1156.63
1204  -1158.26
1205  -1159.89
1206  -1161.52
1207  -1163.15
1208  -1164.78
1209  -1166.42
1210  -1168.05
1211  -1169.68
1212  -1171.32
1213  -1172.96
1214  -1174.6
1215  -1176.24
1216  -1177.88
1217  -1179.52
1218  -1181.16
1219  -1182.81
1220  -1184.45
1221  -1186.1
1222  -1187.74
1223  -1189.39
1224  -1191.04
1225  -1192.69
1226  -1194.35
1227  -1196
1228  -1197.65
1229  -1199.31
1230  -1200.97
1231  -1202.62
1232  -1204.28
1233  -1205.94
1234  -1207.6
1235  -1209.27
1236  -1210.93
1237  -1212.6
1238  -1214.26
1239  -1215.93
1240  -1217.6
1241  -1219.27
1242  -1220.94
1243  -1222.61
1244  -1224.29
1245  -1225.96
1246  -1227.64
1247  -1229.31
1248  -1230.99
1249  -1232.67
1250  -1234.35
1251  -1236.04
1252  -1237.72
1253  -1239.4
1254  -1241.09
1255  -1242.78
1256  -1244.47
1257  -1246.16
1258  -1247.85
1259  -1249.54
1260  -1251.24
1261  -1252.93
1262  -1254.63
1263  -1256.32
1264  -1258.02
1265  -1259.72
1266  -1261.43
1267  -1263.13
1268  -1264.83
1269  -1266.54
1270  -1268.25
1271  -1269.96
1272  -1271.67
1273  -1273.38
1274  -1275.09
1275  -1276.8
1276  -1278.52
1277  -1280.23
1278  -1281.95
1279  -1283.67
1280  -1285.39
1281  -1287.12
1282  -1288.84
1283  -1290.57
1284  -1292.29
1285  -1294.02
1286  -1295.75
1287  -1297.48
1288  -1299.21
1289  -1300.95
1290  -1302.68
1291  -1304.42
1292  -1306.16
1293  -1307.9
1294  -1309.64
1295  -1311.38
1296  -1313.13
1297  -1314.87
1298  -1316.62
1299  -1318.37
1300  -1320.12
1301  -1321.87
1302  -1323.62
1303  -1325.38
1304  -1327.13
1305  -1328.89
1306  -1330.65
1307  -1332.41
1308  -1334.17
1309  -1335.94
1310  -1337.7
1311  -1339.47
1312  -1341.24
1313  -1343.01
1314  -1344.78
1315  -1346.55
1316  -1348.33
1317  -1350.1
1318  -1351.88
1319  -1353.66
1320  -1355.44
1321  -1357.23
1322  -1359.01
1323  -1360.8
1324  -1362.59
1325  -1364.37
1326  -1366.17
1327  -1367.96
1328  -1369.75
1329  -1371.55
1330  -1373.35
1331  -1375.15
1332  -1376.95
1333  -1378.75
1334  -1380.55
1335  -1382.36
1336  -1384.17
1337  -1385.98
1338  -1387.79
1339  -1389.6
1340  -1391.42
1341  -1393.23
1342  -1395.05
1343  -1396.87
1344  -1398.7
1345  -1400.52
1346  -1402.34
1347  -1404.17
1348  -1406
1349  -1407.83
1350  -1409.66
1351  -1411.5
1352  -1413.34
1353  -1415.17
1354  -1417.02
1355  -1418.86
1356  -1420.7
1357  -1422.55
1358  -1424.4
1359  -1426.25
1360  -1428.1
1361  -1429.95
1362  -1431.81
1363  -1433.66
1364  -1435.52
1365  -1437.38
1366  -1439.25
1367  -1441.11
1368  -1442.98
1369  -1444.85
1370  -1446.72
1371  -1448.59
1372  -1450.47
1373  -1452.35
1374  -1454.23
1375  -1456.11
1376  -1457.99
1377  -1459.88
1378  -1461.77
1379  -1463.66
1380  -1465.55
1381  -1467.44
1382  -1469.34
1383  -1471.24
1384  -1473.14
1385  -1475.04
1386  -1476.94
1387  -1478.85
1388  -1480.76
1389  -1482.67
1390  -1484.58
1391  -1486.5
1392  -1488.42
1393  -1490.34
1394  -1492.26
1395  -1494.18
1396  -1496.11
1397  -1498.04
1398  -1499.97
1399  -1501.9
1400  -1503.84
1401  -1505.77
1402  -1507.71
1403  -1509.66
1404  -1511.6
1405  -1513.55
1406  -1515.5
1407  -1517.45
1408  -1519.4
1409  -1521.36
1410  -1523.32
1411  -1525.28
1412  -1527.24
1413  -1529.21
1414  -1531.18
1415  -1533.15
1416  -1535.12
1417  -1537.09
1418  -1539.07
1419  -1541.05
1420  -1543.04
1421  -1545.02
1422  -1547.01
1423  -1549
1424  -1550.99
1425  -1552.99
1426  -1554.99
1427  -1556.99
1428  -1558.99
1429  -1561
1430  -1563.01
1431  -1565.02
1432  -1567.03
1433  -1569.05
1434  -1571.07
1435  -1573.09
1436  -1575.12
1437  -1577.14
1438  -1579.17
1439  -1581.21
1440  -1583.24
1441  -1585.28
1442  -1587.32
1443  -1589.37
1444  -1591.41
1445  -1593.46
1446  -1595.52
1447  -1597.57
1448  -1599.63
1449  -1601.69
1450  -1603.76
1451  -1605.82
1452  -1607.89
1453  -1609.96
1454  -1612.04
1455  -1614.12
1456  -1616.2
1457  -1618.29
1458  -1620.37
1459  -1622.47
1460  -1624.56
1461  -1626.66
1462  -1628.76
1463  -1630.86
1464  -1632.96
1465  -1635.07
1466  -1637.18
1467  -1639.3
1468  -1641.42
1469  -1643.54
1470  -1645.66
1471  -1647.78
1472  -1649.92
1473  -1652.05
1474  -1654.19
1475  -1656.33
1476  -1658.48
1477  -1660.63
1478  -1662.78
1479  -1664.94
1480  -1667.1
1481  -1669.26
1482  -1671.43
1483  -1673.59
1484  -1675.75
1485  -1677.93
1486  -1680.11
1487  -1682.29
1488  -1684.47
1489  -1686.67
1490  -1688.86
1491  -1691.06
1492  -1693.25
1493  -1695.46
1494  -1697.67
1495  -1699.88
1496  -1702.09
1497  -1704.31
1498  -1706.52
1499  -1708.74
1500  -1710.96
1501  -1713.2
1502  -1715.44
1503  -1717.67
1504  -1719.91
1505  -1722.13
1506  -1724.41
1507  -1726.67
1508  -1728.96
1509  -1731.21
1510  -1733.54
1511  -1735.87
1512  -1738.15
1513  -1740.57
1514  -1742.8
1515  -1744.97
1516  -1747.09
1517  -1749.4
1518  -1751.73
1519  -1754.3
1520  -1756.41
1521  -1758.84
1522  -1760.92
1523  -1763.33
