# iterations	 errorinentropy	 maxerror	(generated with python figs/yaml-multi-comparison.py /home/jordan/ising-cp-data/ /home/jordan/deft/papers/histogram/data/ising-32-reference-lndos.dat ising/N32 32 2040 48 true 8 ising-sad-32 ising-samc-1e5-32 ising-samc-1e6-32 ising-samc-1e7-32 ising-wl-32 ising-wl-inv-t-32
0.03125	182.1	698.3
0.0625	182.1	698.3
0.09375	182.1	698.3
0.125	182.1	698.3
0.1875	182.1	698.3
0.2188	182.1	698.3
0.3125	182.1	698.3
0.4062	182.1	698.3
0.5625	182.1	698.3
0.75	182.1	698.3
1	182.1	698.3
1.312	182.1	698.3
1.75	182.1	698.3
2.344	182.1	698.3
3.125	182.1	698.3
4.156	182.1	698.3
5.562	182.1	698.3
7.406	182.1	698.3
9.875	182.1	698.3
13.19	182.1	698.3
17.56	182.1	698.3
23.44	182.1	698.3
31.25	182.1	698.3
41.69	182	697.8
55.56	181.3	693.8
74.09	180.6	692.9
98.81	179.1	686.7
131.8	177.2	679.4
175.7	174.7	676
234.3	174.7	676
312.5	174.5	676
416.7	169.3	657
555.7	166.8	657
741.1	164.6	657
988.2	155.2	634.8
1318	148.7	619.1
1757	143.1	619.1
2343	130.5	619.1
3125	131.8	596.4
4167	125.6	575
5557	136	559.9
7411	146	573.7
9882	200.5	797.3
1.318e+04	239.7	906.7
1.757e+04	335.3	1113
2.343e+04	448.4	1404
3.125e+04	587.4	1764
4.167e+04	634	1886
5.557e+04	544.7	1927
7.411e+04	449.3	1958
9.882e+04	370.7	2087
1.318e+05	198.2	1187
1.757e+05	245	1468
2.343e+05	150.8	891.4
3.125e+05	80.48	533.7
4.167e+05	55.07	453.7
5.557e+05	57.84	394.4
7.411e+05	53.93	317.3
9.882e+05	35.85	320.4
1.318e+06	18.6	142.1
1.757e+06	23.11	115.5
2.343e+06	16.68	76.17
3.125e+06	7.453	48.11
4.167e+06	8.746	51.84
5.557e+06	6.184	28.82
7.411e+06	1.527	14.16
9.882e+06	4.242	21.41
1.318e+07	3.936	14.03
1.757e+07	3.258	11.16
2.343e+07	1.262	7.67
3.125e+07	0.8121	4
4.167e+07	2.399	10.33
5.557e+07	2.387	8.272
7.411e+07	1.12	4.152
9.882e+07	0.8155	3.713
1.318e+08	0.6509	2.601
1.757e+08	0.8197	3.21
2.343e+08	0.2205	1.204
3.125e+08	0.3856	1.712
4.167e+08	0.4603	1.793
5.557e+08	0.2135	0.854
7.411e+08	0.1643	1.164
9.882e+08	0.1157	0.716
1.318e+09	0.1208	0.4616
1.757e+09	0.3581	1.127
2.343e+09	0.05898	0.6171
3.125e+09	0.08968	0.3514
4.167e+09	0.1128	0.6172
5.557e+09	0.09597	0.5055
7.411e+09	0.04193	0.2161
9.882e+09	0.04372	0.2221
1.318e+10	0.03186	0.2054
1.757e+10	0.0587	0.2109
2.343e+10	0.04125	0.1548
3.125e+10	0.01926	0.1145
4.167e+10	0.08532	0.3002
5.557e+10	0.01203	0.07374
7.411e+10	0.025	0.1332
9.882e+10	0.008324	0.04547
1.318e+11	0.03561	0.1157
1.757e+11	0.02617	0.07482
2.343e+11	0.0288	0.08813
3.125e+11	0.005759	0.03819
4.167e+11	0.01475	0.0598
