# iterations	 errorinentropy	 maxerror	(generated with python figs/comparison.py 509 data/samc-1e5-reference-lndos.dat s000/periodic-ww1.50-ff0.17-N256
1.844e+04	667.7	2477
2.536e+04	436	1657
3.688e+04	154.1	775.1
4.38e+04	125	424.4
5.993e+04	77.43	273.2
7.146e+04	19.62	105.4
7.376e+04	39.83	173.5
9.22e+04	26.97	93.81
1.014e+05	5.656	21.02
1.314e+05	17.44	53.51
1.406e+05	5.434	31.23
1.706e+05	11.93	41.74
2.005e+05	2.794	11.7
2.351e+05	7.412	35.01
2.72e+05	4.482	15.68
2.789e+05	2.787	11.82
3.688e+05	2.969	9.605
3.734e+05	3.474	11.17
4.31e+05	2.667	9.24
4.887e+05	1.309	7.392
6.2e+05	1.442	4.795
6.777e+05	0.9469	6.383
7.699e+05	0.7077	4.53
8.459e+05	0.6342	2.531
9.381e+05	1.034	3.57
1.113e+06	0.2357	1.24
1.125e+06	0.1976	1.24
1.318e+06	0.1841	0.9522
1.537e+06	0.8425	3.377
1.715e+06	0.1737	0.7971
1.784e+06	0.282	1.122
2.038e+06	0.3056	1.353
2.312e+06	0.2557	1.137
2.39e+06	0.2034	1.213
2.605e+06	0.1151	0.8239
2.914e+06	0.2258	0.9667
3.241e+06	0.4713	1.588
3.589e+06	0.601	1.601
3.948e+06	0.2732	1.181
4.324e+06	0.3604	1.166
4.566e+06	0.15	0.6956
4.725e+06	0.09427	0.4451
5.115e+06	0.1446	0.7254
5.534e+06	0.3466	1.11
5.97e+06	0.09348	0.5176
5.988e+06	0.09544	0.5479
6.44e+06	0.1364	0.5478
6.811e+06	0.09301	0.4574
6.915e+06	0.1115	0.4846
7.415e+06	0.05318	0.2945
7.943e+06	0.05456	0.2544
8.471e+06	0.05135	0.1987
9.029e+06	0.04643	0.2393
9.6e+06	0.05117	0.2571
9.909e+06	0.05339	0.2702
1.017e+07	0.05104	0.2348
1.075e+07	0.04264	0.213
1.138e+07	0.04159	0.2266
1.165e+07	0.04374	0.2453
1.202e+07	0.04486	0.2506
1.253e+07	0.04412	0.2344
1.268e+07	0.04375	0.2339
1.335e+07	0.03895	0.2147
1.402e+07	0.03859	0.2129
1.473e+07	0.03643	0.1986
1.545e+07	0.03791	0.2135
1.557e+07	0.03847	0.2149
1.619e+07	0.03861	0.215
1.695e+07	0.0395	0.2184
1.774e+07	0.03914	0.2135
1.852e+07	0.03911	0.2128
1.934e+07	0.04014	0.2209
2.017e+07	0.03921	0.215
2.102e+07	0.04062	0.2195
2.189e+07	0.03954	0.2125
2.277e+07	0.04174	0.22
2.368e+07	0.04377	0.2234
2.461e+07	0.04479	0.225
2.555e+07	0.03961	0.2087
2.648e+07	0.04276	0.2107
2.746e+07	0.04448	0.2109
2.846e+07	0.04308	0.2044
2.946e+07	0.04558	0.2159
3.047e+07	0.04272	0.2017
3.15e+07	0.04394	0.207
3.254e+07	0.0438	0.2027
3.36e+07	0.0422	0.192
3.468e+07	0.04243	0.1904
3.525e+07	0.04002	0.1803
3.578e+07	0.04054	0.1829
3.688e+07	0.04085	0.1812
3.749e+07	0.04015	0.1795
3.8e+07	0.04067	0.18
3.86e+07	0.04022	0.1785
3.915e+07	0.04007	0.1785
4.019e+07	0.04003	0.1784
4.029e+07	0.04005	0.1785
4.146e+07	0.0401	0.1783
4.188e+07	0.03995	0.178
4.266e+07	0.03991	0.178
4.368e+07	0.03989	0.1779
4.385e+07	0.03989	0.1779
4.481e+07	0.03987	0.1778
4.507e+07	0.03987	0.1779
4.632e+07	0.03988	0.1779
4.76e+07	0.03991	0.1779
4.891e+07	0.03992	0.1779
5.008e+07	0.0399	0.1778
5.021e+07	0.0399	0.1778
5.047e+07	0.0399	0.1778
5.137e+07	0.0399	0.1778
5.153e+07	0.0399	0.1778
5.284e+07	0.0399	0.1778
5.421e+07	0.0399	0.1778
5.559e+07	0.0399	0.1778
5.699e+07	0.0399	0.1778
5.842e+07	0.0399	0.1778
5.984e+07	0.0399	0.1778
6.105e+07	0.0399	0.1778
6.128e+07	0.0399	0.1778
6.271e+07	0.0399	0.1778
6.417e+07	0.0399	0.1778
6.545e+07	0.0399	0.1778
6.566e+07	0.0399	0.1778
6.692e+07	0.0399	0.1778
6.717e+07	0.0399	0.1778
6.87e+07	0.0399	0.1778
7.023e+07	0.0399	0.1778
7.176e+07	0.0399	0.1778
7.335e+07	0.03989	0.1778
7.495e+07	0.03989	0.1778
7.548e+07	0.03989	0.1778
7.656e+07	0.03989	0.1778
7.772e+07	0.03989	0.1778
7.821e+07	0.03989	0.1778
7.982e+07	0.03989	0.1778
8.144e+07	0.03989	0.1778
8.302e+07	0.03989	0.1778
8.465e+07	0.03989	0.1778
8.634e+07	0.03989	0.1778
8.803e+07	0.03989	0.1778
8.939e+07	0.03989	0.1778
8.976e+07	0.03989	0.1778
9.148e+07	0.03989	0.1778
9.325e+07	0.03989	0.1778
9.395e+07	0.03989	0.1778
9.506e+07	0.03989	0.1778
9.52e+07	0.03989	0.1778
9.661e+07	0.03989	0.1778
9.688e+07	0.03989	0.1778
9.87e+07	0.03989	0.1778
1.005e+08	0.03989	0.1778
1.024e+08	0.03989	0.1778
1.043e+08	0.03989	0.1778
1.049e+08	0.03989	0.1778
1.061e+08	0.03989	0.1778
1.08e+08	0.03989	0.1778
1.099e+08	0.03989	0.1778
1.118e+08	0.03989	0.1778
1.138e+08	0.03989	0.1778
1.158e+08	0.03989	0.1778
1.177e+08	0.03989	0.1778
1.181e+08	0.03989	0.1778
1.197e+08	0.03989	0.1778
1.217e+08	0.03989	0.1778
1.238e+08	0.03989	0.1778
1.259e+08	0.03989	0.1778
1.279e+08	0.03989	0.1778
1.3e+08	0.03989	0.1778
1.316e+08	0.03989	0.1778
1.321e+08	0.03989	0.1778
1.339e+08	0.03989	0.1778
1.342e+08	0.03989	0.1778
1.346e+08	0.03989	0.1778
1.364e+08	0.03989	0.1778
1.386e+08	0.03989	0.1778
1.404e+08	0.03989	0.1778
1.408e+08	0.03989	0.1778
1.416e+08	0.03989	0.1778
1.43e+08	0.03989	0.1778
1.451e+08	0.03989	0.1778
1.474e+08	0.03989	0.1778
1.479e+08	0.03989	0.1778
1.496e+08	0.03989	0.1778
1.519e+08	0.03989	0.1778
1.542e+08	0.03989	0.1778
1.565e+08	0.03989	0.1778
1.589e+08	0.03989	0.1778
1.612e+08	0.03989	0.1778
1.636e+08	0.03989	0.1778
1.659e+08	0.03989	0.1778
1.683e+08	0.03989	0.1778
1.707e+08	0.03989	0.1778
1.731e+08	0.03989	0.1778
1.751e+08	0.03989	0.1778
1.756e+08	0.03989	0.1778
1.78e+08	0.03989	0.1778
1.795e+08	0.03989	0.1778
1.805e+08	0.03989	0.1778
1.829e+08	0.03989	0.1778
1.847e+08	0.03989	0.1778
1.855e+08	0.03989	0.1778
1.873e+08	0.03989	0.1778
1.88e+08	0.03989	0.1778
1.905e+08	0.03989	0.1778
1.908e+08	0.03989	0.1778
1.93e+08	0.03989	0.1778
1.955e+08	0.03989	0.1778
1.956e+08	0.03989	0.1778
1.964e+08	0.03989	0.1778
1.976e+08	0.03989	0.1778
1.981e+08	0.03989	0.1778
1.981e+08	0.03989	0.1778
2.002e+08	0.03989	0.1778
2.007e+08	0.03989	0.1778
2.034e+08	0.03989	0.1778
2.06e+08	0.03989	0.1778
2.087e+08	0.03989	0.1778
2.114e+08	0.03989	0.1778
2.128e+08	0.03989	0.1778
2.141e+08	0.03989	0.1778
2.161e+08	0.03989	0.1778
2.168e+08	0.03989	0.1778
2.195e+08	0.03989	0.1778
2.205e+08	0.03989	0.1778
2.213e+08	0.03989	0.1778
2.222e+08	0.03989	0.1778
2.225e+08	0.03989	0.1778
2.25e+08	0.03989	0.1778
2.263e+08	0.03989	0.1778
2.268e+08	0.03989	0.1778
2.277e+08	0.03989	0.1778
2.305e+08	0.03989	0.1778
2.333e+08	0.03989	0.1778
2.361e+08	0.03989	0.1778
2.39e+08	0.03989	0.1778
2.418e+08	0.03989	0.1778
2.422e+08	0.03989	0.1778
2.447e+08	0.03989	0.1778
2.47e+08	0.03989	0.1778
2.475e+08	0.03989	0.1778
2.483e+08	0.03989	0.1778
2.486e+08	0.03989	0.1778
2.504e+08	0.03989	0.1778
2.532e+08	0.03989	0.1778
2.562e+08	0.03989	0.1778
2.563e+08	0.03989	0.1778
2.569e+08	0.03989	0.1778
2.591e+08	0.03989	0.1778
2.621e+08	0.03989	0.1778
2.628e+08	0.03989	0.1778
2.639e+08	0.03989	0.1778
2.651e+08	0.03989	0.1778
2.655e+08	0.03989	0.1778
2.671e+08	0.03989	0.1778
2.681e+08	0.03989	0.1778
2.697e+08	0.03989	0.1778
2.71e+08	0.03989	0.1778
2.741e+08	0.03989	0.1778
2.772e+08	0.03989	0.1778
2.783e+08	0.03989	0.1778
2.79e+08	0.03989	0.1778
2.803e+08	0.03989	0.1778
2.833e+08	0.03989	0.1778
2.84e+08	0.03989	0.1778
2.856e+08	0.03989	0.1778
2.864e+08	0.03989	0.1778
2.87e+08	0.03989	0.1778
2.889e+08	0.03989	0.1778
2.895e+08	0.03989	0.1778
2.912e+08	0.03989	0.1778
2.926e+08	0.03989	0.1778
2.957e+08	0.03989	0.1778
2.958e+08	0.03989	0.1778
2.972e+08	0.03989	0.1778
2.99e+08	0.03989	0.1778
3.003e+08	0.03989	0.1778
3.022e+08	0.03989	0.1778
3.054e+08	0.03989	0.1778
3.086e+08	0.03989	0.1778
3.098e+08	0.03989	0.1778
3.119e+08	0.03989	0.1778
3.13e+08	0.03989	0.1778
3.15e+08	0.03989	0.1778
3.152e+08	0.03989	0.1778
3.161e+08	0.03989	0.1778
3.179e+08	0.03989	0.1778
3.185e+08	0.03989	0.1778
3.197e+08	0.03989	0.1778
3.218e+08	0.03989	0.1778
3.222e+08	0.03989	0.1778
3.231e+08	0.03989	0.1778
3.248e+08	0.03989	0.1778
3.251e+08	0.03989	0.1778
3.284e+08	0.03989	0.1778
3.295e+08	0.03989	0.1778
3.317e+08	0.03989	0.1778
3.351e+08	0.03989	0.1778
3.362e+08	0.03989	0.1778
3.371e+08	0.03989	0.1778
3.385e+08	0.03989	0.1778
3.411e+08	0.03989	0.1778
3.419e+08	0.03989	0.1778
3.449e+08	0.03989	0.1778
3.452e+08	0.03989	0.1778
3.487e+08	0.03989	0.1778
3.521e+08	0.03989	0.1778
3.542e+08	0.03989	0.1778
3.556e+08	0.03989	0.1778
3.59e+08	0.03989	0.1778
3.625e+08	0.03989	0.1778
3.66e+08	0.03989	0.1778
3.68e+08	0.03989	0.1778
3.685e+08	0.03989	0.1778
3.695e+08	0.03989	0.1778
3.707e+08	0.03989	0.1778
3.731e+08	0.03989	0.1778
3.767e+08	0.03989	0.1778
3.77e+08	0.03989	0.1778
3.803e+08	0.03989	0.1778
3.839e+08	0.03989	0.1778
3.866e+08	0.03989	0.1778
3.875e+08	0.03989	0.1778
3.876e+08	0.03989	0.1778
3.912e+08	0.03989	0.1778
3.949e+08	0.03989	0.1778
3.986e+08	0.03989	0.1778
4.019e+08	0.03989	0.1778
4.023e+08	0.03989	0.1778
4.04e+08	0.03989	0.1778
4.06e+08	0.03989	0.1778
4.069e+08	0.03989	0.1778
4.08e+08	0.03989	0.1778
4.089e+08	0.03989	0.1778
4.098e+08	0.03989	0.1778
4.119e+08	0.03989	0.1778
4.135e+08	0.03989	0.1778
4.147e+08	0.03989	0.1778
4.161e+08	0.03989	0.1778
4.172e+08	0.03989	0.1778
4.209e+08	0.03989	0.1778
4.236e+08	0.03989	0.1778
4.247e+08	0.03989	0.1778
4.269e+08	0.03989	0.1778
4.285e+08	0.03989	0.1778
4.322e+08	0.03989	0.1778
4.324e+08	0.03989	0.1778
4.362e+08	0.03989	0.1778
4.366e+08	0.03989	0.1778
4.376e+08	0.03989	0.1778
4.401e+08	0.03989	0.1778
4.44e+08	0.03989	0.1778
4.48e+08	0.03989	0.1778
4.519e+08	0.03989	0.1778
4.559e+08	0.03989	0.1778
4.595e+08	0.03989	0.1778
4.599e+08	0.03989	0.1778
4.621e+08	0.03989	0.1778
4.628e+08	0.03989	0.1778
4.639e+08	0.03989	0.1778
4.679e+08	0.03989	0.1778
4.7e+08	0.03989	0.1778
4.712e+08	0.03989	0.1778
4.719e+08	0.03989	0.1778
4.736e+08	0.03989	0.1778
4.751e+08	0.03989	0.1778
4.76e+08	0.03989	0.1778
4.767e+08	0.03989	0.1778
4.801e+08	0.03989	0.1778
4.816e+08	0.03989	0.1778
4.824e+08	0.03989	0.1778
4.841e+08	0.03989	0.1778
4.851e+08	0.03989	0.1778
4.881e+08	0.03989	0.1778
4.882e+08	0.03989	0.1778
4.884e+08	0.03989	0.1778
4.904e+08	0.03989	0.1778
4.923e+08	0.03989	0.1778
4.965e+08	0.03989	0.1778
5.007e+08	0.03989	0.1778
5.048e+08	0.03989	0.1778
5.076e+08	0.03989	0.1778
5.09e+08	0.03989	0.1778
5.095e+08	0.03989	0.1778
5.109e+08	0.03989	0.1778
5.121e+08	0.03989	0.1778
5.128e+08	0.03989	0.1778
5.132e+08	0.03989	0.1778
5.174e+08	0.03989	0.1778
5.2e+08	0.03989	0.1778
5.216e+08	0.03989	0.1778
5.224e+08	0.03989	0.1778
5.233e+08	0.03989	0.1778
5.25e+08	0.03989	0.1778
5.258e+08	0.03989	0.1778
5.263e+08	0.03989	0.1778
5.271e+08	0.03989	0.1778
5.301e+08	0.03989	0.1778
5.324e+08	0.03989	0.1778
5.344e+08	0.03989	0.1778
5.354e+08	0.03989	0.1778
5.367e+08	0.03989	0.1778
5.386e+08	0.03989	0.1778
5.389e+08	0.03989	0.1778
5.43e+08	0.03989	0.1778
5.451e+08	0.03989	0.1778
5.473e+08	0.03989	0.1778
5.481e+08	0.03989	0.1778
5.506e+08	0.03989	0.1778
5.512e+08	0.03989	0.1778
5.517e+08	0.03989	0.1778
5.542e+08	0.03989	0.1778
5.557e+08	0.03989	0.1778
5.56e+08	0.03989	0.1778
5.565e+08	0.03989	0.1778
5.58e+08	0.03989	0.1778
5.584e+08	0.03989	0.1778
5.596e+08	0.03989	0.1778
5.604e+08	0.03989	0.1778
5.642e+08	0.03989	0.1778
5.647e+08	0.03989	0.1778
5.652e+08	0.03989	0.1778
5.691e+08	0.03989	0.1778
5.702e+08	0.03989	0.1778
5.715e+08	0.03989	0.1778
5.735e+08	0.03989	0.1778
5.743e+08	0.03989	0.1778
5.779e+08	0.03989	0.1778
5.807e+08	0.03989	0.1778
5.821e+08	0.03989	0.1778
5.823e+08	0.03989	0.1778
5.831e+08	0.03989	0.1778
5.867e+08	0.03989	0.1778
5.869e+08	0.03989	0.1778
5.88e+08	0.03989	0.1778
5.912e+08	0.03989	0.1778
5.931e+08	0.03989	0.1778
5.957e+08	0.03989	0.1778
5.958e+08	0.03989	0.1778
6.002e+08	0.03989	0.1778
6.046e+08	0.03989	0.1778
6.091e+08	0.03989	0.1778
6.137e+08	0.03989	0.1778
6.183e+08	0.03989	0.1778
6.198e+08	0.03989	0.1778
6.229e+08	0.03989	0.1778
6.275e+08	0.03989	0.1778
6.321e+08	0.03989	0.1778
6.368e+08	0.03989	0.1778
6.413e+08	0.03989	0.1778
6.46e+08	0.03989	0.1778
6.473e+08	0.03989	0.1778
6.489e+08	0.03989	0.1778
6.507e+08	0.03989	0.1778
6.509e+08	0.03989	0.1778
6.518e+08	0.03989	0.1778
6.526e+08	0.03989	0.1778
6.542e+08	0.03989	0.1778
6.547e+08	0.03989	0.1778
6.554e+08	0.03989	0.1778
6.561e+08	0.03989	0.1778
6.575e+08	0.03989	0.1778
6.595e+08	0.03989	0.1778
6.601e+08	0.03989	0.1778
6.649e+08	0.03989	0.1778
6.667e+08	0.03989	0.1778
6.685e+08	0.03989	0.1778
6.697e+08	0.03989	0.1778
6.699e+08	0.03989	0.1778
6.712e+08	0.03989	0.1778
6.745e+08	0.03989	0.1778
6.745e+08	0.03989	0.1778
6.777e+08	0.03989	0.1778
6.793e+08	0.03989	0.1778
6.815e+08	0.03989	0.1778
6.827e+08	0.03989	0.1778
6.841e+08	0.03989	0.1778
6.864e+08	0.03989	0.1778
6.887e+08	0.03989	0.1778
6.889e+08	0.03989	0.1778
6.905e+08	0.03989	0.1778
6.934e+08	0.03989	0.1778
6.938e+08	0.03989	0.1778
6.963e+08	0.03989	0.1778
6.983e+08	0.03989	0.1778
6.987e+08	0.03989	0.1778
7.019e+08	0.03989	0.1778
7.036e+08	0.03989	0.1778
7.076e+08	0.03989	0.1778
7.085e+08	0.03989	0.1778
7.094e+08	0.03989	0.1778
7.133e+08	0.03989	0.1778
7.134e+08	0.03989	0.1778
7.138e+08	0.03989	0.1778
7.184e+08	0.03989	0.1778
7.233e+08	0.03989	0.1778
7.237e+08	0.03989	0.1778
7.282e+08	0.03989	0.1778
7.314e+08	0.03989	0.1778
7.332e+08	0.03989	0.1778
7.347e+08	0.03989	0.1778
7.382e+08	0.03989	0.1778
7.39e+08	0.03989	0.1778
7.402e+08	0.03989	0.1778
7.432e+08	0.03989	0.1778
7.482e+08	0.03989	0.1778
7.509e+08	0.03989	0.1778
7.523e+08	0.03989	0.1778
7.533e+08	0.03989	0.1778
7.551e+08	0.03989	0.1778
7.576e+08	0.03989	0.1778
7.583e+08	0.03989	0.1778
7.585e+08	0.03989	0.1778
7.597e+08	0.03989	0.1778
7.612e+08	0.03989	0.1778
7.625e+08	0.03989	0.1778
7.632e+08	0.03989	0.1778
7.669e+08	0.03989	0.1778
7.675e+08	0.03989	0.1778
7.682e+08	0.03989	0.1778
7.703e+08	0.03989	0.1778
7.721e+08	0.03989	0.1778
7.733e+08	0.03989	0.1778
7.744e+08	0.03989	0.1778
7.785e+08	0.03989	0.1778
7.836e+08	0.03989	0.1778
7.889e+08	0.03989	0.1778
7.921e+08	0.03989	0.1778
7.941e+08	0.03989	0.1778
7.981e+08	0.03989	0.1778
7.988e+08	0.03989	0.1778
7.993e+08	0.03989	0.1778
8.002e+08	0.03989	0.1778
8.045e+08	0.03989	0.1778
8.098e+08	0.03989	0.1778
8.128e+08	0.03989	0.1778
8.149e+08	0.03989	0.1778
8.15e+08	0.03989	0.1778
8.18e+08	0.03989	0.1778
8.198e+08	0.03989	0.1778
8.202e+08	0.03989	0.1778
8.255e+08	0.03989	0.1778
8.293e+08	0.03989	0.1778
8.308e+08	0.03989	0.1778
8.361e+08	0.03989	0.1778
8.363e+08	0.03989	0.1778
8.372e+08	0.03989	0.1778
8.386e+08	0.03989	0.1778
8.414e+08	0.03989	0.1778
8.427e+08	0.03989	0.1778
8.44e+08	0.03989	0.1778
8.468e+08	0.03989	0.1778
8.488e+08	0.03989	0.1778
8.513e+08	0.03989	0.1778
8.521e+08	0.03989	0.1778
8.527e+08	0.03989	0.1778
8.546e+08	0.03989	0.1778
8.569e+08	0.03989	0.1778
8.574e+08	0.03989	0.1778
8.628e+08	0.03989	0.1778
8.648e+08	0.03989	0.1778
8.671e+08	0.03989	0.1778
8.682e+08	0.03989	0.1778
8.736e+08	0.03989	0.1778
8.744e+08	0.03989	0.1778
8.747e+08	0.03989	0.1778
8.791e+08	0.03989	0.1778
8.801e+08	0.03989	0.1778
8.811e+08	0.03989	0.1778
8.824e+08	0.03989	0.1778
8.838e+08	0.03989	0.1778
8.845e+08	0.03989	0.1778
8.899e+08	0.03989	0.1778
8.918e+08	0.03989	0.1778
8.953e+08	0.03989	0.1778
8.954e+08	0.03989	0.1778
9.002e+08	0.03989	0.1778
9.009e+08	0.03989	0.1778
9.03e+08	0.03989	0.1778
9.053e+08	0.03989	0.1778
9.065e+08	0.03989	0.1778
9.077e+08	0.03989	0.1778
9.105e+08	0.03989	0.1778
9.115e+08	0.03989	0.1778
9.12e+08	0.03989	0.1778
9.142e+08	0.03989	0.1778
9.149e+08	0.03989	0.1778
9.163e+08	0.03989	0.1778
9.175e+08	0.03989	0.1778
9.186e+08	0.03989	0.1778
9.203e+08	0.03989	0.1778
9.23e+08	0.03989	0.1778
9.247e+08	0.03989	0.1778
9.286e+08	0.03989	0.1778
9.315e+08	0.03989	0.1778
9.342e+08	0.03989	0.1778
9.367e+08	0.03989	0.1778
9.376e+08	0.03989	0.1778
9.394e+08	0.03989	0.1778
9.398e+08	0.03989	0.1778
9.411e+08	0.03989	0.1778
9.44e+08	0.03989	0.1778
9.454e+08	0.03989	0.1778
9.477e+08	0.03989	0.1778
9.51e+08	0.03989	0.1778
9.514e+08	0.03989	0.1778
9.538e+08	0.03989	0.1778
9.544e+08	0.03989	0.1778
9.549e+08	0.03989	0.1778
9.556e+08	0.03989	0.1778
9.567e+08	0.03989	0.1778
9.59e+08	0.03989	0.1778
9.621e+08	0.03989	0.1778
9.624e+08	0.03989	0.1778
9.629e+08	0.03989	0.1778
9.682e+08	0.03989	0.1778
9.7e+08	0.03989	0.1778
9.733e+08	0.03989	0.1778
9.739e+08	0.03989	0.1778
9.747e+08	0.03989	0.1778
9.775e+08	0.03989	0.1778
9.797e+08	0.03989	0.1778
9.855e+08	0.03989	0.1778
9.913e+08	0.03989	0.1778
9.971e+08	0.03989	0.1778
9.972e+08	0.03989	0.1778
9.985e+08	0.03989	0.1778
1.003e+09	0.03989	0.1778
1.003e+09	0.03989	0.1778
1.009e+09	0.03989	0.1778
1.011e+09	0.03989	0.1778
1.015e+09	0.03989	0.1778
1.017e+09	0.03989	0.1778
1.019e+09	0.03989	0.1778
1.02e+09	0.03989	0.1778
1.021e+09	0.03989	0.1778
1.022e+09	0.03989	0.1778
1.027e+09	0.03989	0.1778
1.031e+09	0.03989	0.1778
1.031e+09	0.03989	0.1778
1.032e+09	0.03989	0.1778
1.035e+09	0.03989	0.1778
1.038e+09	0.03989	0.1778
1.04e+09	0.03989	0.1778
1.044e+09	0.03989	0.1778
1.045e+09	0.03989	0.1778
1.05e+09	0.03989	0.1778
1.051e+09	0.03989	0.1778
1.056e+09	0.03989	0.1778
1.056e+09	0.03989	0.1778
1.058e+09	0.03989	0.1778
1.062e+09	0.03989	0.1778
1.065e+09	0.03989	0.1778
1.068e+09	0.03989	0.1778
1.073e+09	0.03989	0.1778
1.074e+09	0.03989	0.1778
1.074e+09	0.03989	0.1778
1.076e+09	0.03989	0.1778
1.077e+09	0.03989	0.1778
1.078e+09	0.03989	0.1778
1.08e+09	0.03989	0.1778
1.08e+09	0.03989	0.1778
1.086e+09	0.03989	0.1778
1.088e+09	0.03989	0.1778
1.088e+09	0.03989	0.1778
1.089e+09	0.03989	0.1778
1.091e+09	0.03989	0.1778
1.092e+09	0.03989	0.1778
1.094e+09	0.03989	0.1778
1.095e+09	0.03989	0.1778
1.096e+09	0.03989	0.1778
1.098e+09	0.03989	0.1778
1.098e+09	0.03989	0.1778
1.101e+09	0.03989	0.1778
1.102e+09	0.03989	0.1778
1.103e+09	0.03989	0.1778
1.104e+09	0.03989	0.1778
1.111e+09	0.03989	0.1778
1.111e+09	0.03989	0.1778
1.117e+09	0.03989	0.1778
1.118e+09	0.03989	0.1778
1.121e+09	0.03989	0.1778
1.122e+09	0.03989	0.1778
1.123e+09	0.03989	0.1778
1.125e+09	0.03989	0.1778
1.126e+09	0.03989	0.1778
1.127e+09	0.03989	0.1778
1.128e+09	0.03989	0.1778
1.129e+09	0.03989	0.1778
1.135e+09	0.03989	0.1778
1.138e+09	0.03989	0.1778
1.139e+09	0.03989	0.1778
1.141e+09	0.03989	0.1778
1.148e+09	0.03989	0.1778
1.15e+09	0.03989	0.1778
1.152e+09	0.03989	0.1778
1.154e+09	0.03989	0.1778
1.154e+09	0.03989	0.1778
1.158e+09	0.03989	0.1778
1.159e+09	0.03989	0.1778
1.16e+09	0.03989	0.1778
1.164e+09	0.03989	0.1778
1.165e+09	0.03989	0.1778
1.166e+09	0.03989	0.1778
1.169e+09	0.03989	0.1778
1.172e+09	0.03989	0.1778
1.173e+09	0.03989	0.1778
1.173e+09	0.03989	0.1778
1.175e+09	0.03989	0.1778
1.176e+09	0.03989	0.1778
1.178e+09	0.03989	0.1778
1.179e+09	0.03989	0.1778
1.181e+09	0.03989	0.1778
1.182e+09	0.03989	0.1778
1.184e+09	0.03989	0.1778
1.185e+09	0.03989	0.1778
1.191e+09	0.03989	0.1778
1.192e+09	0.03989	0.1778
1.195e+09	0.03989	0.1778
1.197e+09	0.03989	0.1778
1.198e+09	0.03989	0.1778
1.199e+09	0.03989	0.1778
1.201e+09	0.03989	0.1778
1.204e+09	0.03989	0.1778
1.204e+09	0.03989	0.1778
1.205e+09	0.03989	0.1778
1.207e+09	0.03989	0.1778
1.209e+09	0.03989	0.1778
1.211e+09	0.03989	0.1778
1.213e+09	0.03989	0.1778
1.213e+09	0.03989	0.1778
1.217e+09	0.03989	0.1778
1.224e+09	0.03989	0.1778
1.23e+09	0.03989	0.1778
1.231e+09	0.03989	0.1778
1.232e+09	0.03989	0.1778
1.237e+09	0.03989	0.1778
1.24e+09	0.03989	0.1778
1.24e+09	0.03989	0.1778
1.241e+09	0.03989	0.1778
1.242e+09	0.03989	0.1778
1.243e+09	0.03989	0.1778
1.247e+09	0.03989	0.1778
1.25e+09	0.03989	0.1778
1.25e+09	0.03989	0.1778
1.25e+09	0.03989	0.1778
1.256e+09	0.03989	0.1778
1.259e+09	0.03989	0.1778
1.263e+09	0.03989	0.1778
1.267e+09	0.03989	0.1778
1.269e+09	0.03989	0.1778
1.271e+09	0.03989	0.1778
1.273e+09	0.03989	0.1778
1.274e+09	0.03989	0.1778
1.276e+09	0.03989	0.1778
1.282e+09	0.03989	0.1778
1.289e+09	0.03989	0.1778
1.295e+09	0.03989	0.1778
1.296e+09	0.03989	0.1778
1.299e+09	0.03989	0.1778
1.302e+09	0.03989	0.1778
1.306e+09	0.03989	0.1778
1.309e+09	0.03989	0.1778
1.309e+09	0.03989	0.1778
1.313e+09	0.03989	0.1778
1.315e+09	0.03989	0.1778
1.316e+09	0.03989	0.1778
1.317e+09	0.03989	0.1778
1.317e+09	0.03989	0.1778
1.322e+09	0.03989	0.1778
1.327e+09	0.03989	0.1778
1.329e+09	0.03989	0.1778
1.33e+09	0.03989	0.1778
1.335e+09	0.03989	0.1778
1.338e+09	0.03989	0.1778
1.341e+09	0.03989	0.1778
1.342e+09	0.03989	0.1778
1.342e+09	0.03989	0.1778
1.344e+09	0.03989	0.1778
1.346e+09	0.03989	0.1778
1.349e+09	0.03989	0.1778
1.35e+09	0.03989	0.1778
1.351e+09	0.03989	0.1778
1.352e+09	0.03989	0.1778
1.354e+09	0.03989	0.1778
1.356e+09	0.03989	0.1778
1.357e+09	0.03989	0.1778
1.359e+09	0.03989	0.1778
1.361e+09	0.03989	0.1778
1.362e+09	0.03989	0.1778
1.363e+09	0.03989	0.1778
1.367e+09	0.03989	0.1778
1.368e+09	0.03989	0.1778
1.369e+09	0.03989	0.1778
1.37e+09	0.03989	0.1778
1.371e+09	0.03989	0.1778
1.373e+09	0.03989	0.1778
1.375e+09	0.03989	0.1778
1.376e+09	0.03989	0.1778
1.377e+09	0.03989	0.1778
1.379e+09	0.03989	0.1778
1.38e+09	0.03989	0.1778
1.382e+09	0.03989	0.1778
1.383e+09	0.03989	0.1778
1.383e+09	0.03989	0.1778
1.387e+09	0.03989	0.1778
1.388e+09	0.03989	0.1778
1.389e+09	0.03989	0.1778
1.39e+09	0.03989	0.1778
1.39e+09	0.03989	0.1778
1.394e+09	0.03989	0.1778
1.396e+09	0.03989	0.1778
1.398e+09	0.03989	0.1778
1.401e+09	0.03989	0.1778
1.403e+09	0.03989	0.1778
1.404e+09	0.03989	0.1778
1.405e+09	0.03989	0.1778
1.406e+09	0.03989	0.1778
1.406e+09	0.03989	0.1778
1.409e+09	0.03989	0.1778
1.41e+09	0.03989	0.1778
1.413e+09	0.03989	0.1778
1.417e+09	0.03989	0.1778
1.418e+09	0.03989	0.1778
1.421e+09	0.03989	0.1778
1.423e+09	0.03989	0.1778
1.424e+09	0.03989	0.1778
1.426e+09	0.03989	0.1778
1.429e+09	0.03989	0.1778
1.431e+09	0.03989	0.1778
1.438e+09	0.03989	0.1778
1.445e+09	0.03989	0.1778
1.45e+09	0.03989	0.1778
1.452e+09	0.03989	0.1778
1.453e+09	0.03989	0.1778
1.453e+09	0.03989	0.1778
1.455e+09	0.03989	0.1778
1.456e+09	0.03989	0.1778
1.459e+09	0.03989	0.1778
1.466e+09	0.03989	0.1778
1.469e+09	0.03989	0.1778
1.47e+09	0.03989	0.1778
1.471e+09	0.03989	0.1778
1.472e+09	0.03989	0.1778
1.473e+09	0.03989	0.1778
1.475e+09	0.03989	0.1778
1.478e+09	0.03989	0.1778
1.48e+09	0.03989	0.1778
1.487e+09	0.03989	0.1778
1.488e+09	0.03989	0.1778
1.489e+09	0.03989	0.1778
1.495e+09	0.03989	0.1778
1.502e+09	0.03989	0.1778
1.503e+09	0.03989	0.1778
1.509e+09	0.03989	0.1778
1.515e+09	0.03989	0.1778
1.516e+09	0.03989	0.1778
1.518e+09	0.03989	0.1778
1.52e+09	0.03989	0.1778
1.522e+09	0.03989	0.1778
1.523e+09	0.03989	0.1778
1.525e+09	0.03989	0.1778
1.527e+09	0.03989	0.1778
1.529e+09	0.03989	0.1778
1.531e+09	0.03989	0.1778
1.531e+09	0.03989	0.1778
1.531e+09	0.03989	0.1778
1.536e+09	0.03989	0.1778
1.538e+09	0.03989	0.1778
1.539e+09	0.03989	0.1778
1.544e+09	0.03989	0.1778
1.545e+09	0.03989	0.1778
1.545e+09	0.03989	0.1778
1.547e+09	0.03989	0.1778
1.552e+09	0.03989	0.1778
1.554e+09	0.03989	0.1778
1.554e+09	0.03989	0.1778
1.556e+09	0.03989	0.1778
1.559e+09	0.03989	0.1778
1.56e+09	0.03989	0.1778
1.56e+09	0.03989	0.1778
1.564e+09	0.03989	0.1778
1.567e+09	0.03989	0.1778
1.571e+09	0.03989	0.1778
1.574e+09	0.03989	0.1778
1.575e+09	0.03989	0.1778
1.579e+09	0.03989	0.1778
1.58e+09	0.03989	0.1778
1.582e+09	0.03989	0.1778
1.583e+09	0.03989	0.1778
1.584e+09	0.03989	0.1778
1.589e+09	0.03989	0.1778
1.59e+09	0.03989	0.1778
1.59e+09	0.03989	0.1778
1.591e+09	0.03989	0.1778
1.592e+09	0.03989	0.1778
1.595e+09	0.03989	0.1778
1.597e+09	0.03989	0.1778
1.604e+09	0.03989	0.1778
1.61e+09	0.03989	0.1778
1.612e+09	0.03989	0.1778
1.613e+09	0.03989	0.1778
1.618e+09	0.03989	0.1778
1.619e+09	0.03989	0.1778
1.626e+09	0.03989	0.1778
1.634e+09	0.03989	0.1778
1.635e+09	0.03989	0.1778
1.636e+09	0.03989	0.1778
1.638e+09	0.03989	0.1778
1.641e+09	0.03989	0.1778
1.649e+09	0.03989	0.1778
1.656e+09	0.03989	0.1778
1.658e+09	0.03989	0.1778
1.66e+09	0.03989	0.1778
1.661e+09	0.03989	0.1778
1.662e+09	0.03989	0.1778
1.664e+09	0.03989	0.1778
1.669e+09	0.03989	0.1778
1.67e+09	0.03989	0.1778
1.671e+09	0.03989	0.1778
1.671e+09	0.03989	0.1778
1.673e+09	0.03989	0.1778
1.676e+09	0.03989	0.1778
1.676e+09	0.03989	0.1778
1.678e+09	0.03989	0.1778
1.679e+09	0.03989	0.1778
1.682e+09	0.03989	0.1778
1.686e+09	0.03989	0.1778
1.687e+09	0.03989	0.1778
1.692e+09	0.03989	0.1778
1.694e+09	0.03989	0.1778
1.694e+09	0.03989	0.1778
1.699e+09	0.03989	0.1778
1.7e+09	0.03989	0.1778
1.701e+09	0.03989	0.1778
1.704e+09	0.03989	0.1778
1.706e+09	0.03989	0.1778
1.707e+09	0.03989	0.1778
1.709e+09	0.03989	0.1778
1.71e+09	0.03989	0.1778
1.713e+09	0.03989	0.1778
1.717e+09	0.03989	0.1778
1.721e+09	0.03989	0.1778
1.724e+09	0.03989	0.1778
1.727e+09	0.03989	0.1778
1.728e+09	0.03989	0.1778
1.732e+09	0.03989	0.1778
1.732e+09	0.03989	0.1778
1.733e+09	0.03989	0.1778
1.735e+09	0.03989	0.1778
1.74e+09	0.03989	0.1778
1.743e+09	0.03989	0.1778
1.746e+09	0.03989	0.1778
1.747e+09	0.03989	0.1778
1.755e+09	0.03989	0.1778
1.758e+09	0.03989	0.1778
1.76e+09	0.03989	0.1778
1.762e+09	0.03989	0.1778
1.763e+09	0.03989	0.1778
1.764e+09	0.03989	0.1778
1.767e+09	0.03989	0.1778
1.769e+09	0.03989	0.1778
1.77e+09	0.03989	0.1778
1.77e+09	0.03989	0.1778
1.772e+09	0.03989	0.1778
1.773e+09	0.03989	0.1778
1.775e+09	0.03989	0.1778
1.776e+09	0.03989	0.1778
1.778e+09	0.03989	0.1778
1.778e+09	0.03989	0.1778
1.779e+09	0.03989	0.1778
1.781e+09	0.03989	0.1778
1.784e+09	0.03989	0.1778
1.784e+09	0.03989	0.1778
1.786e+09	0.03989	0.1778
1.787e+09	0.03989	0.1778
1.79e+09	0.03989	0.1778
1.792e+09	0.03989	0.1778
1.793e+09	0.03989	0.1778
1.794e+09	0.03989	0.1778
1.799e+09	0.03989	0.1778
1.802e+09	0.03989	0.1778
1.807e+09	0.03989	0.1778
1.808e+09	0.03989	0.1778
1.809e+09	0.03989	0.1778
1.812e+09	0.03989	0.1778
1.813e+09	0.03989	0.1778
1.814e+09	0.03989	0.1778
1.816e+09	0.03989	0.1778
1.817e+09	0.03989	0.1778
1.817e+09	0.03989	0.1778
1.82e+09	0.03989	0.1778
1.821e+09	0.03989	0.1778
1.825e+09	0.03989	0.1778
1.832e+09	0.03989	0.1778
1.833e+09	0.03989	0.1778
1.834e+09	0.03989	0.1778
1.836e+09	0.03989	0.1778
1.838e+09	0.03989	0.1778
1.839e+09	0.03989	0.1778
1.841e+09	0.03989	0.1778
1.841e+09	0.03989	0.1778
1.843e+09	0.03989	0.1778
1.846e+09	0.03989	0.1778
1.849e+09	0.03989	0.1778
1.85e+09	0.03989	0.1778
1.855e+09	0.03989	0.1778
1.857e+09	0.03989	0.1778
1.858e+09	0.03989	0.1778
1.865e+09	0.03989	0.1778
1.873e+09	0.03989	0.1778
1.881e+09	0.03989	0.1778
1.882e+09	0.03989	0.1778
1.884e+09	0.03989	0.1778
1.886e+09	0.03989	0.1778
1.887e+09	0.03989	0.1778
1.889e+09	0.03989	0.1778
1.891e+09	0.03989	0.1778
1.895e+09	0.03989	0.1778
1.897e+09	0.03989	0.1778
1.904e+09	0.03989	0.1778
1.905e+09	0.03989	0.1778
1.913e+09	0.03989	0.1778
1.913e+09	0.03989	0.1778
1.921e+09	0.03989	0.1778
1.929e+09	0.03989	0.1778
1.937e+09	0.03989	0.1778
1.937e+09	0.03989	0.1778
1.941e+09	0.03989	0.1778
1.945e+09	0.03989	0.1778
1.954e+09	0.03989	0.1778
1.956e+09	0.03989	0.1778
1.957e+09	0.03989	0.1778
1.959e+09	0.03989	0.1778
1.962e+09	0.03989	0.1778
1.964e+09	0.03989	0.1778
1.969e+09	0.03989	0.1778
1.97e+09	0.03989	0.1778
1.975e+09	0.03989	0.1778
1.978e+09	0.03989	0.1778
1.978e+09	0.03989	0.1778
1.982e+09	0.03989	0.1778
1.986e+09	0.03989	0.1778
1.987e+09	0.03989	0.1778
1.99e+09	0.03989	0.1778
1.994e+09	0.03989	0.1778
1.995e+09	0.03989	0.1778
1.996e+09	0.03989	0.1778
2.003e+09	0.03989	0.1778
2.004e+09	0.03989	0.1778
2.007e+09	0.03989	0.1778
2.007e+09	0.03989	0.1778
2.01e+09	0.03989	0.1778
2.011e+09	0.03989	0.1778
2.019e+09	0.03989	0.1778
2.02e+09	0.03989	0.1778
2.023e+09	0.03989	0.1778
2.027e+09	0.03989	0.1778
2.028e+09	0.03989	0.1778
2.03e+09	0.03989	0.1778
2.031e+09	0.03989	0.1778
2.033e+09	0.03989	0.1778
2.035e+09	0.03989	0.1778
2.036e+09	0.03989	0.1778
2.04e+09	0.03989	0.1778
2.044e+09	0.03989	0.1778
2.047e+09	0.03989	0.1778
2.047e+09	0.03989	0.1778
2.049e+09	0.03989	0.1778
2.049e+09	0.03989	0.1778
2.051e+09	0.03989	0.1778
2.053e+09	0.03989	0.1778
2.057e+09	0.03989	0.1778
2.059e+09	0.03989	0.1778
2.06e+09	0.03989	0.1778
2.061e+09	0.03989	0.1778
2.064e+09	0.03989	0.1778
2.069e+09	0.03989	0.1778
2.07e+09	0.03989	0.1778
2.07e+09	0.03989	0.1778
2.072e+09	0.03989	0.1778
2.074e+09	0.03989	0.1778
2.077e+09	0.03989	0.1778
2.078e+09	0.03989	0.1778
2.078e+09	0.03989	0.1778
2.08e+09	0.03989	0.1778
2.083e+09	0.03989	0.1778
2.084e+09	0.03989	0.1778
2.086e+09	0.03989	0.1778
2.09e+09	0.03989	0.1778
2.095e+09	0.03989	0.1778
2.1e+09	0.03989	0.1778
2.101e+09	0.03989	0.1778
2.103e+09	0.03989	0.1778
2.112e+09	0.03989	0.1778
2.112e+09	0.03989	0.1778
2.113e+09	0.03989	0.1778
2.114e+09	0.03989	0.1778
2.116e+09	0.03989	0.1778
2.12e+09	0.03989	0.1778
2.123e+09	0.03989	0.1778
2.129e+09	0.03989	0.1778
2.129e+09	0.03989	0.1778
2.132e+09	0.03989	0.1778
2.137e+09	0.03989	0.1778
2.137e+09	0.03989	0.1778
2.14e+09	0.03989	0.1778
2.141e+09	0.03989	0.1778
2.144e+09	0.03989	0.1778
2.146e+09	0.03989	0.1778
2.152e+09	0.03989	0.1778
2.153e+09	0.03989	0.1778
2.154e+09	0.03989	0.1778
2.154e+09	0.03989	0.1778
2.158e+09	0.03989	0.1778
2.159e+09	0.03989	0.1778
2.161e+09	0.03989	0.1778
2.162e+09	0.03989	0.1778
2.163e+09	0.03989	0.1778
2.165e+09	0.03989	0.1778
2.169e+09	0.03989	0.1778
2.17e+09	0.03989	0.1778
2.171e+09	0.03989	0.1778
2.172e+09	0.03989	0.1778
2.174e+09	0.03989	0.1778
2.175e+09	0.03989	0.1778
2.178e+09	0.03989	0.1778
2.18e+09	0.03989	0.1778
2.181e+09	0.03989	0.1778
2.183e+09	0.03989	0.1778
2.186e+09	0.03989	0.1778
2.188e+09	0.03989	0.1778
2.19e+09	0.03989	0.1778
2.191e+09	0.03989	0.1778
2.192e+09	0.03989	0.1778
2.197e+09	0.03989	0.1778
2.2e+09	0.03989	0.1778
2.202e+09	0.03989	0.1778
2.206e+09	0.03989	0.1778
2.206e+09	0.03989	0.1778
2.208e+09	0.03989	0.1778
2.209e+09	0.03989	0.1778
2.214e+09	0.03989	0.1778
2.215e+09	0.03989	0.1778
2.215e+09	0.03989	0.1778
2.219e+09	0.03989	0.1778
2.221e+09	0.03989	0.1778
2.223e+09	0.03989	0.1778
2.225e+09	0.03989	0.1778
2.231e+09	0.03989	0.1778
2.232e+09	0.03989	0.1778
2.236e+09	0.03989	0.1778
2.237e+09	0.03989	0.1778
2.241e+09	0.03989	0.1778
2.244e+09	0.03989	0.1778
2.25e+09	0.03989	0.1778
2.258e+09	0.03989	0.1778
2.259e+09	0.03989	0.1778
2.262e+09	0.03989	0.1778
2.266e+09	0.03989	0.1778
2.267e+09	0.03989	0.1778
2.267e+09	0.03989	0.1778
2.269e+09	0.03989	0.1778
2.274e+09	0.03989	0.1778
2.276e+09	0.03989	0.1778
2.276e+09	0.03989	0.1778
2.278e+09	0.03989	0.1778
2.278e+09	0.03989	0.1778
2.285e+09	0.03989	0.1778
2.285e+09	0.03989	0.1778
2.286e+09	0.03989	0.1778
2.288e+09	0.03989	0.1778
2.289e+09	0.03989	0.1778
2.291e+09	0.03989	0.1778
2.292e+09	0.03989	0.1778
2.293e+09	0.03989	0.1778
2.293e+09	0.03989	0.1778
2.296e+09	0.03989	0.1778
2.298e+09	0.03989	0.1778
2.3e+09	0.03989	0.1778
2.301e+09	0.03989	0.1778
2.302e+09	0.03989	0.1778
2.304e+09	0.03989	0.1778
2.305e+09	0.03989	0.1778
2.308e+09	0.03989	0.1778
