# iterations	 errorinentropy	 maxerror	(generated with python figs/yaml-multi-comparison.py /home/jordan/weniger-cp-data/ /home/jordan/deft/papers/histogram/data/samc-1e5-256-reference-lndos.dat s000/periodic-ww1.50-ff0.17-N256 256 915 509 true 8 sad-256 wl-256 wl-inv-t-256 samc-1e3-256 samc-1e4-256 samc-1e5-256 samc-1e6-256
0.003906	74.19	274.6
0.007812	74.19	274.6
0.01172	74.19	274.6
0.01562	74.19	274.6
0.02344	74.19	274.6
0.02734	74.19	274.6
0.03906	74.19	274.6
0.05078	74.19	274.6
0.07031	74.19	274.6
0.09375	74.19	274.6
0.125	74.19	274.6
0.1641	74.19	274.6
0.2188	74.19	274.6
0.293	74.19	274.6
0.3906	74.19	274.6
0.5195	74.19	274.6
0.6953	74.19	274.6
0.9258	74.19	274.6
1.234	74.19	274.6
1.648	74.19	274.6
2.195	74.19	274.6
2.93	73.94	274.5
3.906	73.94	274.5
5.211	73.88	274.5
6.945	72.89	273.5
9.262	71.58	273.3
12.35	69.85	271.8
16.47	67.58	271.2
21.96	64.79	271.2
29.29	61.63	271.2
39.06	58.97	271.2
52.09	60.47	250.6
69.46	58.49	250.6
92.63	68.64	296.9
123.5	84.65	374.8
164.7	84.65	374.8
219.7	100.7	477
292.9	117.1	544.1
390.6	133.7	675
520.9	184.2	731.6
694.6	268.3	873.9
926.3	276.2	909.2
1235	399.2	1188
1647	535.2	1454
2197	593.3	1726
2929	643.7	2008
3906	678.9	2309
5209	900.9	2777
6946	715.3	2920
9263	677.9	2131
1.235e+04	308.1	1266
1.647e+04	306.3	1148
2.197e+04	175.9	688.3
2.929e+04	134.1	506.9
3.906e+04	136.7	519.7
5.209e+04	122.6	561
6.946e+04	122.6	561
9.263e+04	108.7	361.5
1.235e+05	12.29	75.27
1.647e+05	18.78	77.29
2.197e+05	16.08	63.84
2.929e+05	11.97	47.84
3.906e+05	23.24	85.67
5.209e+05	17.1	59.87
6.946e+05	9.612	31.44
9.263e+05	8.806	41.25
1.235e+06	6.429	21.56
1.647e+06	3.046	13.07
2.197e+06	4.085	14.98
2.929e+06	0.6611	7.513
3.906e+06	3.178	11.5
5.209e+06	1.943	9.412
6.946e+06	3.071	13.79
9.263e+06	1.521	6.309
1.235e+07	1.873	7.5
1.647e+07	1.296	5.308
2.197e+07	1.185	6.92
2.929e+07	1.031	4.432
3.906e+07	0.8655	2.962
5.209e+07	0.9497	3.588
6.946e+07	0.6975	2.652
9.263e+07	0.54	2.009
1.235e+08	0.4641	1.495
1.647e+08	0.3585	1.89
2.197e+08	0.3585	1.89
2.929e+08	0.3585	1.89
3.906e+08	0.3585	1.89
5.209e+08	0.3541	1.139
6.946e+08	0.1557	1.243
9.263e+08	0.0917	0.4615
1.235e+09	0.2003	0.9982
1.647e+09	0.2587	0.8249
2.197e+09	0.2186	0.6794
2.929e+09	0.0917	0.4606
3.906e+09	0.06118	0.2769
5.209e+09	0.1069	0.3848
