# iterations	 errorinentropy	 maxerror	(generated with python figs/comparison.py 0 s000/periodic-ww1.30-ff0.30-N50-tmmc-golden-movie/001550 s000/periodic-ww1.30-ff0.30-N50
2.48e+04	15.03	123.8
1.129e+06	10.73	67.1
1.556e+06	10.36	66.26
1.911e+06	10.46	66.41
2.349e+06	13.64	90.39
2.831e+06	9.017	63.79
3.413e+06	9.549	65.63
4.05e+06	9.432	65.05
4.763e+06	8.856	62.95
5.558e+06	8.925	63.2
6.414e+06	8.587	62.15
7.412e+06	8.07	58.57
8.424e+06	7.683	55.85
9.533e+06	8.313	67.23
1.074e+07	7.846	70.28
1.202e+07	7.612	70.61
1.334e+07	7.612	70.61
1.488e+07	7.612	70.61
1.654e+07	7.612	70.61
1.83e+07	7.612	70.61
2.009e+07	5.837	58.37
2.183e+07	5.768	57.67
2.36e+07	5.785	52.53
2.543e+07	5.96	52.84
2.733e+07	6.027	53.08
2.951e+07	5.72	51.33
3.156e+07	5.907	51.94
3.367e+07	5.92	51.92
3.591e+07	5.989	52.4
3.816e+07	5.404	51.44
4.055e+07	5.417	51.53
4.294e+07	5.108	48.52
4.546e+07	5.08	48.85
4.806e+07	5.161	49.18
5.066e+07	5.161	49.18
5.34e+07	5.161	49.18
5.614e+07	4.383	39.12
5.894e+07	4.304	38.73
6.206e+07	4.136	38.58
6.508e+07	3.9	37.35
6.819e+07	3.993	37.69
7.136e+07	3.974	37.6
7.461e+07	4.033	37.84
7.792e+07	2.876	32.5
8.132e+07	2.79	32.23
8.478e+07	2.766	32.03
8.831e+07	2.774	32.14
9.192e+07	2.784	32.3
9.58e+07	2.826	32.51
9.955e+07	2.917	32.67
1.034e+08	2.886	32.04
1.072e+08	2.923	32.27
1.111e+08	2.986	32.46
1.152e+08	2.805	31.81
1.193e+08	2.811	31.95
1.235e+08	2.861	32.24
1.277e+08	2.895	32.41
1.322e+08	2.773	32.78
1.366e+08	2.792	32.99
1.411e+08	2.782	32.97
1.456e+08	2.296	30.59
1.502e+08	2.33	30.72
1.549e+08	2.345	30.69
1.597e+08	2.372	30.92
1.645e+08	2.372	30.91
1.7e+08	2.386	30.96
1.754e+08	2.427	31.22
1.804e+08	2.445	31.39
1.856e+08	2.456	31.55
1.906e+08	2.408	31.69
1.958e+08	2.356	31.46
2.011e+08	2.332	31.38
2.066e+08	2.344	31.37
2.119e+08	2.378	31.47
2.175e+08	2.415	31.11
2.23e+08	2.379	30.69
2.287e+08	2.412	30.78
2.345e+08	2.405	30.68
2.403e+08	2.405	30.68
2.47e+08	2.435	30.78
2.53e+08	2.449	30.82
2.591e+08	2.489	31.06
2.653e+08	2.489	31.03
2.715e+08	2.505	31.09
2.778e+08	2.518	31.08
2.842e+08	2.518	31.19
2.91e+08	2.56	31.36
2.975e+08	2.558	31.29
3.041e+08	2.418	30.45
3.107e+08	2.445	30.5
3.175e+08	2.093	25.49
3.243e+08	2.081	25.43
3.311e+08	2.101	25.48
3.381e+08	2.111	25.69
3.451e+08	2.133	25.79
3.524e+08	1.765	25.44
3.598e+08	1.774	25.45
3.67e+08	1.806	25.57
3.743e+08	1.837	25.69
3.817e+08	1.835	25.7
3.89e+08	1.835	25.7
3.963e+08	1.835	25.7
4.039e+08	1.835	25.7
4.114e+08	1.835	25.7
4.189e+08	1.835	25.7
4.267e+08	1.835	25.7
4.346e+08	1.835	25.7
4.426e+08	1.835	25.7
4.504e+08	1.835	25.7
4.583e+08	1.835	25.7
4.662e+08	1.835	25.7
4.743e+08	1.828	25.52
4.824e+08	1.849	25.66
4.907e+08	1.829	25.48
4.994e+08	1.842	25.51
5.084e+08	1.851	25.49
5.17e+08	1.864	25.6
5.257e+08	1.861	25.47
5.344e+08	1.875	25.48
5.435e+08	1.884	25.57
5.524e+08	1.909	25.77
5.613e+08	1.926	25.81
5.706e+08	1.945	25.88
5.8e+08	1.961	25.92
5.892e+08	1.987	25.98
5.987e+08	1.995	26.26
6.08e+08	2.007	26.28
6.174e+08	1.998	26.21
6.274e+08	1.998	26.21
6.379e+08	1.998	26.21
6.488e+08	1.998	26.21
6.598e+08	1.998	26.21
6.709e+08	1.998	26.21
6.821e+08	1.934	25.96
6.923e+08	1.869	25.87
7.024e+08	1.867	25.92
7.125e+08	1.882	25.96
7.227e+08	1.892	26.03
7.332e+08	1.9	26.22
7.438e+08	1.912	26.25
7.542e+08	1.883	26.17
7.647e+08	1.899	26.33
7.752e+08	1.894	26.46
7.858e+08	1.885	26.48
7.962e+08	1.895	26.53
8.073e+08	1.894	26.48
8.181e+08	1.886	26.46
8.296e+08	1.896	26.47
8.406e+08	1.868	26.07
8.516e+08	1.883	26.08
8.63e+08	1.9	26.17
8.742e+08	1.903	26.27
8.855e+08	1.887	26.23
8.969e+08	1.899	26.26
9.083e+08	1.878	26.13
9.198e+08	1.879	26.15
9.316e+08	1.875	26.14
9.433e+08	1.89	26.17
9.55e+08	1.904	26.24
9.667e+08	1.906	26.22
9.786e+08	1.894	26.1
9.905e+08	1.886	25.72
1.003e+09	1.902	25.83
1.015e+09	1.918	25.9
1.027e+09	1.92	25.89
1.039e+09	1.914	25.73
1.052e+09	1.919	25.76
1.064e+09	1.926	25.79
1.077e+09	1.906	25.83
1.089e+09	1.802	24.9
1.102e+09	1.814	24.93
1.114e+09	1.575	22.72
1.127e+09	1.583	22.73
1.14e+09	1.595	22.82
1.153e+09	1.603	22.83
1.166e+09	1.548	22.32
1.179e+09	1.553	22.32
1.192e+09	1.554	22.38
1.206e+09	1.496	22.44
1.219e+09	1.507	22.48
1.233e+09	1.527	22.62
1.246e+09	1.525	22.34
1.26e+09	1.532	22.37
1.274e+09	1.543	22.45
1.287e+09	1.498	22.13
1.301e+09	1.479	21.91
1.315e+09	1.485	21.9
1.328e+09	1.496	21.92
1.343e+09	1.498	21.94
1.357e+09	1.507	21.98
1.371e+09	1.513	22.03
1.386e+09	1.524	22.11
1.4e+09	1.531	22.19
1.414e+09	1.538	22.24
1.429e+09	1.547	22.26
1.443e+09	1.558	22.33
1.458e+09	1.568	22.38
1.472e+09	1.57	22.37
1.487e+09	1.562	21.83
1.502e+09	1.568	21.84
1.517e+09	1.575	21.92
1.532e+09	1.572	21.88
1.547e+09	1.576	21.89
1.563e+09	1.556	21.78
1.578e+09	1.557	21.82
1.593e+09	1.562	21.91
1.609e+09	1.571	21.94
1.624e+09	1.549	21.81
1.64e+09	1.558	21.91
1.655e+09	1.568	21.95
1.671e+09	1.578	22
1.686e+09	1.546	21.72
1.702e+09	1.552	21.79
1.718e+09	1.562	21.86
1.734e+09	1.568	21.87
1.75e+09	1.546	21.68
1.766e+09	1.528	21.52
1.783e+09	1.535	21.56
1.799e+09	1.538	21.57
1.815e+09	1.545	21.6
1.831e+09	1.553	21.57
1.847e+09	1.562	21.59
1.864e+09	1.562	21.65
1.881e+09	1.563	21.67
1.897e+09	1.571	21.71
1.914e+09	1.555	21.73
1.931e+09	1.564	21.76
1.948e+09	1.57	21.84
1.964e+09	1.574	21.84
1.983e+09	1.581	21.87
2e+09	1.59	21.9
2.017e+09	1.599	21.96
2.034e+09	1.464	21.39
2.051e+09	1.472	21.41
2.069e+09	1.48	21.5
2.086e+09	1.488	21.52
2.103e+09	1.496	21.58
2.121e+09	1.497	21.62
2.139e+09	1.499	21.62
2.156e+09	1.508	21.67
2.174e+09	1.511	21.71
2.192e+09	1.512	21.69
2.211e+09	1.444	21.04
2.229e+09	1.45	21.04
2.247e+09	1.447	21.05
2.266e+09	1.453	21.07
2.284e+09	1.441	20.88
2.302e+09	1.447	20.9
2.321e+09	1.312	21.18
2.339e+09	1.32	21.24
2.358e+09	1.329	21.3
2.376e+09	1.337	21.33
2.395e+09	1.34	21.36
2.414e+09	1.327	21.32
2.433e+09	1.331	21.34
2.451e+09	1.339	21.36
2.471e+09	1.347	21.41
2.49e+09	1.348	21.44
2.509e+09	1.359	21.51
2.528e+09	1.363	21.53
2.547e+09	1.37	21.57
2.567e+09	1.369	21.6
2.586e+09	1.374	21.63
2.605e+09	1.346	21.33
2.625e+09	1.344	21.36
2.644e+09	1.345	21.36
2.664e+09	1.349	21.37
2.684e+09	1.355	21.43
2.704e+09	1.359	21.43
2.724e+09	1.361	21.47
2.744e+09	1.361	21.45
2.764e+09	1.363	21.45
2.785e+09	1.365	21.52
2.806e+09	1.356	21.27
2.826e+09	1.361	21.29
2.846e+09	1.364	21.31
2.867e+09	1.362	21.28
2.888e+09	1.369	21.3
2.908e+09	1.372	21.33
2.929e+09	1.371	21.33
2.95e+09	1.305	20.8
2.971e+09	1.312	20.84
2.992e+09	1.317	20.89
3.013e+09	1.321	20.92
3.034e+09	1.322	20.91
3.055e+09	1.329	20.96
3.076e+09	1.334	20.99
3.098e+09	1.338	21
3.119e+09	1.344	21.02
3.141e+09	1.316	20.62
3.162e+09	1.319	20.65
3.183e+09	1.323	20.68
3.206e+09	1.274	20.43
3.227e+09	1.276	20.43
3.249e+09	1.285	20.46
3.271e+09	1.293	20.54
3.293e+09	1.288	20.39
3.315e+09	1.289	20.39
3.337e+09	1.296	20.45
3.359e+09	1.3	20.46
3.382e+09	1.296	20.43
3.404e+09	1.3	20.47
3.426e+09	1.256	19.43
3.448e+09	1.258	19.45
3.471e+09	1.262	19.47
3.494e+09	1.265	19.48
3.517e+09	1.233	19.04
3.54e+09	1.224	19
3.563e+09	1.208	18.23
3.585e+09	1.2	18.22
3.609e+09	1.205	18.26
3.632e+09	1.205	18.26
3.655e+09	1.203	18.29
3.678e+09	1.209	18.31
3.701e+09	1.214	18.33
3.724e+09	1.222	18.37
3.748e+09	1.229	18.42
3.771e+09	1.237	18.47
3.795e+09	1.211	18.16
3.818e+09	1.113	18.09
3.842e+09	1.121	18.14
3.865e+09	1.119	18.12
3.89e+09	1.126	18.16
3.914e+09	1.132	18.19
3.938e+09	1.024	17.51
3.962e+09	1.022	17.37
3.985e+09	1.022	17.37
4.01e+09	1.005	17.29
4.034e+09	1.007	17.3
4.059e+09	1.012	17.33
4.084e+09	1.018	17.36
4.108e+09	1.026	17.42
4.133e+09	1.029	17.43
4.157e+09	1.034	17.46
4.183e+09	1.011	17.12
4.207e+09	1.016	17.15
4.232e+09	1.015	17.24
4.257e+09	1.022	17.26
4.282e+09	1.019	17.24
4.307e+09	1.022	17.26
4.332e+09	0.9499	16.84
4.357e+09	0.9501	16.84
4.382e+09	0.9544	16.85
4.408e+09	0.9592	16.87
4.434e+09	0.9694	16.93
4.459e+09	0.9772	16.96
4.485e+09	0.9794	16.99
4.511e+09	0.9794	16.99
4.537e+09	0.9799	16.96
4.563e+09	0.9815	16.95
4.589e+09	0.9858	16.96
4.615e+09	0.992	16.99
4.641e+09	0.9976	17.03
4.667e+09	0.9984	17.06
4.694e+09	1.003	17.08
4.72e+09	0.8684	15.74
4.746e+09	0.8598	15.57
4.772e+09	0.8629	15.58
4.799e+09	0.8676	15.6
4.825e+09	0.8716	15.64
4.852e+09	0.873	15.68
4.879e+09	0.8782	15.71
4.905e+09	0.8768	15.66
4.932e+09	0.8697	15.62
4.96e+09	0.8717	15.62
4.987e+09	0.8731	15.66
5.014e+09	0.8714	15.62
5.041e+09	0.8609	15.65
5.069e+09	0.8642	15.66
5.096e+09	0.8668	15.67
5.125e+09	0.8668	15.67
5.156e+09	0.8668	15.67
5.188e+09	0.8668	15.67
5.22e+09	0.8671	15.68
5.249e+09	0.8718	15.73
5.276e+09	0.8744	15.75
5.304e+09	0.8786	15.77
5.332e+09	0.8832	15.82
5.359e+09	0.8863	15.84
5.387e+09	0.8912	15.88
5.415e+09	0.8933	15.89
5.443e+09	0.8809	15.89
5.472e+09	0.8855	15.91
5.5e+09	0.887	15.95
5.528e+09	0.8895	15.95
5.557e+09	0.8921	15.99
5.586e+09	0.8814	15.96
5.614e+09	0.8808	15.97
5.643e+09	0.885	15.99
5.672e+09	0.8623	15.96
5.701e+09	0.8653	15.97
5.729e+09	0.8705	16.01
5.758e+09	0.8733	16.05
5.787e+09	0.8593	15.61
5.817e+09	0.8587	15.61
5.847e+09	0.8615	15.63
5.876e+09	0.869	15.67
5.906e+09	0.8722	15.69
5.935e+09	0.8766	15.72
5.964e+09	0.8791	15.75
5.993e+09	0.8808	15.76
6.024e+09	0.8819	15.77
6.054e+09	0.8818	15.81
6.084e+09	0.8855	15.82
6.113e+09	0.8901	15.85
6.142e+09	0.8901	15.85
6.171e+09	0.8901	15.85
6.2e+09	0.8901	15.85
6.23e+09	0.8894	15.76
6.26e+09	0.8943	15.78
6.29e+09	0.8995	15.81
6.321e+09	0.9034	15.84
6.352e+09	0.891	15.76
6.382e+09	0.8951	15.78
6.412e+09	0.9001	15.82
6.443e+09	0.891	15.77
6.473e+09	0.8932	15.78
6.503e+09	0.8962	15.8
