# iterations	 errorinentropy	 maxerror	(generated with python figs/comparison.py 0 n50-T13-reference-lndos.dat s000/periodic-ww1.30-ff0.30-N50
2.48e+04	12.4	60.8
1.056e+06	3.74	31.41
1.458e+06	3.108	26.33
1.776e+06	3.101	25.62
2.154e+06	3.271	26.65
2.616e+06	3.321	27.51
3.16e+06	2.951	26.55
3.773e+06	2.791	23.63
4.463e+06	2.613	22.27
5.233e+06	2.47	22.24
6.064e+06	2.19	20.21
6.956e+06	2.245	20.45
7.938e+06	2.045	18.49
8.985e+06	2.007	17.46
1.01e+07	1.674	18.04
1.127e+07	1.441	14.22
1.255e+07	1.513	14.74
1.386e+07	1.478	14.66
1.523e+07	1.551	15.09
1.671e+07	1.614	15.06
1.825e+07	1.441	14.7
1.987e+07	1.502	14.87
2.155e+07	1.249	13.86
2.33e+07	1.204	12.65
2.513e+07	1.187	12.64
2.701e+07	1.05	12.1
2.897e+07	0.9674	10.6
3.1e+07	0.942	10.52
3.309e+07	0.9547	10.52
3.525e+07	0.9787	10.42
3.748e+07	0.9671	10.21
3.978e+07	0.9853	10.32
4.215e+07	0.9863	10.17
4.459e+07	0.8093	6.316
4.709e+07	0.8165	6.457
4.967e+07	0.5217	5.744
5.231e+07	0.552	5.853
5.502e+07	0.5744	5.956
5.78e+07	0.5497	5.909
6.065e+07	0.5662	5.987
6.356e+07	0.6082	6.07
6.654e+07	0.5831	5.967
6.96e+07	0.5861	5.816
7.272e+07	0.5853	5.547
7.591e+07	0.6092	5.614
7.917e+07	0.6336	5.667
8.249e+07	0.6476	5.472
8.589e+07	0.6692	5.514
8.944e+07	0.6459	5.302
9.298e+07	0.6186	5.297
9.658e+07	0.4997	4.513
1.003e+08	0.452	4.656
1.04e+08	0.4636	4.649
1.078e+08	0.4485	4.549
1.117e+08	0.4633	4.551
1.156e+08	0.4563	4.523
1.197e+08	0.4513	4.552
1.238e+08	0.4392	4.477
1.281e+08	0.3998	4.413
1.323e+08	0.4114	4.45
1.366e+08	0.4298	4.385
1.41e+08	0.4215	4.322
1.454e+08	0.4264	4.257
1.499e+08	0.4348	4.216
1.544e+08	0.4419	4.248
1.591e+08	0.4606	4.26
1.638e+08	0.4906	4.297
1.685e+08	0.5042	4.3
1.734e+08	0.5083	4.311
1.784e+08	0.5224	4.299
1.834e+08	0.5462	4.342
1.884e+08	0.5605	4.366
1.936e+08	0.5324	4.326
1.987e+08	0.5262	4.252
2.041e+08	0.5241	4.231
2.095e+08	0.5206	4.186
2.148e+08	0.5345	4.151
2.203e+08	0.5295	4.119
2.26e+08	0.5252	4.136
2.316e+08	0.5414	4.18
2.374e+08	0.5494	4.224
2.433e+08	0.5601	4.221
2.491e+08	0.5655	4.248
2.55e+08	0.5601	4.252
2.609e+08	0.5486	4.217
2.669e+08	0.5401	4.188
2.73e+08	0.5439	4.17
2.791e+08	0.5557	4.216
2.854e+08	0.5115	4.138
2.918e+08	0.5031	4.102
2.982e+08	0.4645	3.689
3.046e+08	0.4746	3.742
3.111e+08	0.4675	3.623
3.178e+08	0.4678	3.657
3.245e+08	0.4725	3.713
3.311e+08	0.4705	3.68
3.379e+08	0.4446	3.936
3.448e+08	0.4569	3.988
3.517e+08	0.451	4.042
3.588e+08	0.4586	4.103
3.659e+08	0.4449	4.11
3.732e+08	0.3614	3.815
3.805e+08	0.3623	3.819
3.878e+08	0.354	3.775
3.951e+08	0.346	3.776
4.025e+08	0.3587	3.807
4.102e+08	0.3676	3.858
4.177e+08	0.3728	3.911
4.255e+08	0.3658	3.896
4.334e+08	0.3622	3.893
4.411e+08	0.3614	3.919
4.489e+08	0.3639	3.929
4.57e+08	0.3635	3.946
4.649e+08	0.3131	3.764
4.73e+08	0.3098	3.751
4.813e+08	0.3188	3.732
4.894e+08	0.3194	3.634
4.976e+08	0.3257	3.663
5.059e+08	0.3353	3.71
5.143e+08	0.3446	3.763
5.227e+08	0.3556	3.816
5.312e+08	0.3528	3.836
5.4e+08	0.3627	3.902
5.486e+08	0.3659	3.92
5.573e+08	0.3686	3.934
5.661e+08	0.3709	3.933
5.749e+08	0.3744	3.958
5.838e+08	0.3738	3.95
5.928e+08	0.3803	3.971
6.021e+08	0.3585	3.917
6.112e+08	0.3632	3.932
6.204e+08	0.369	3.952
6.299e+08	0.3691	3.953
6.395e+08	0.3754	3.963
6.488e+08	0.3764	3.972
6.586e+08	0.3787	3.957
6.681e+08	0.3822	3.955
6.78e+08	0.3888	3.988
6.876e+08	0.3933	3.998
6.974e+08	0.388	4.158
7.072e+08	0.383	4.115
7.17e+08	0.3821	4.126
7.27e+08	0.3922	4.141
7.37e+08	0.3579	4.014
7.471e+08	0.3439	3.978
7.572e+08	0.3386	3.871
7.674e+08	0.3391	3.86
7.777e+08	0.297	3.604
7.881e+08	0.2958	3.599
7.985e+08	0.2993	3.607
8.09e+08	0.2998	3.579
8.198e+08	0.2998	3.58
8.304e+08	0.3033	3.617
8.411e+08	0.3027	3.58
8.522e+08	0.303	3.591
8.63e+08	0.2947	3.562
8.739e+08	0.297	3.57
8.849e+08	0.2981	3.554
8.963e+08	0.3028	3.558
9.074e+08	0.3092	3.566
9.185e+08	0.3102	3.575
9.298e+08	0.311	3.6
9.411e+08	0.3126	3.602
9.525e+08	0.3092	3.587
9.643e+08	0.3141	3.625
9.758e+08	0.3151	3.627
9.874e+08	0.3215	3.667
9.99e+08	0.324	3.692
1.011e+09	0.3279	3.696
1.023e+09	0.3173	3.673
1.035e+09	0.3198	3.692
1.047e+09	0.3217	3.711
1.059e+09	0.3192	3.669
1.072e+09	0.3129	3.543
1.084e+09	0.3024	3.504
1.096e+09	0.3054	3.529
1.109e+09	0.2937	3.466
1.121e+09	0.2981	3.483
1.134e+09	0.3013	3.506
1.146e+09	0.2917	3.126
1.159e+09	0.296	3.152
1.172e+09	0.2974	3.162
1.184e+09	0.2867	3.131
1.197e+09	0.2883	3.144
1.21e+09	0.2851	3.157
1.223e+09	0.2824	3.148
1.236e+09	0.2817	3.149
1.25e+09	0.2825	3.133
1.263e+09	0.2758	3.111
1.276e+09	0.28	3.136
1.289e+09	0.2793	3.122
1.303e+09	0.2823	3.123
1.316e+09	0.2816	3.134
1.33e+09	0.2488	3.117
1.343e+09	0.2528	3.134
1.357e+09	0.2575	3.153
1.371e+09	0.2535	3.141
1.384e+09	0.2583	3.155
1.398e+09	0.2624	3.171
1.412e+09	0.2638	3.187
1.426e+09	0.2688	3.21
1.44e+09	0.2633	3.197
1.454e+09	0.2661	3.214
1.469e+09	0.2639	3.01
1.483e+09	0.2668	3.031
1.498e+09	0.2689	3.045
1.512e+09	0.268	3.032
1.527e+09	0.2662	3.05
1.541e+09	0.2648	3.048
1.556e+09	0.2621	3.04
1.571e+09	0.2579	2.946
1.586e+09	0.2602	2.959
1.601e+09	0.2085	2.54
1.615e+09	0.2105	2.551
1.631e+09	0.2125	2.572
1.646e+09	0.2155	2.59
1.661e+09	0.2147	2.596
1.676e+09	0.2154	2.596
1.691e+09	0.2056	2.555
1.706e+09	0.2069	2.58
1.722e+09	0.2087	2.467
1.737e+09	0.2105	2.487
1.752e+09	0.2096	2.483
1.768e+09	0.2123	2.498
1.784e+09	0.2173	2.525
1.8e+09	0.2201	2.539
1.816e+09	0.2184	2.517
1.832e+09	0.1915	2.285
1.848e+09	0.1706	2.156
1.864e+09	0.1735	2.175
1.88e+09	0.1741	2.188
1.896e+09	0.2674	2.8
1.913e+09	0.2642	2.817
1.929e+09	0.2617	2.805
1.945e+09	0.2572	2.823
1.962e+09	0.256	2.828
1.978e+09	0.2578	2.819
1.995e+09	0.2584	2.821
2.012e+09	0.2596	2.83
2.028e+09	0.255	2.849
2.045e+09	0.2577	2.833
2.062e+09	0.2555	2.833
2.079e+09	0.2505	2.745
2.096e+09	0.2488	2.755
2.113e+09	0.2461	2.771
2.13e+09	0.2444	2.775
2.147e+09	0.247	2.804
2.164e+09	0.25	2.798
2.182e+09	0.2529	2.795
2.199e+09	0.2517	2.809
2.217e+09	0.248	2.825
2.234e+09	0.2453	2.841
2.252e+09	0.2441	2.837
2.27e+09	0.2442	2.85
2.287e+09	0.2419	2.851
2.305e+09	0.2381	2.87
2.323e+09	0.2353	2.873
2.341e+09	0.234	2.877
2.359e+09	0.2297	2.893
2.377e+09	0.2262	2.91
2.395e+09	0.2234	2.825
2.413e+09	0.2231	2.831
2.431e+09	0.2202	2.851
2.45e+09	0.2147	2.8
2.468e+09	0.2121	2.817
2.486e+09	0.2107	2.772
2.505e+09	0.2109	2.768
2.523e+09	0.2094	2.772
2.542e+09	0.2084	2.78
2.561e+09	0.2102	2.773
2.58e+09	0.2085	2.781
2.599e+09	0.2079	2.794
2.618e+09	0.2056	2.806
2.637e+09	0.2032	2.824
2.657e+09	0.2011	2.816
2.676e+09	0.2017	2.77
2.695e+09	0.1993	2.794
2.714e+09	0.1995	2.795
2.733e+09	0.197	2.795
2.753e+09	0.1952	2.809
2.772e+09	0.1948	2.824
2.792e+09	0.1911	2.849
2.812e+09	0.1882	2.786
2.832e+09	0.1853	2.798
2.852e+09	0.1893	2.757
2.872e+09	0.1975	2.719
2.892e+09	0.1964	2.727
2.912e+09	0.1963	2.649
2.932e+09	0.1973	2.551
2.952e+09	0.1956	2.498
2.972e+09	0.1939	2.503
2.992e+09	0.1918	2.513
3.013e+09	0.1906	2.507
3.033e+09	0.1904	2.515
3.054e+09	0.1947	2.492
3.074e+09	0.1941	2.489
3.096e+09	0.1924	2.49
3.116e+09	0.191	2.497
3.137e+09	0.1884	2.456
3.158e+09	0.1872	2.402
3.179e+09	0.1843	2.419
3.2e+09	0.1867	2.422
3.222e+09	0.1853	2.423
3.243e+09	0.1846	2.419
3.264e+09	0.1825	2.433
3.286e+09	0.1833	2.422
3.307e+09	0.1813	2.437
3.329e+09	0.1795	2.389
3.35e+09	0.1774	2.404
3.372e+09	0.1758	2.393
3.394e+09	0.1738	2.409
3.416e+09	0.1722	2.422
3.438e+09	0.171	2.441
3.459e+09	0.1701	2.455
3.482e+09	0.1688	2.457
3.5e+09	0.1699	2.451
3.515e+09	0.1693	2.456
3.53e+09	0.1701	2.455
3.546e+09	0.1692	2.465
3.561e+09	0.1683	2.473
3.576e+09	0.1672	2.478
3.591e+09	0.166	2.488
3.606e+09	0.1661	2.493
3.621e+09	0.1657	2.502
3.636e+09	0.1641	2.516
3.651e+09	0.1629	2.524
3.667e+09	0.1613	2.537
3.682e+09	0.1633	2.519
3.698e+09	0.1628	2.527
3.713e+09	0.1621	2.522
3.729e+09	0.1612	2.509
3.745e+09	0.1614	2.513
3.761e+09	0.1625	2.461
3.777e+09	0.1612	2.416
3.793e+09	0.1608	2.419
3.809e+09	0.159	2.428
3.825e+09	0.16	2.412
3.841e+09	0.1581	2.427
3.857e+09	0.1577	2.437
3.874e+09	0.1567	2.449
3.89e+09	0.1556	2.45
3.906e+09	0.1558	2.452
3.922e+09	0.1545	2.418
3.939e+09	0.1551	2.419
3.954e+09	0.1547	2.423
3.971e+09	0.1541	2.431
3.987e+09	0.153	2.438
4.003e+09	0.1517	2.447
4.02e+09	0.1505	2.455
4.036e+09	0.1494	2.455
4.053e+09	0.1486	2.455
4.069e+09	0.1481	2.404
4.086e+09	0.1482	2.325
4.103e+09	0.1485	2.305
4.119e+09	0.1485	2.302
4.137e+09	0.1482	2.307
4.154e+09	0.1472	2.316
4.172e+09	0.1455	2.31
4.188e+09	0.1445	2.315
4.206e+09	0.1437	2.316
4.223e+09	0.1438	2.303
4.24e+09	0.1425	2.31
4.257e+09	0.1436	2.316
4.275e+09	0.1435	2.317
4.293e+09	0.143	2.327
4.31e+09	0.1422	2.335
4.327e+09	0.1407	2.346
4.345e+09	0.1401	2.346
4.363e+09	0.1387	2.362
4.381e+09	0.1376	2.372
4.399e+09	0.1363	2.384
4.417e+09	0.1352	2.367
4.435e+09	0.1347	2.364
4.453e+09	0.1334	2.372
4.471e+09	0.1332	2.378
4.49e+09	0.1323	2.386
4.508e+09	0.1317	2.322
4.526e+09	0.1306	2.328
4.544e+09	0.1292	2.335
4.563e+09	0.1285	2.342
4.581e+09	0.1274	2.354
4.599e+09	0.1271	2.346
4.618e+09	0.1267	2.347
4.636e+09	0.127	2.343
4.655e+09	0.1263	2.35
4.675e+09	0.1255	2.357
4.695e+09	0.126	2.36
4.715e+09	0.1247	2.368
4.735e+09	0.1243	2.38
4.755e+09	0.1237	2.389
4.777e+09	0.1229	2.395
4.797e+09	0.1222	2.405
4.818e+09	0.1217	2.41
4.836e+09	0.1206	2.416
4.854e+09	0.1232	2.406
4.872e+09	0.1225	2.384
4.891e+09	0.122	2.395
4.909e+09	0.1214	2.398
4.927e+09	0.1209	2.4
4.945e+09	0.1208	2.405
4.964e+09	0.1212	2.407
4.982e+09	0.1204	2.407
5e+09	0.1199	2.415
5.019e+09	0.1192	2.419
5.037e+09	0.1198	2.408
5.056e+09	0.1197	2.416
5.074e+09	0.1194	2.412
5.093e+09	0.1186	2.416
5.111e+09	0.1181	2.426
5.13e+09	0.1181	2.431
5.148e+09	0.1188	2.442
5.167e+09	0.1202	2.454
5.186e+09	0.1203	2.458
5.205e+09	0.1215	2.464
5.223e+09	0.1213	2.463
5.242e+09	0.1229	2.475
5.261e+09	0.1224	2.475
5.28e+09	0.123	2.475
5.299e+09	0.1231	2.477
5.318e+09	0.1236	2.48
5.337e+09	0.1239	2.481
5.356e+09	0.123	2.465
5.375e+09	0.1234	2.468
5.395e+09	0.1245	2.474
5.414e+09	0.1258	2.482
5.434e+09	0.1272	2.487
5.453e+09	0.1265	2.486
5.473e+09	0.128	2.495
5.492e+09	0.1277	2.491
5.512e+09	0.1283	2.5
5.532e+09	0.1283	2.495
5.551e+09	0.1288	2.499
5.572e+09	0.1288	2.499
5.592e+09	0.1284	2.498
5.612e+09	0.1292	2.502
5.632e+09	0.1302	2.504
5.652e+09	0.1301	2.502
5.673e+09	0.1307	2.505
5.693e+09	0.1319	2.508
5.713e+09	0.1322	2.51
5.734e+09	0.1328	2.518
5.754e+09	0.1329	2.52
5.774e+09	0.1326	2.516
5.795e+09	0.1211	2.301
5.815e+09	0.1203	2.297
5.836e+09	0.1199	2.297
5.856e+09	0.119	2.292
5.877e+09	0.1207	2.303
5.898e+09	0.1216	2.307
5.919e+09	0.1221	2.313
5.939e+09	0.123	2.318
5.96e+09	0.1241	2.326
5.981e+09	0.1254	2.329
6.002e+09	0.1259	2.333
6.023e+09	0.1273	2.342
6.044e+09	0.1283	2.349
6.065e+09	0.1292	2.356
6.086e+09	0.1283	2.351
6.107e+09	0.1276	2.344
6.129e+09	0.1208	2.177
6.151e+09	0.122	2.186
6.173e+09	0.1226	2.192
6.195e+09	0.123	2.192
6.217e+09	0.1234	2.196
6.239e+09	0.1241	2.169
6.261e+09	0.1249	2.173
6.283e+09	0.1254	2.145
6.306e+09	0.1254	2.144
6.328e+09	0.1253	2.143
6.351e+09	0.1255	2.146
6.373e+09	0.1237	2.135
6.396e+09	0.122	2.133
6.419e+09	0.1213	2.132
6.442e+09	0.1219	2.136
6.465e+09	0.1224	2.138
6.489e+09	0.1225	2.111
6.511e+09	0.1229	2.118
6.535e+09	0.116	2.098
6.557e+09	0.1175	2.108
6.58e+09	0.1174	2.081
6.603e+09	0.1177	2.07
6.626e+09	0.1185	2.074
6.649e+09	0.1201	2.085
6.673e+09	0.1204	2.06
6.697e+09	0.1215	2.069
6.719e+09	0.1217	2.076
6.743e+09	0.1215	2.077
6.766e+09	0.1203	2.073
6.79e+09	0.1194	2.072
6.814e+09	0.1198	2.075
6.838e+09	0.1188	2.048
6.861e+09	0.1193	2.026
6.884e+09	0.1209	2.034
6.908e+09	0.1223	2.043
6.932e+09	0.1235	2.049
6.956e+09	0.1241	2.054
6.979e+09	0.1251	2.061
7.004e+09	0.126	2.071
7.027e+09	0.1262	2.072
7.051e+09	0.1252	2.073
7.076e+09	0.1257	2.076
7.1e+09	0.1267	2.081
7.125e+09	0.1272	2.085
7.149e+09	0.1246	1.91
7.174e+09	0.1193	1.88
7.199e+09	0.1212	1.889
7.232e+09	0.117	1.869
7.268e+09	0.117	1.867
7.304e+09	0.1173	1.871
7.34e+09	0.1185	1.879
7.375e+09	0.1178	1.882
7.411e+09	0.1156	1.875
7.447e+09	0.1163	1.876
7.476e+09	0.1175	1.881
7.503e+09	0.1183	1.887
7.529e+09	0.119	1.884
7.556e+09	0.1201	1.889
7.583e+09	0.1207	1.893
7.61e+09	0.1154	1.852
7.637e+09	0.1159	1.856
7.664e+09	0.1175	1.863
7.691e+09	0.1124	1.818
7.718e+09	0.1135	1.824
7.745e+09	0.1129	1.814
7.773e+09	0.1137	1.817
7.8e+09	0.1149	1.821
7.827e+09	0.1156	1.825
7.855e+09	0.116	1.842
7.883e+09	0.1155	1.835
7.911e+09	0.1161	1.84
7.937e+09	0.1168	1.842
7.965e+09	0.1174	1.846
7.992e+09	0.1191	1.847
8.019e+09	0.1195	1.853
8.047e+09	0.1203	1.858
8.074e+09	0.1214	1.863
8.103e+09	0.1217	1.865
8.132e+09	0.122	1.866
8.16e+09	0.1228	1.871
8.189e+09	0.124	1.874
8.217e+09	0.121	1.87
8.245e+09	0.1176	1.857
8.273e+09	0.1179	1.854
8.302e+09	0.1167	1.849
8.331e+09	0.1171	1.853
8.36e+09	0.1175	1.857
8.389e+09	0.1141	1.839
8.419e+09	0.1147	1.844
8.447e+09	0.1158	1.849
8.476e+09	0.1165	1.851
8.504e+09	0.1164	1.845
8.533e+09	0.1169	1.842
8.561e+09	0.1163	1.841
8.591e+09	0.1162	1.836
8.62e+09	0.1172	1.841
8.65e+09	0.1176	1.84
8.679e+09	0.1176	1.832
8.708e+09	0.1183	1.836
8.738e+09	0.1192	1.84
8.767e+09	0.1197	1.842
8.796e+09	0.1212	1.849
8.825e+09	0.1201	1.848
8.855e+09	0.1206	1.84
8.884e+09	0.1212	1.845
8.914e+09	0.1215	1.849
8.942e+09	0.1218	1.85
8.971e+09	0.1221	1.85
9.001e+09	0.1229	1.854
9.031e+09	0.1243	1.855
9.061e+09	0.1249	1.858
9.089e+09	0.1261	1.864
9.119e+09	0.1262	1.864
9.148e+09	0.1251	1.852
9.179e+09	0.1254	1.853
9.21e+09	0.1267	1.86
9.239e+09	0.1286	1.868
9.268e+09	0.1294	1.871
9.297e+09	0.13	1.867
9.327e+09	0.1306	1.87
9.355e+09	0.1289	1.864
9.382e+09	0.1298	1.867
9.409e+09	0.1298	1.868
9.437e+09	0.1285	1.863
9.464e+09	0.1276	1.859
9.491e+09	0.1273	1.858
9.518e+09	0.1283	1.861
9.546e+09	0.1279	1.862
9.573e+09	0.1266	1.844
9.601e+09	0.1271	1.846
9.628e+09	0.128	1.851
9.656e+09	0.1288	1.856
9.683e+09	0.1295	1.861
9.711e+09	0.1193	1.801
9.738e+09	0.12	1.806
9.766e+09	0.1196	1.806
9.794e+09	0.1193	1.799
9.821e+09	0.1199	1.801
9.849e+09	0.1133	1.764
9.877e+09	0.1099	1.752
9.905e+09	0.1109	1.743
9.933e+09	0.112	1.746
9.961e+09	0.1132	1.75
9.989e+09	0.114	1.755
1.002e+10	0.1149	1.761
1.004e+10	0.1163	1.767
1.007e+10	0.1159	1.766
1.01e+10	0.1171	1.773
1.013e+10	0.1183	1.777
1.016e+10	0.1192	1.786
1.019e+10	0.1205	1.792
1.021e+10	0.1211	1.795
1.024e+10	0.1206	1.797
1.027e+10	0.1197	1.792
1.03e+10	0.1156	1.759
1.033e+10	0.1159	1.762
1.036e+10	0.1144	1.751
1.038e+10	0.1155	1.755
1.041e+10	0.1167	1.762
1.044e+10	0.1166	1.761
1.047e+10	0.1174	1.764
1.05e+10	0.1179	1.768
1.052e+10	0.1187	1.771
1.055e+10	0.1196	1.776
1.058e+10	0.1193	1.776
1.061e+10	0.1169	1.768
1.063e+10	0.1163	1.767
1.066e+10	0.1174	1.774
1.069e+10	0.1157	1.769
1.072e+10	0.1154	1.772
1.075e+10	0.1158	1.773
1.077e+10	0.1158	1.775
1.08e+10	0.1166	1.778
1.083e+10	0.1168	1.782
1.086e+10	0.1168	1.779
1.089e+10	0.1171	1.78
1.091e+10	0.1177	1.784
1.094e+10	0.1178	1.761
1.097e+10	0.1179	1.762
1.1e+10	0.1091	1.687
1.103e+10	0.1088	1.687
1.106e+10	0.1092	1.686
1.109e+10	0.1091	1.697
1.112e+10	0.1066	1.689
1.114e+10	0.1068	1.69
1.117e+10	0.107	1.693
1.12e+10	0.1072	1.695
1.123e+10	0.1082	1.701
1.126e+10	0.1044	1.662
1.129e+10	0.1048	1.666
1.132e+10	0.1061	1.673
1.134e+10	0.1058	1.673
1.137e+10	0.1052	1.671
1.14e+10	0.1053	1.672
1.143e+10	0.1066	1.678
1.145e+10	0.1068	1.681
1.148e+10	0.107	1.683
1.151e+10	0.1064	1.664
1.154e+10	0.1066	1.666
1.157e+10	0.1057	1.664
1.159e+10	0.1059	1.664
1.162e+10	0.1056	1.663
1.165e+10	0.1064	1.668
1.168e+10	0.09917	1.619
1.171e+10	0.09959	1.621
1.173e+10	0.0964	1.592
1.176e+10	0.09728	1.596
1.179e+10	0.08976	1.568
1.182e+10	0.09048	1.571
1.185e+10	0.09108	1.575
1.188e+10	0.09185	1.582
1.19e+10	0.09187	1.582
1.193e+10	0.09276	1.586
1.196e+10	0.09266	1.585
1.199e+10	0.09307	1.588
1.202e+10	0.09094	1.577
1.204e+10	0.09162	1.581
1.207e+10	0.09212	1.584
1.21e+10	0.09297	1.588
1.213e+10	0.09257	1.585
1.216e+10	0.09271	1.577
1.219e+10	0.09326	1.581
1.221e+10	0.09469	1.589
1.224e+10	0.09514	1.59
1.227e+10	0.09623	1.596
1.23e+10	0.09482	1.59
1.232e+10	0.09436	1.591
1.235e+10	0.09486	1.594
1.238e+10	0.09234	1.583
1.241e+10	0.093	1.587
1.244e+10	0.09065	1.576
1.246e+10	0.0893	1.571
1.249e+10	0.09033	1.577
1.252e+10	0.09044	1.578
1.255e+10	0.08906	1.57
1.257e+10	0.08764	1.565
1.26e+10	0.0876	1.566
1.263e+10	0.08737	1.558
1.266e+10	0.088	1.561
1.269e+10	0.07708	1.511
1.272e+10	0.07779	1.517
1.274e+10	0.0772	1.516
1.277e+10	0.07686	1.515
1.28e+10	0.07744	1.52
1.283e+10	0.07843	1.525
1.286e+10	0.07905	1.53
1.289e+10	0.07815	1.528
1.291e+10	0.07856	1.53
1.294e+10	0.07926	1.525
1.297e+10	0.07928	1.526
1.3e+10	0.06995	1.484
1.303e+10	0.07056	1.486
1.306e+10	0.07148	1.49
1.308e+10	0.07234	1.496
1.311e+10	0.06424	1.454
1.314e+10	0.06477	1.449
1.317e+10	0.06424	1.438
1.32e+10	0.06283	1.43
1.323e+10	0.06381	1.437
1.325e+10	0.0639	1.439
1.328e+10	0.06401	1.44
1.331e+10	0.06415	1.44
1.334e+10	0.06228	1.42
1.336e+10	0.06261	1.423
1.339e+10	0.06273	1.426
1.342e+10	0.06284	1.429
1.345e+10	0.06296	1.431
1.348e+10	0.06357	1.434
1.35e+10	0.06472	1.441
1.353e+10	0.06446	1.438
1.356e+10	0.06472	1.442
1.359e+10	0.065	1.442
1.361e+10	0.06461	1.439
1.364e+10	0.06506	1.443
1.367e+10	0.06567	1.447
1.37e+10	0.06389	1.426
1.373e+10	0.06383	1.427
1.376e+10	0.0642	1.43
1.378e+10	0.06474	1.426
1.381e+10	0.06489	1.426
1.384e+10	0.06554	1.433
1.387e+10	0.06363	1.423
1.39e+10	0.0613	1.397
1.392e+10	0.06179	1.399
1.395e+10	0.06038	1.389
1.398e+10	0.06057	1.393
1.401e+10	0.05578	1.359
1.404e+10	0.05586	1.361
1.407e+10	0.05627	1.364
1.41e+10	0.05643	1.368
1.412e+10	0.05684	1.372
1.415e+10	0.05709	1.375
1.418e+10	0.05761	1.372
1.421e+10	0.05801	1.377
1.424e+10	0.05764	1.376
1.427e+10	0.05824	1.381
1.429e+10	0.05831	1.376
1.432e+10	0.05869	1.377
1.435e+10	0.05892	1.377
1.438e+10	0.05915	1.381
1.441e+10	0.05931	1.384
1.444e+10	0.05941	1.386
1.446e+10	0.06001	1.391
1.449e+10	0.0652	1.387
1.452e+10	0.06498	1.39
1.455e+10	0.06464	1.39
1.457e+10	0.06461	1.39
1.46e+10	0.0644	1.391
1.463e+10	0.0641	1.391
1.466e+10	0.06376	1.392
1.469e+10	0.06374	1.392
1.471e+10	0.06323	1.394
1.474e+10	0.06283	1.395
1.477e+10	0.06225	1.396
1.48e+10	0.062	1.394
1.482e+10	0.06198	1.395
1.485e+10	0.06169	1.393
1.488e+10	0.06143	1.395
1.491e+10	0.06118	1.397
1.494e+10	0.06059	1.398
1.497e+10	0.06094	1.406
1.5e+10	0.06112	1.406
1.502e+10	0.06083	1.406
1.505e+10	0.06094	1.406
1.508e+10	0.06095	1.407
1.511e+10	0.06062	1.408
1.514e+10	0.06008	1.405
1.517e+10	0.05972	1.406
1.519e+10	0.05949	1.408
1.522e+10	0.05966	1.415
1.525e+10	0.06157	1.415
1.528e+10	0.06134	1.416
1.531e+10	0.06131	1.417
1.534e+10	0.06125	1.418
1.537e+10	0.06258	1.402
1.539e+10	0.0621	1.396
1.542e+10	0.06194	1.396
1.545e+10	0.06162	1.398
1.548e+10	0.06127	1.396
1.551e+10	0.06115	1.397
1.554e+10	0.06066	1.398
1.557e+10	0.06037	1.399
1.559e+10	0.05992	1.402
1.562e+10	0.06016	1.396
1.565e+10	0.05979	1.398
1.568e+10	0.05991	1.398
1.571e+10	0.05965	1.399
1.574e+10	0.05927	1.396
1.577e+10	0.05888	1.39
1.58e+10	0.05968	1.388
1.583e+10	0.05968	1.391
1.585e+10	0.05931	1.39
1.588e+10	0.05901	1.392
1.591e+10	0.05883	1.392
1.594e+10	0.05851	1.387
1.597e+10	0.06223	1.538
1.6e+10	0.06209	1.534
1.603e+10	0.06175	1.534
1.606e+10	0.0617	1.533
1.609e+10	0.06164	1.538
1.611e+10	0.06129	1.538
1.614e+10	0.06105	1.536
1.617e+10	0.06087	1.537
1.62e+10	0.06071	1.534
1.623e+10	0.06054	1.533
1.626e+10	0.06021	1.533
1.629e+10	0.06007	1.532
1.632e+10	0.05967	1.531
1.636e+10	0.05932	1.531
1.639e+10	0.05913	1.53
1.642e+10	0.05893	1.53
1.645e+10	0.05845	1.53
1.648e+10	0.05813	1.529
1.651e+10	0.05804	1.529
1.654e+10	0.05816	1.527
1.657e+10	0.05797	1.527
1.661e+10	0.05764	1.527
1.664e+10	0.0573	1.527
1.667e+10	0.05719	1.521
1.67e+10	0.05698	1.521
1.673e+10	0.05705	1.521
1.676e+10	0.0567	1.52
1.679e+10	0.05675	1.518
1.683e+10	0.05662	1.518
1.686e+10	0.05664	1.519
1.689e+10	0.0566	1.518
1.692e+10	0.05684	1.518
1.695e+10	0.05646	1.518
1.698e+10	0.05635	1.518
1.701e+10	0.0561	1.519
1.704e+10	0.05586	1.516
1.708e+10	0.05568	1.516
1.711e+10	0.05564	1.517
1.714e+10	0.05533	1.515
1.717e+10	0.05531	1.515
1.72e+10	0.05531	1.515
1.723e+10	0.05531	1.515
1.726e+10	0.05531	1.515
1.729e+10	0.05531	1.515
1.732e+10	0.05531	1.515
1.736e+10	0.05531	1.515
1.739e+10	0.05531	1.515
1.742e+10	0.05531	1.515
1.746e+10	0.05531	1.515
1.749e+10	0.05531	1.515
1.752e+10	0.05531	1.515
1.755e+10	0.0554	1.514
1.758e+10	0.05541	1.508
1.761e+10	0.05566	1.508
1.764e+10	0.05532	1.505
1.767e+10	0.0557	1.504
1.771e+10	0.05591	1.499
1.774e+10	0.05633	1.498
1.777e+10	0.05597	1.5
1.78e+10	0.05611	1.501
1.783e+10	0.05662	1.501
1.787e+10	0.05671	1.502
1.79e+10	0.05724	1.501
1.793e+10	0.05761	1.5
1.796e+10	0.05806	1.499
1.799e+10	0.05878	1.498
1.802e+10	0.05822	1.497
1.806e+10	0.05806	1.496
1.809e+10	0.05792	1.493
1.812e+10	0.05868	1.493
1.815e+10	0.05919	1.493
1.818e+10	0.0592	1.482
1.821e+10	0.05969	1.482
1.824e+10	0.05924	1.481
1.828e+10	0.05844	1.386
1.831e+10	0.05897	1.388
1.834e+10	0.05924	1.387
1.837e+10	0.05945	1.388
1.84e+10	0.0597	1.388
1.843e+10	0.06002	1.388
1.847e+10	0.05996	1.387
1.85e+10	0.06056	1.388
1.853e+10	0.06092	1.388
1.856e+10	0.06126	1.388
1.859e+10	0.06161	1.388
1.862e+10	0.06198	1.388
1.865e+10	0.06144	1.387
1.869e+10	0.0609	1.385
1.872e+10	0.0615	1.386
1.875e+10	0.06191	1.385
1.878e+10	0.06242	1.386
1.881e+10	0.06296	1.387
1.885e+10	0.06343	1.388
1.888e+10	0.0639	1.389
1.891e+10	0.06395	1.389
1.894e+10	0.06452	1.389
1.897e+10	0.06482	1.388
1.9e+10	0.06534	1.388
1.903e+10	0.06561	1.383
1.907e+10	0.06601	1.383
1.91e+10	0.06663	1.383
1.913e+10	0.06702	1.383
1.916e+10	0.06285	1.349
1.919e+10	0.0635	1.349
1.922e+10	0.06294	1.348
1.925e+10	0.06341	1.348
1.928e+10	0.06226	1.352
1.931e+10	0.06212	1.35
1.935e+10	0.0623	1.349
1.938e+10	0.06225	1.344
1.941e+10	0.06282	1.345
1.944e+10	0.06293	1.345
1.947e+10	0.0626	1.342
1.95e+10	0.06329	1.342
1.953e+10	0.06241	1.346
1.957e+10	0.06221	1.339
1.96e+10	0.06238	1.339
1.963e+10	0.06061	1.333
1.966e+10	0.05713	1.328
1.969e+10	0.05738	1.328
1.973e+10	0.05677	1.326
1.976e+10	0.05707	1.328
1.979e+10	0.05708	1.327
1.982e+10	0.05632	1.327
1.985e+10	0.05681	1.326
1.988e+10	0.05689	1.327
1.991e+10	0.05702	1.326
1.995e+10	0.05724	1.326
1.998e+10	0.0571	1.327
2.001e+10	0.05733	1.326
2.004e+10	0.05777	1.326
2.007e+10	0.0584	1.326
2.01e+10	0.05755	1.329
2.013e+10	0.05727	1.328
2.016e+10	0.05767	1.327
2.019e+10	0.05763	1.327
2.023e+10	0.05749	1.324
2.026e+10	0.05744	1.325
2.029e+10	0.05783	1.325
2.032e+10	0.05791	1.325
2.035e+10	0.05781	1.324
2.038e+10	0.05798	1.323
2.042e+10	0.05835	1.324
2.045e+10	0.05882	1.324
2.048e+10	0.05914	1.319
2.051e+10	0.05735	1.318
2.054e+10	0.0577	1.317
2.057e+10	0.05819	1.316
2.06e+10	0.05736	1.312
2.063e+10	0.05766	1.312
2.067e+10	0.05785	1.312
2.07e+10	0.05843	1.313
2.073e+10	0.05886	1.321
2.076e+10	0.05859	1.321
2.079e+10	0.05919	1.321
2.082e+10	0.0593	1.321
2.085e+10	0.05927	1.321
2.089e+10	0.05955	1.322
2.092e+10	0.05965	1.321
2.095e+10	0.06003	1.321
2.098e+10	0.0608	1.323
2.101e+10	0.06098	1.318
2.104e+10	0.06117	1.315
2.107e+10	0.06162	1.315
2.111e+10	0.06189	1.315
2.114e+10	0.06125	1.311
2.117e+10	0.06171	1.31
2.12e+10	0.06233	1.309
2.123e+10	0.06229	1.309
2.126e+10	0.0623	1.309
2.129e+10	0.06287	1.31
2.133e+10	0.06352	1.309
2.136e+10	0.06368	1.304
2.139e+10	0.06437	1.304
2.142e+10	0.06107	1.274
2.145e+10	0.06116	1.273
2.148e+10	0.06169	1.272
2.152e+10	0.06176	1.272
2.155e+10	0.06209	1.268
2.158e+10	0.06267	1.268
2.161e+10	0.06238	1.267
2.164e+10	0.06212	1.268
2.167e+10	0.06273	1.268
2.171e+10	0.06341	1.268
2.174e+10	0.06388	1.269
2.177e+10	0.06396	1.264
2.18e+10	0.0639	1.266
2.183e+10	0.06374	1.265
2.186e+10	0.06372	1.265
2.19e+10	0.06426	1.266
2.193e+10	0.06516	1.267
2.196e+10	0.06578	1.267
2.199e+10	0.06587	1.267
2.202e+10	0.06587	1.265
2.205e+10	0.06603	1.265
2.209e+10	0.06601	1.262
2.212e+10	0.06659	1.262
2.215e+10	0.06704	1.262
2.218e+10	0.06702	1.262
2.221e+10	0.06719	1.263
2.224e+10	0.06737	1.262
2.227e+10	0.06783	1.261
2.231e+10	0.06797	1.261
2.234e+10	0.06828	1.253
2.237e+10	0.0685	1.253
2.24e+10	0.06886	1.254
2.243e+10	0.06805	1.253
2.246e+10	0.06694	1.253
2.249e+10	0.06696	1.251
2.253e+10	0.06756	1.251
2.256e+10	0.06782	1.253
2.259e+10	0.06827	1.253
2.262e+10	0.06853	1.25
2.265e+10	0.05739	1.25
2.268e+10	0.05754	1.252
2.271e+10	0.0578	1.253
2.275e+10	0.05784	1.254
2.278e+10	0.05824	1.255
2.281e+10	0.05836	1.256
2.284e+10	0.05843	1.258
2.287e+10	0.05873	1.258
2.29e+10	0.05871	1.258
2.293e+10	0.05828	1.256
2.297e+10	0.05765	1.258
2.3e+10	0.05806	1.258
2.303e+10	0.05813	1.256
2.306e+10	0.05862	1.257
2.309e+10	0.05924	1.259
2.312e+10	0.05931	1.255
2.316e+10	0.05938	1.258
2.319e+10	0.05942	1.258
2.322e+10	0.05922	1.258
2.325e+10	0.05948	1.254
2.328e+10	0.05992	1.256
2.331e+10	0.06	1.249
2.335e+10	0.06037	1.249
2.338e+10	0.06085	1.251
2.341e+10	0.06125	1.252
2.344e+10	0.06138	1.252
2.347e+10	0.06056	1.251
2.351e+10	0.06047	1.252
2.354e+10	0.05998	1.253
2.357e+10	0.06033	1.254
2.36e+10	0.06101	1.255
2.363e+10	0.0613	1.253
2.366e+10	0.06103	1.254
2.37e+10	0.06104	1.254
2.373e+10	0.06098	1.25
2.376e+10	0.06129	1.251
2.379e+10	0.06135	1.251
2.382e+10	0.06176	1.254
2.386e+10	0.06186	1.255
2.389e+10	0.06189	1.252
2.392e+10	0.06171	1.25
2.395e+10	0.0615	1.25
2.398e+10	0.06056	1.275
2.401e+10	0.06061	1.272
2.404e+10	0.06114	1.272
2.407e+10	0.06096	1.267
2.41e+10	0.06156	1.268
2.414e+10	0.06038	1.262
2.417e+10	0.06031	1.259
2.42e+10	0.06028	1.26
2.423e+10	0.05905	1.256
2.426e+10	0.05935	1.253
2.429e+10	0.05929	1.248
2.433e+10	0.05969	1.249
2.436e+10	0.05987	1.25
2.439e+10	0.06022	1.248
2.442e+10	0.0606	1.25
2.445e+10	0.06076	1.251
2.448e+10	0.06063	1.252
2.451e+10	0.06065	1.252
2.455e+10	0.06079	1.246
2.458e+10	0.06126	1.247
2.461e+10	0.06174	1.244
2.464e+10	0.06178	1.243
2.467e+10	0.06194	1.244
2.471e+10	0.0625	1.245
2.474e+10	0.06276	1.246
2.477e+10	0.06334	1.247
2.48e+10	0.06326	1.248
2.483e+10	0.05735	1.244
2.486e+10	0.05747	1.244
2.49e+10	0.05758	1.244
2.493e+10	0.0581	1.245
2.496e+10	0.05669	1.238
2.499e+10	0.05722	1.239
2.502e+10	0.05793	1.239
2.505e+10	0.05819	1.241
2.508e+10	0.05839	1.237
2.512e+10	0.05897	1.239
2.515e+10	0.05938	1.239
2.518e+10	0.05981	1.241
2.521e+10	0.05832	1.237
2.524e+10	0.05823	1.237
2.528e+10	0.05815	1.233
2.531e+10	0.05757	1.257
2.534e+10	0.05781	1.259
2.537e+10	0.05797	1.26
2.54e+10	0.05803	1.26
2.543e+10	0.05721	1.259
2.546e+10	0.05727	1.253
2.549e+10	0.0575	1.25
2.553e+10	0.05791	1.25
2.556e+10	0.05785	1.249
2.559e+10	0.05393	1.23
2.562e+10	0.05175	1.226
2.565e+10	0.05174	1.226
2.568e+10	0.0521	1.225
2.571e+10	0.05243	1.226
2.575e+10	0.05243	1.227
2.578e+10	0.05222	1.227
2.581e+10	0.05168	1.224
2.584e+10	0.05136	1.226
2.588e+10	0.05144	1.228
2.591e+10	0.05133	1.228
2.594e+10	0.05112	1.23
2.597e+10	0.05111	1.231
2.6e+10	0.05153	1.23
2.603e+10	0.05167	1.231
2.606e+10	0.05185	1.232
2.61e+10	0.05153	1.233
2.613e+10	0.04977	1.228
2.616e+10	0.05002	1.228
2.619e+10	0.05005	1.229
2.623e+10	0.05054	1.23
2.626e+10	0.05063	1.233
2.629e+10	0.05073	1.23
2.632e+10	0.05109	1.231
2.635e+10	0.05136	1.233
2.638e+10	0.05159	1.234
2.641e+10	0.05188	1.235
2.644e+10	0.05186	1.236
2.647e+10	0.051	1.239
2.65e+10	0.04929	1.238
2.654e+10	0.04977	1.24
2.657e+10	0.04964	1.241
2.66e+10	0.04979	1.242
2.663e+10	0.04961	1.237
2.666e+10	0.05	1.238
2.669e+10	0.05012	1.238
2.672e+10	0.05058	1.238
2.676e+10	0.05098	1.24
2.679e+10	0.05122	1.24
2.682e+10	0.05169	1.24
2.685e+10	0.0521	1.241
2.688e+10	0.05218	1.243
2.691e+10	0.05235	1.244
2.694e+10	0.05227	1.244
2.698e+10	0.05221	1.246
2.701e+10	0.05239	1.242
2.704e+10	0.05281	1.24
2.707e+10	0.05304	1.239
2.71e+10	0.05333	1.239
2.714e+10	0.05313	1.239
2.716e+10	0.05327	1.24
2.72e+10	0.05341	1.241
2.723e+10	0.05372	1.242
2.726e+10	0.05413	1.243
2.729e+10	0.05371	1.243
2.732e+10	0.05418	1.242
2.735e+10	0.0542	1.241
2.738e+10	0.0539	1.241
2.742e+10	0.05263	1.236
2.745e+10	0.05143	1.236
2.748e+10	0.05085	1.236
2.751e+10	0.05084	1.236
2.754e+10	0.04926	1.234
2.758e+10	0.04934	1.234
2.761e+10	0.04891	1.177
2.764e+10	0.04907	1.178
2.767e+10	0.04883	1.182
2.77e+10	0.04912	1.181
2.773e+10	0.04903	1.182
2.777e+10	0.04937	1.182
2.78e+10	0.04933	1.184
2.783e+10	0.04973	1.185
2.786e+10	0.04997	1.181
2.789e+10	0.0494	1.175
2.792e+10	0.04969	1.176
2.796e+10	0.04995	1.176
2.799e+10	0.04944	1.176
2.802e+10	0.04949	1.177
2.805e+10	0.04995	1.178
2.808e+10	0.04989	1.176
2.811e+10	0.05016	1.175
2.814e+10	0.05038	1.176
2.817e+10	0.05031	1.176
2.821e+10	0.05061	1.176
2.824e+10	0.05082	1.176
2.827e+10	0.05117	1.177
2.83e+10	0.04684	1.19
2.833e+10	0.04666	1.189
2.836e+10	0.04654	1.189
2.839e+10	0.04679	1.19
2.843e+10	0.04681	1.188
2.846e+10	0.04718	1.188
2.849e+10	0.04734	1.188
2.852e+10	0.04713	1.185
2.855e+10	0.04622	1.182
2.858e+10	0.04643	1.182
2.862e+10	0.04681	1.182
2.865e+10	0.04684	1.182
2.868e+10	0.04699	1.182
2.871e+10	0.04704	1.182
2.874e+10	0.04731	1.182
2.877e+10	0.04791	1.182
2.88e+10	0.04826	1.182
2.884e+10	0.04848	1.182
2.887e+10	0.04795	1.182
2.89e+10	0.04811	1.182
2.893e+10	0.04862	1.183
2.897e+10	0.04902	1.18
2.9e+10	0.04914	1.179
2.903e+10	0.04938	1.18
2.906e+10	0.04972	1.179
2.909e+10	0.05008	1.18
2.913e+10	0.05029	1.18
2.916e+10	0.0506	1.179
2.919e+10	0.05092	1.178
2.922e+10	0.05127	1.177
2.925e+10	0.05161	1.176
2.928e+10	0.05085	1.174
2.932e+10	0.05083	1.174
2.935e+10	0.04992	1.189
2.938e+10	0.04839	1.189
2.941e+10	0.04856	1.188
2.944e+10	0.0489	1.188
2.947e+10	0.04902	1.188
2.951e+10	0.04897	1.189
2.954e+10	0.04886	1.189
2.957e+10	0.04923	1.19
2.96e+10	0.04939	1.191
2.963e+10	0.04928	1.192
2.966e+10	0.04933	1.189
2.97e+10	0.04951	1.189
2.973e+10	0.04995	1.188
2.976e+10	0.05014	1.189
2.979e+10	0.04954	1.191
2.982e+10	0.04926	1.189
2.985e+10	0.04951	1.189
2.988e+10	0.04128	1.183
2.992e+10	0.04138	1.183
2.995e+10	0.04126	1.182
2.998e+10	0.04114	1.183
3.001e+10	0.04107	1.183
3.004e+10	0.0411	1.183
3.007e+10	0.04102	1.181
3.01e+10	0.04113	1.182
3.014e+10	0.04094	1.18
3.017e+10	0.04057	1.178
3.02e+10	0.04061	1.177
3.023e+10	0.0408	1.177
3.026e+10	0.041	1.177
3.029e+10	0.04089	1.176
3.033e+10	0.04105	1.176
3.036e+10	0.04143	1.176
3.039e+10	0.04165	1.175
3.042e+10	0.04149	1.176
3.045e+10	0.0402	1.171
3.048e+10	0.04035	1.17
3.052e+10	0.04046	1.17
3.055e+10	0.04065	1.171
3.058e+10	0.04051	1.171
3.061e+10	0.04057	1.171
3.064e+10	0.04097	1.173
3.067e+10	0.04112	1.174
3.07e+10	0.04112	1.174
3.074e+10	0.03995	1.173
3.077e+10	0.03995	1.173
3.08e+10	0.04024	1.174
3.083e+10	0.04055	1.175
3.086e+10	0.04074	1.175
3.089e+10	0.04112	1.176
3.093e+10	0.04137	1.177
3.096e+10	0.04159	1.178
3.099e+10	0.04171	1.177
3.102e+10	0.04199	1.178
3.105e+10	0.04188	1.179
3.108e+10	0.04216	1.177
3.111e+10	0.04224	1.176
3.115e+10	0.04245	1.177
3.118e+10	0.04253	1.177
3.121e+10	0.0429	1.178
3.124e+10	0.04337	1.178
3.127e+10	0.04365	1.18
3.13e+10	0.0438	1.181
3.134e+10	0.04399	1.181
3.137e+10	0.04407	1.182
3.14e+10	0.04399	1.182
3.143e+10	0.04408	1.181
3.146e+10	0.04364	1.181
3.149e+10	0.04357	1.176
3.153e+10	0.04396	1.178
3.156e+10	0.04402	1.176
3.159e+10	0.0431	1.172
3.162e+10	0.04257	1.173
3.165e+10	0.04267	1.173
3.168e+10	0.04276	1.173
3.172e+10	0.04258	1.173
3.175e+10	0.04264	1.173
3.178e+10	0.04273	1.174
3.181e+10	0.04209	1.172
3.184e+10	0.04061	1.171
3.187e+10	0.0409	1.171
3.19e+10	0.04096	1.173
3.194e+10	0.04091	1.172
3.197e+10	0.04148	1.172
3.2e+10	0.04084	1.174
3.203e+10	0.0402	1.174
3.206e+10	0.04036	1.173
3.209e+10	0.04069	1.174
3.212e+10	0.04085	1.174
3.216e+10	0.04117	1.175
3.219e+10	0.04108	1.176
3.222e+10	0.04108	1.177
3.225e+10	0.04113	1.177
3.229e+10	0.04037	1.172
3.232e+10	0.04035	1.173
3.235e+10	0.03984	1.174
3.238e+10	0.03992	1.174
3.241e+10	0.04028	1.176
3.244e+10	0.04045	1.176
3.247e+10	0.04046	1.177
3.25e+10	0.04083	1.178
3.253e+10	0.04109	1.179
3.257e+10	0.04133	1.177
3.26e+10	0.03899	1.168
3.263e+10	0.03912	1.167
3.266e+10	0.03665	1.156
3.269e+10	0.03655	1.158
3.272e+10	0.03656	1.157
3.275e+10	0.0368	1.158
3.279e+10	0.03712	1.158
3.282e+10	0.03738	1.159
3.285e+10	0.0373	1.156
3.288e+10	0.03755	1.157
3.291e+10	0.03777	1.158
3.294e+10	0.03806	1.159
3.297e+10	0.03815	1.161
3.3e+10	0.03841	1.162
3.304e+10	0.03828	1.163
3.307e+10	0.03834	1.165
3.31e+10	0.03847	1.165
3.313e+10	0.03874	1.167
3.316e+10	0.03905	1.166
3.319e+10	0.03791	1.159
3.323e+10	0.03776	1.161
3.326e+10	0.03742	1.159
3.329e+10	0.03752	1.16
3.332e+10	0.03697	1.156
3.335e+10	0.0368	1.157
3.339e+10	0.03689	1.157
3.342e+10	0.03671	1.157
3.345e+10	0.03677	1.157
3.348e+10	0.03693	1.158
3.351e+10	0.03727	1.158
3.354e+10	0.03751	1.159
3.358e+10	0.03768	1.158
3.361e+10	0.03799	1.159
3.364e+10	0.03742	1.157
3.367e+10	0.03759	1.159
3.37e+10	0.03801	1.159
3.374e+10	0.03802	1.16
3.377e+10	0.03814	1.161
3.38e+10	0.03798	1.161
3.383e+10	0.03819	1.161
3.386e+10	0.0385	1.162
3.389e+10	0.03853	1.163
3.393e+10	0.03894	1.164
3.396e+10	0.03844	1.164
3.399e+10	0.03773	1.118
3.402e+10	0.03795	1.116
3.405e+10	0.03811	1.117
3.408e+10	0.03807	1.117
3.412e+10	0.03822	1.117
3.415e+10	0.03825	1.118
3.418e+10	0.03841	1.116
3.421e+10	0.03837	1.113
3.424e+10	0.03813	1.113
3.427e+10	0.0385	1.113
3.431e+10	0.03886	1.114
3.434e+10	0.03919	1.114
3.437e+10	0.03963	1.116
3.44e+10	0.03982	1.116
3.443e+10	0.03989	1.117
3.446e+10	0.0398	1.118
3.45e+10	0.04009	1.116
3.453e+10	0.04021	1.117
3.456e+10	0.03971	1.117
3.459e+10	0.03971	1.117
3.462e+10	0.0365	1.118
3.465e+10	0.03663	1.118
3.469e+10	0.03675	1.121
3.472e+10	0.03672	1.121
3.475e+10	0.03668	1.118
3.478e+10	0.03659	1.118
3.481e+10	0.03665	1.119
3.484e+10	0.0367	1.119
3.488e+10	0.03676	1.118
3.491e+10	0.03697	1.119
3.494e+10	0.03691	1.119
3.497e+10	0.03722	1.119
3.5e+10	0.03727	1.12
3.504e+10	0.03708	1.122
3.507e+10	0.03716	1.123
3.51e+10	0.03716	1.124
3.513e+10	0.03689	1.121
3.516e+10	0.03701	1.121
3.519e+10	0.03688	1.121
3.522e+10	0.03711	1.122
3.525e+10	0.03722	1.123
3.529e+10	0.03746	1.124
3.532e+10	0.03767	1.125
3.535e+10	0.03785	1.125
3.538e+10	0.03786	1.122
3.542e+10	0.03807	1.123
3.545e+10	0.03825	1.124
3.548e+10	0.0383	1.125
3.551e+10	0.03869	1.124
3.554e+10	0.03878	1.124
3.557e+10	0.03894	1.125
3.561e+10	0.03909	1.125
3.564e+10	0.03926	1.123
3.567e+10	0.03934	1.124
3.57e+10	0.03898	1.124
3.573e+10	0.03903	1.124
3.576e+10	0.03877	1.124
3.58e+10	0.03876	1.122
3.583e+10	0.03909	1.123
3.586e+10	0.03929	1.124
3.589e+10	0.03925	1.119
3.592e+10	0.03939	1.12
3.595e+10	0.03977	1.121
3.599e+10	0.03975	1.119
3.602e+10	0.03966	1.116
3.605e+10	0.03985	1.117
3.608e+10	0.04004	1.117
3.611e+10	0.04016	1.118
3.614e+10	0.04021	1.118
3.617e+10	0.04036	1.12
3.621e+10	0.04043	1.122
3.624e+10	0.04067	1.123
3.627e+10	0.0408	1.124
3.63e+10	0.04092	1.125
3.633e+10	0.04114	1.125
3.636e+10	0.04132	1.126
3.64e+10	0.0415	1.127
3.643e+10	0.04149	1.128
3.646e+10	0.04173	1.128
3.649e+10	0.03993	1.127
3.652e+10	0.03986	1.127
3.655e+10	0.04005	1.128
3.659e+10	0.04014	1.129
3.662e+10	0.04042	1.129
3.665e+10	0.04055	1.13
3.668e+10	0.04077	1.13
3.671e+10	0.04076	1.126
3.674e+10	0.04096	1.127
3.677e+10	0.04117	1.127
3.68e+10	0.04142	1.127
3.684e+10	0.04166	1.128
3.687e+10	0.04193	1.129
3.69e+10	0.04209	1.13
3.693e+10	0.04157	1.13
3.696e+10	0.04057	1.123
3.7e+10	0.04067	1.123
3.703e+10	0.04086	1.124
3.706e+10	0.04114	1.124
3.709e+10	0.04123	1.124
3.712e+10	0.04138	1.125
3.716e+10	0.04165	1.125
3.719e+10	0.04166	1.125
3.722e+10	0.04196	1.126
3.725e+10	0.04225	1.127
3.728e+10	0.04248	1.127
3.732e+10	0.0425	1.128
3.735e+10	0.04184	1.128
3.738e+10	0.04183	1.126
3.741e+10	0.0421	1.128
3.744e+10	0.04229	1.126
3.747e+10	0.04231	1.126
3.751e+10	0.04239	1.128
3.754e+10	0.04272	1.128
3.757e+10	0.04284	1.13
3.76e+10	0.04151	1.13
3.763e+10	0.04181	1.131
3.766e+10	0.04199	1.132
3.769e+10	0.04207	1.132
3.772e+10	0.04202	1.137
3.776e+10	0.04225	1.137
3.779e+10	0.04248	1.138
3.782e+10	0.04173	1.137
3.785e+10	0.04105	1.132
3.788e+10	0.04103	1.14
3.791e+10	0.04105	1.14
3.795e+10	0.04107	1.139
3.798e+10	0.04106	1.145
3.801e+10	0.0409	1.144
3.804e+10	0.04091	1.144
3.807e+10	0.0409	1.143
3.81e+10	0.04039	1.143
3.813e+10	0.0405	1.143
3.816e+10	0.04031	1.141
3.82e+10	0.03974	1.142
3.823e+10	0.04002	1.142
3.826e+10	0.04001	1.148
3.829e+10	0.04021	1.147
3.832e+10	0.04047	1.147
3.835e+10	0.04059	1.146
3.838e+10	0.0409	1.147
3.842e+10	0.03881	1.15
3.845e+10	0.03873	1.15
3.848e+10	0.03816	1.15
3.851e+10	0.0381	1.151
3.854e+10	0.03838	1.151
3.857e+10	0.03868	1.151
3.86e+10	0.03862	1.151
3.863e+10	0.0386	1.15
3.867e+10	0.03869	1.151
3.87e+10	0.03894	1.151
3.873e+10	0.03881	1.151
3.876e+10	0.03869	1.15
3.879e+10	0.0389	1.15
3.883e+10	0.03888	1.15
3.886e+10	0.03905	1.151
3.889e+10	0.03908	1.149
3.892e+10	0.03888	1.11
3.895e+10	0.03879	1.11
3.898e+10	0.03883	1.11
3.902e+10	0.03892	1.11
3.905e+10	0.03887	1.109
3.908e+10	0.03883	1.109
3.911e+10	0.03911	1.109
3.914e+10	0.03931	1.109
3.918e+10	0.03916	1.108
3.921e+10	0.03914	1.109
3.924e+10	0.03943	1.109
3.927e+10	0.03868	1.108
3.93e+10	0.03872	1.108
3.933e+10	0.0388	1.107
3.937e+10	0.03908	1.108
3.94e+10	0.03941	1.107
3.943e+10	0.03941	1.108
3.946e+10	0.03946	1.108
3.949e+10	0.03974	1.108
3.952e+10	0.03996	1.108
3.956e+10	0.04021	1.109
3.959e+10	0.04022	1.108
3.962e+10	0.04033	1.108
3.965e+10	0.04055	1.109
3.968e+10	0.04071	1.109
3.971e+10	0.04095	1.114
3.975e+10	0.03959	1.111
3.978e+10	0.03912	1.111
3.981e+10	0.03913	1.111
3.984e+10	0.03937	1.111
3.988e+10	0.03948	1.111
3.991e+10	0.03965	1.111
3.994e+10	0.03997	1.112
3.997e+10	0.04016	1.112
4.001e+10	0.04028	1.112
4.004e+10	0.04052	1.112
4.007e+10	0.04065	1.109
4.01e+10	0.04073	1.107
4.013e+10	0.04097	1.107
4.017e+10	0.04093	1.107
4.02e+10	0.04111	1.107
4.023e+10	0.04021	1.106
4.026e+10	0.04062	1.106
4.029e+10	0.0406	1.105
4.032e+10	0.04074	1.107
4.036e+10	0.04103	1.107
4.039e+10	0.03985	1.096
4.042e+10	0.03972	1.097
4.045e+10	0.04018	1.097
4.048e+10	0.04001	1.097
4.052e+10	0.04024	1.098
4.055e+10	0.0399	1.098
4.058e+10	0.03994	1.097
4.061e+10	0.03856	1.095
4.064e+10	0.03883	1.094
4.067e+10	0.03909	1.095
4.07e+10	0.03913	1.093
4.074e+10	0.03939	1.093
4.077e+10	0.03944	1.091
4.08e+10	0.03969	1.091
4.084e+10	0.03991	1.092
4.087e+10	0.04022	1.092
4.09e+10	0.04031	1.09
4.093e+10	0.04021	1.091
4.097e+10	0.04054	1.091
4.1e+10	0.04086	1.09
4.104e+10	0.04123	1.091
4.107e+10	0.04151	1.092
4.11e+10	0.04157	1.092
4.114e+10	0.04183	1.092
4.117e+10	0.04207	1.092
4.12e+10	0.04221	1.092
4.124e+10	0.04237	1.092
4.127e+10	0.04218	1.093
4.131e+10	0.04228	1.092
4.134e+10	0.04239	1.092
4.137e+10	0.04248	1.092
4.141e+10	0.04187	1.092
4.144e+10	0.04201	1.092
4.147e+10	0.04203	1.091
4.15e+10	0.04194	1.092
4.154e+10	0.04224	1.091
4.157e+10	0.0425	1.09
4.161e+10	0.04269	1.089
4.164e+10	0.04276	1.088
4.167e+10	0.04281	1.089
4.171e+10	0.04289	1.088
4.174e+10	0.04311	1.088
4.178e+10	0.04357	1.088
4.181e+10	0.04376	1.088
4.184e+10	0.04408	1.087
4.187e+10	0.04427	1.087
4.191e+10	0.04427	1.087
4.194e+10	0.04427	1.087
4.198e+10	0.04463	1.085
4.201e+10	0.04434	1.085
4.204e+10	0.04443	1.086
4.208e+10	0.04457	1.086
4.211e+10	0.04459	1.087
4.214e+10	0.04444	1.086
4.218e+10	0.0446	1.086
4.221e+10	0.04476	1.085
4.225e+10	0.04454	1.083
4.228e+10	0.04478	1.083
4.231e+10	0.04347	1.066
4.235e+10	0.04354	1.066
4.238e+10	0.04368	1.066
4.241e+10	0.04387	1.073
4.245e+10	0.04368	1.074
4.248e+10	0.04381	1.073
4.251e+10	0.04397	1.073
4.255e+10	0.04399	1.073
4.258e+10	0.04363	1.074
4.262e+10	0.04377	1.074
4.265e+10	0.04374	1.074
4.268e+10	0.0439	1.073
4.272e+10	0.04397	1.071
4.275e+10	0.04394	1.072
4.279e+10	0.04377	1.071
4.282e+10	0.04401	1.071
4.285e+10	0.04413	1.071
4.289e+10	0.04448	1.072
4.292e+10	0.04477	1.071
4.295e+10	0.045	1.072
4.299e+10	0.04478	1.037
4.302e+10	0.04516	1.037
4.306e+10	0.04517	1.037
4.309e+10	0.04504	1.038
4.313e+10	0.04494	1.038
4.316e+10	0.04441	1.038
4.319e+10	0.04445	1.039
4.323e+10	0.04444	1.038
4.326e+10	0.04476	1.04
4.329e+10	0.04485	1.04
4.333e+10	0.04506	1.04
4.336e+10	0.0452	1.041
4.339e+10	0.04456	1.039
4.343e+10	0.04449	1.039
4.346e+10	0.04473	1.04
4.349e+10	0.0449	1.04
4.353e+10	0.04508	1.039
4.356e+10	0.04502	1.04
4.359e+10	0.0453	1.04
4.363e+10	0.0452	1.042
4.366e+10	0.04523	1.041
4.369e+10	0.04523	1.041
4.373e+10	0.04523	1.041
4.377e+10	0.04519	1.042
4.38e+10	0.04539	1.043
4.383e+10	0.04564	1.044
4.387e+10	0.04599	1.045
4.39e+10	0.04602	1.045
4.393e+10	0.04629	1.046
4.397e+10	0.046	1.046
4.4e+10	0.0462	1.046
4.403e+10	0.04635	1.047
4.407e+10	0.04661	1.049
4.41e+10	0.04654	1.049
4.413e+10	0.04594	1.05
4.417e+10	0.04598	1.051
4.42e+10	0.0457	1.05
4.424e+10	0.04596	1.05
4.427e+10	0.04617	1.052
4.43e+10	0.04612	1.05
4.434e+10	0.04642	1.048
4.437e+10	0.0467	1.05
4.44e+10	0.04685	1.051
4.444e+10	0.04724	1.051
4.447e+10	0.04754	1.05
4.451e+10	0.04771	1.051
4.454e+10	0.0478	1.051
4.457e+10	0.04714	1.047
4.461e+10	0.04723	1.048
4.464e+10	0.04753	1.048
4.468e+10	0.04775	1.047
4.471e+10	0.04716	1.048
4.474e+10	0.04656	1.05
4.478e+10	0.04361	1.025
4.481e+10	0.04381	1.025
4.485e+10	0.04392	1.024
4.488e+10	0.04417	1.025
4.491e+10	0.04442	1.024
4.495e+10	0.04428	1.024
4.498e+10	0.04434	1.024
4.501e+10	0.04445	1.025
4.505e+10	0.04445	1.025
4.508e+10	0.04439	1.023
4.511e+10	0.04433	1.024
4.515e+10	0.04406	1.025
4.518e+10	0.04343	1.025
4.522e+10	0.04342	1.024
4.525e+10	0.0437	1.025
4.528e+10	0.04364	1.025
4.532e+10	0.043	1.026
4.535e+10	0.0433	1.027
4.538e+10	0.04323	1.027
4.542e+10	0.04359	1.027
4.545e+10	0.04361	1.028
4.549e+10	0.04351	1.028
4.552e+10	0.04375	1.031
4.555e+10	0.04409	1.031
4.559e+10	0.04382	1.031
4.562e+10	0.04379	1.03
4.566e+10	0.04385	1.031
4.569e+10	0.04393	1.032
4.572e+10	0.04393	1.032
4.576e+10	0.04408	1.033
4.579e+10	0.04438	1.034
4.582e+10	0.04438	1.034
4.586e+10	0.04428	1.034
4.589e+10	0.04448	1.032
4.593e+10	0.04471	1.033
4.596e+10	0.04506	1.033
4.599e+10	0.04477	1.034
4.603e+10	0.04503	1.033
4.606e+10	0.04511	1.034
4.61e+10	0.04503	1.034
4.613e+10	0.04498	1.035
4.616e+10	0.04492	1.036
4.619e+10	0.04488	1.037
4.623e+10	0.04487	1.037
4.626e+10	0.04491	1.039
4.629e+10	0.04503	1.039
4.633e+10	0.04521	1.039
4.636e+10	0.04528	1.037
4.64e+10	0.0454	1.037
4.643e+10	0.04568	1.038
4.647e+10	0.04586	1.039
4.65e+10	0.04597	1.039
4.653e+10	0.04606	1.039
4.657e+10	0.04595	1.04
4.66e+10	0.04607	1.039
4.663e+10	0.04616	1.039
4.667e+10	0.04645	1.038
4.67e+10	0.0465	1.038
4.674e+10	0.04677	1.039
4.677e+10	0.04672	1.04
4.68e+10	0.04678	1.04
4.683e+10	0.0471	1.041
4.687e+10	0.04714	1.042
4.69e+10	0.04738	1.042
4.694e+10	0.04753	1.044
4.697e+10	0.04754	1.043
4.7e+10	0.0476	1.043
4.704e+10	0.04799	1.044
4.707e+10	0.04822	1.045
4.71e+10	0.04825	1.043
4.713e+10	0.0485	1.044
4.716e+10	0.04872	1.044
4.72e+10	0.04378	1.017
4.723e+10	0.04364	1.013
4.726e+10	0.04364	1.013
4.73e+10	0.04375	1.014
4.733e+10	0.04391	1.014
4.737e+10	0.0441	1.016
4.74e+10	0.04423	1.016
4.743e+10	0.04446	1.017
4.747e+10	0.04109	1.017
4.75e+10	0.04139	1.018
4.753e+10	0.0416	1.018
4.757e+10	0.04162	1.018
4.76e+10	0.04174	1.018
4.764e+10	0.04154	1.019
4.767e+10	0.04133	0.9864
4.77e+10	0.04146	0.9864
4.774e+10	0.04165	0.9874
4.777e+10	0.04147	0.9884
4.78e+10	0.0417	0.9894
4.784e+10	0.04184	0.9894
4.787e+10	0.04173	0.9894
4.79e+10	0.04195	0.9894
4.794e+10	0.0423	0.9914
4.797e+10	0.04253	0.9914
4.8e+10	0.04264	0.9914
4.803e+10	0.04199	0.9924
4.807e+10	0.04189	0.9924
4.81e+10	0.04176	0.9924
4.814e+10	0.04185	0.9934
4.817e+10	0.04191	0.9914
4.821e+10	0.04154	0.9944
4.824e+10	0.04177	0.9944
4.827e+10	0.04114	0.9944
4.831e+10	0.04107	0.9954
4.834e+10	0.04131	0.9964
4.837e+10	0.04138	0.9954
4.841e+10	0.04154	0.9964
4.844e+10	0.04185	0.9974
4.847e+10	0.04191	0.9974
4.851e+10	0.04219	0.9994
4.854e+10	0.04183	0.9964
4.857e+10	0.04209	0.9974
4.861e+10	0.04225	0.9974
4.864e+10	0.04222	0.9974
4.867e+10	0.04226	0.9984
4.871e+10	0.04228	0.9954
4.874e+10	0.04238	0.9964
4.878e+10	0.04237	0.9964
4.881e+10	0.04231	0.9964
4.884e+10	0.0425	0.9964
4.888e+10	0.04254	0.9974
4.891e+10	0.04271	0.9984
4.894e+10	0.04282	0.9994
4.897e+10	0.04259	0.9994
4.901e+10	0.04276	1
4.904e+10	0.04284	1.001
4.907e+10	0.04238	0.9994
4.911e+10	0.04204	0.9984
4.914e+10	0.04174	1
4.917e+10	0.04178	1
4.921e+10	0.04192	1
4.924e+10	0.04222	1.001
4.927e+10	0.04235	1.002
4.931e+10	0.04239	1.001
4.934e+10	0.04253	1.001
4.937e+10	0.04259	1.003
4.941e+10	0.0426	1.003
4.944e+10	0.04272	1.003
4.947e+10	0.04292	1.003
4.951e+10	0.04302	1.005
4.954e+10	0.04306	1.006
4.957e+10	0.04294	1.004
4.961e+10	0.0431	1.004
4.964e+10	0.04327	1.005
4.967e+10	0.04334	1.006
4.971e+10	0.04347	1.006
4.974e+10	0.0436	1.006
4.977e+10	0.04356	1.006
4.981e+10	0.0437	1.006
4.984e+10	0.04392	1.007
4.987e+10	0.04393	1.006
4.991e+10	0.04418	1.007
4.994e+10	0.04444	1.008
4.997e+10	0.0445	1.008
5.001e+10	0.04455	1.004
5.004e+10	0.0446	1.005
5.007e+10	0.04475	1.005
5.011e+10	0.04487	1.007
5.014e+10	0.04493	1.007
5.018e+10	0.04519	1.008
5.021e+10	0.04535	1.007
5.024e+10	0.04569	1.009
5.028e+10	0.04564	1.008
5.031e+10	0.04569	1.008
5.035e+10	0.04575	1.008
5.038e+10	0.0458	1.008
5.041e+10	0.04596	1.009
5.045e+10	0.04621	1.01
5.048e+10	0.0461	1.009
5.051e+10	0.04628	1.01
5.055e+10	0.04601	1.011
5.058e+10	0.04617	1.012
5.061e+10	0.04615	1.01
5.065e+10	0.04633	1.011
5.068e+10	0.04658	1.01
5.071e+10	0.04675	1.01
5.075e+10	0.04675	1.01
5.078e+10	0.04691	1.01
5.082e+10	0.04699	1.01
5.085e+10	0.04704	1.01
5.089e+10	0.04716	1.01
5.092e+10	0.04712	1.012
5.095e+10	0.04684	1.012
5.099e+10	0.04693	1.009
5.102e+10	0.04704	1.008
5.105e+10	0.0473	1.009
5.109e+10	0.0476	1.009
5.112e+10	0.0477	1.008
5.116e+10	0.04809	1.008
5.119e+10	0.04823	1.009
5.122e+10	0.04832	1.01
5.126e+10	0.04829	1.01
5.129e+10	0.04843	1.009
5.133e+10	0.04848	1.008
5.136e+10	0.04877	1.009
5.139e+10	0.04906	1.01
5.143e+10	0.04918	1.01
5.146e+10	0.04932	1.012
5.15e+10	0.04934	1.012
5.153e+10	0.04938	1.012
5.156e+10	0.04945	1.012
5.16e+10	0.0494	1.012
5.163e+10	0.04941	1.012
5.167e+10	0.04941	1.013
5.17e+10	0.04934	1.014
5.173e+10	0.04937	1.015
5.177e+10	0.04957	1.016
5.18e+10	0.04964	1.016
5.183e+10	0.04993	1.017
5.187e+10	0.0498	1.017
5.19e+10	0.04999	1.017
5.193e+10	0.05023	1.018
5.197e+10	0.05057	1.018
5.2e+10	0.05085	1.019
5.204e+10	0.051	1.019
5.207e+10	0.0511	1.02
5.21e+10	0.0513	1.018
5.214e+10	0.05133	1.019
5.217e+10	0.05142	1.018
5.22e+10	0.05148	1.019
5.224e+10	0.05164	1.02
5.227e+10	0.05181	1.02
5.23e+10	0.05142	1.017
5.234e+10	0.05161	1.018
5.237e+10	0.05128	0.9874
5.24e+10	0.05142	0.9884
5.244e+10	0.05156	0.9894
5.247e+10	0.05172	0.9894
5.25e+10	0.05177	0.9914
5.254e+10	0.05184	0.9914
5.257e+10	0.05211	0.9914
5.261e+10	0.05226	0.9924
5.264e+10	0.05239	0.9924
5.268e+10	0.05252	0.9934
5.271e+10	0.05257	0.9944
5.274e+10	0.0525	0.9944
5.278e+10	0.05269	0.9944
5.281e+10	0.05273	0.9944
5.285e+10	0.05268	0.9934
5.288e+10	0.05281	0.9924
5.292e+10	0.0531	0.9934
5.295e+10	0.05324	0.9944
5.298e+10	0.05355	0.9964
5.302e+10	0.05327	0.9924
5.305e+10	0.05307	0.9908
5.308e+10	0.05319	0.9918
5.312e+10	0.05319	0.9918
5.315e+10	0.05327	0.9918
5.318e+10	0.05337	0.9928
5.322e+10	0.05366	0.9938
5.325e+10	0.05348	0.9948
5.329e+10	0.05356	0.9948
5.332e+10	0.05364	0.9968
5.335e+10	0.05381	0.9978
5.339e+10	0.05398	0.9988
5.342e+10	0.05399	0.9988
5.345e+10	0.05383	0.9978
5.349e+10	0.05376	0.9978
5.352e+10	0.05398	0.9998
5.355e+10	0.05426	1.002
5.359e+10	0.05412	1.002
5.362e+10	0.05408	0.9998
5.366e+10	0.05357	0.9978
5.369e+10	0.05392	0.9998
5.373e+10	0.05397	0.9988
5.376e+10	0.05397	0.9998
5.379e+10	0.05383	0.9998
5.383e+10	0.05396	1.001
5.386e+10	0.05382	1.003
5.389e+10	0.05394	1.005
5.392e+10	0.05411	1.006
5.396e+10	0.05384	1.006
5.399e+10	0.05402	1.006
5.402e+10	0.05407	1.007
5.406e+10	0.0541	1.007
5.409e+10	0.05397	1.006
5.412e+10	0.05356	1.005
5.416e+10	0.05371	1.006
5.419e+10	0.05379	1.006
5.422e+10	0.05408	1.008
5.426e+10	0.05416	1.009
5.429e+10	0.05436	1.011
5.433e+10	0.05394	1.009
5.436e+10	0.0541	1.01
5.44e+10	0.05419	1.011
5.443e+10	0.05425	1.012
5.447e+10	0.05434	1.013
5.45e+10	0.05457	1.015
5.453e+10	0.05446	1.015
5.457e+10	0.05444	1.015
5.46e+10	0.05469	1.017
5.464e+10	0.05482	1.018
5.467e+10	0.05488	1.017
5.47e+10	0.05449	0.9878
5.474e+10	0.05473	0.9888
5.477e+10	0.05495	0.9898
5.48e+10	0.05502	0.9878
5.484e+10	0.05504	0.9878
5.487e+10	0.05515	0.9888
5.49e+10	0.05516	0.9888
5.494e+10	0.05534	0.9898
5.497e+10	0.05554	0.9918
5.501e+10	0.05568	0.9918
5.504e+10	0.05528	0.9908
5.507e+10	0.05545	0.9908
5.51e+10	0.05557	0.9918
5.514e+10	0.05557	0.9918
5.517e+10	0.05576	0.9938
5.52e+10	0.05583	0.9918
5.524e+10	0.05588	0.9918
5.527e+10	0.05581	0.9928
5.531e+10	0.05595	0.9938
5.534e+10	0.05615	0.9938
5.537e+10	0.05595	0.9678
5.541e+10	0.05589	0.9678
5.544e+10	0.05577	0.9668
5.548e+10	0.05595	0.9688
5.551e+10	0.05608	0.9698
5.554e+10	0.05619	0.9708
5.558e+10	0.05639	0.9728
5.561e+10	0.05635	0.9728
5.565e+10	0.0565	0.9748
5.568e+10	0.05668	0.9748
5.571e+10	0.05666	0.9738
5.574e+10	0.05675	0.9738
5.578e+10	0.05651	0.9738
5.581e+10	0.05678	0.9758
5.584e+10	0.057	0.9768
5.588e+10	0.05707	0.9778
5.591e+10	0.05693	0.9758
5.594e+10	0.05713	0.9778
5.598e+10	0.05735	0.9798
5.601e+10	0.05734	0.9798
5.604e+10	0.05758	0.9808
5.608e+10	0.057	0.9788
5.611e+10	0.05734	0.9808
5.614e+10	0.05748	0.9818
5.617e+10	0.05761	0.9838
5.621e+10	0.05766	0.9848
5.624e+10	0.05774	0.9858
5.627e+10	0.05783	0.9878
5.631e+10	0.05734	0.9848
5.634e+10	0.0573	0.9818
5.637e+10	0.05751	0.9828
5.641e+10	0.0578	0.9848
5.644e+10	0.05779	0.9848
5.647e+10	0.05785	0.9838
5.65e+10	0.05791	0.9848
5.654e+10	0.05798	0.9858
5.657e+10	0.05724	0.9838
5.661e+10	0.05741	0.9848
5.664e+10	0.05741	0.9838
5.667e+10	0.05731	0.9818
5.671e+10	0.05761	0.9818
5.674e+10	0.05778	0.9828
5.677e+10	0.05794	0.9838
5.681e+10	0.05813	0.9838
5.684e+10	0.05809	0.9848
5.688e+10	0.05838	0.9868
5.691e+10	0.05859	0.9868
5.695e+10	0.0582	0.9848
5.698e+10	0.05839	0.9858
5.701e+10	0.05856	0.9878
5.705e+10	0.05847	0.9868
5.708e+10	0.05837	0.9868
5.711e+10	0.05845	0.9878
5.715e+10	0.0585	0.9888
5.718e+10	0.05826	0.9868
5.721e+10	0.05845	0.9878
5.724e+10	0.0583	0.9878
5.728e+10	0.0584	0.9888
5.731e+10	0.05794	0.9868
5.734e+10	0.0578	0.9858
5.738e+10	0.05773	0.9848
5.741e+10	0.05768	0.9848
5.744e+10	0.05775	0.9858
5.748e+10	0.05801	0.9878
5.751e+10	0.05795	0.9888
5.754e+10	0.05799	0.9888
5.758e+10	0.05803	0.9898
5.761e+10	0.05768	0.9878
5.764e+10	0.05787	0.9888
5.768e+10	0.05802	0.9888
5.771e+10	0.05812	0.9908
5.775e+10	0.05822	0.9918
5.778e+10	0.05831	0.9928
5.781e+10	0.05781	0.9888
5.785e+10	0.05787	0.9898
5.788e+10	0.05774	0.9888
5.791e+10	0.05778	0.9898
5.795e+10	0.05744	0.9898
5.798e+10	0.05463	0.9678
5.801e+10	0.05451	0.9678
5.805e+10	0.05462	0.9678
5.808e+10	0.05469	0.9698
5.812e+10	0.0546	0.9698
5.815e+10	0.05468	0.9708
5.818e+10	0.05461	0.9688
5.822e+10	0.05451	0.9688
5.825e+10	0.05441	0.9688
5.828e+10	0.05448	0.9698
5.832e+10	0.04709	0.9268
5.835e+10	0.04723	0.9268
5.839e+10	0.04732	0.9288
5.842e+10	0.04754	0.9298
5.845e+10	0.04768	0.9318
5.849e+10	0.0478	0.9328
5.852e+10	0.04795	0.9338
5.855e+10	0.04816	0.9348
5.859e+10	0.04839	0.9358
5.862e+10	0.04843	0.9368
5.865e+10	0.04856	0.9378
5.869e+10	0.04861	0.9388
5.872e+10	0.0484	0.9368
5.875e+10	0.04835	0.9368
5.879e+10	0.04859	0.9398
5.882e+10	0.04882	0.9398
5.885e+10	0.04887	0.9398
5.889e+10	0.04894	0.9408
5.892e+10	0.04911	0.9428
5.896e+10	0.04897	0.9428
5.899e+10	0.04897	0.9428
5.902e+10	0.04854	0.9398
5.906e+10	0.04878	0.9418
5.909e+10	0.04875	0.9428
5.913e+10	0.0487	0.9418
5.916e+10	0.04871	0.9428
5.919e+10	0.04883	0.9438
5.923e+10	0.04881	0.9438
5.926e+10	0.04897	0.9448
5.929e+10	0.049	0.9458
5.933e+10	0.04906	0.9468
5.936e+10	0.04893	0.9458
5.94e+10	0.04909	0.9468
5.943e+10	0.04914	0.9478
5.946e+10	0.04931	0.9488
5.95e+10	0.04941	0.9498
5.953e+10	0.0494	0.9508
5.956e+10	0.04959	0.9518
5.96e+10	0.04929	0.9518
5.963e+10	0.04929	0.9518
5.967e+10	0.04931	0.9518
5.97e+10	0.04931	0.9528
5.974e+10	0.04942	0.9538
5.977e+10	0.04973	0.9548
5.98e+10	0.04962	0.9548
5.984e+10	0.04967	0.9558
5.987e+10	0.04976	0.9568
5.99e+10	0.04999	0.9588
5.994e+10	0.05013	0.9598
5.997e+10	0.05032	0.9618
6e+10	0.05054	0.9628
6.004e+10	0.05068	0.9648
6.007e+10	0.05076	0.9648
6.011e+10	0.05094	0.9648
6.014e+10	0.05095	0.9658
6.018e+10	0.05105	0.9668
6.021e+10	0.0498	0.9498
6.024e+10	0.04983	0.9498
6.028e+10	0.04976	0.9498
6.031e+10	0.0464	0.9338
6.035e+10	0.04651	0.9348
6.038e+10	0.04631	0.9348
6.042e+10	0.04642	0.9358
6.045e+10	0.04645	0.9338
6.048e+10	0.04651	0.9338
6.052e+10	0.04631	0.9298
6.055e+10	0.04638	0.9298
6.059e+10	0.04642	0.9308
6.062e+10	0.04649	0.9318
6.066e+10	0.04672	0.9328
6.069e+10	0.04673	0.9318
6.072e+10	0.04689	0.9328
6.076e+10	0.04717	0.9348
6.079e+10	0.04701	0.9348
6.083e+10	0.04719	0.9368
6.086e+10	0.04729	0.9378
6.089e+10	0.04737	0.9378
6.093e+10	0.04753	0.9388
6.096e+10	0.04716	0.9388
6.1e+10	0.04726	0.9398
6.103e+10	0.04708	0.9378
6.106e+10	0.04711	0.9378
6.109e+10	0.04711	0.9378
6.113e+10	0.04723	0.9388
6.116e+10	0.04722	0.9398
6.12e+10	0.04734	0.9378
6.123e+10	0.04739	0.9368
6.126e+10	0.04752	0.9378
6.13e+10	0.04747	0.9378
6.133e+10	0.04754	0.9378
6.137e+10	0.0475	0.9378
6.14e+10	0.04767	0.9398
6.144e+10	0.0478	0.9408
6.147e+10	0.04784	0.9408
6.151e+10	0.04753	0.9358
6.154e+10	0.04768	0.9368
6.157e+10	0.04787	0.9388
6.161e+10	0.04808	0.9398
6.164e+10	0.04799	0.9398
6.168e+10	0.04786	0.9398
6.171e+10	0.0479	0.9378
6.175e+10	0.04797	0.9388
6.178e+10	0.04815	0.9398
6.181e+10	0.04807	0.9388
6.185e+10	0.04818	0.9398
6.188e+10	0.04848	0.9428
6.192e+10	0.04834	0.9428
6.195e+10	0.04855	0.9458
6.198e+10	0.04845	0.9458
6.202e+10	0.0486	0.9468
6.205e+10	0.04851	0.9468
6.209e+10	0.04838	0.9478
6.212e+10	0.04867	0.9488
6.216e+10	0.04881	0.9468
6.219e+10	0.04899	0.9478
6.222e+10	0.04908	0.9498
6.226e+10	0.04915	0.9498
6.229e+10	0.04918	0.9518
6.233e+10	0.04939	0.9528
6.236e+10	0.04954	0.9528
6.24e+10	0.04936	0.9538
6.243e+10	0.04939	0.9538
6.247e+10	0.04942	0.9538
6.25e+10	0.04949	0.9548
6.254e+10	0.04958	0.9548
6.257e+10	0.04966	0.9558
6.26e+10	0.04968	0.9558
6.263e+10	0.04981	0.9568
6.266e+10	0.04969	0.9568
6.269e+10	0.04979	0.9578
6.272e+10	0.04968	0.9578
6.275e+10	0.04966	0.9548
6.278e+10	0.04963	0.9538
6.281e+10	0.04968	0.9538
6.284e+10	0.04982	0.9548
6.287e+10	0.04983	0.9548
6.29e+10	0.04961	0.9558
6.293e+10	0.04965	0.9558
6.296e+10	0.04966	0.9568
6.299e+10	0.04956	0.9548
6.302e+10	0.04969	0.9558
6.305e+10	0.04983	0.9578
6.308e+10	0.04993	0.9588
6.311e+10	0.05	0.9578
6.314e+10	0.05018	0.9588
6.317e+10	0.05019	0.9588
6.32e+10	0.05036	0.9598
6.323e+10	0.05051	0.9618
6.327e+10	0.05061	0.9608
6.33e+10	0.05025	0.9598
6.333e+10	0.05053	0.9608
6.336e+10	0.05074	0.9618
6.339e+10	0.05089	0.9638
6.342e+10	0.05058	0.9608
6.345e+10	0.05075	0.9618
6.348e+10	0.05086	0.9638
6.351e+10	0.05095	0.9638
6.354e+10	0.05101	0.9628
6.357e+10	0.05116	0.9638
6.36e+10	0.05117	0.9638
6.363e+10	0.0514	0.9658
6.366e+10	0.0516	0.9668
6.369e+10	0.05161	0.9668
6.372e+10	0.05165	0.9668
6.375e+10	0.05179	0.9678
6.378e+10	0.05199	0.9688
6.381e+10	0.05211	0.9698
6.384e+10	0.05223	0.9708
6.387e+10	0.05221	0.9708
6.39e+10	0.0523	0.9718
6.393e+10	0.05232	0.9708
6.396e+10	0.05252	0.9718
6.399e+10	0.05274	0.9738
6.402e+10	0.05286	0.9748
6.405e+10	0.05278	0.9748
6.408e+10	0.05291	0.9758
6.411e+10	0.05298	0.9758
6.414e+10	0.05303	0.9748
6.417e+10	0.05227	0.9718
6.421e+10	0.05239	0.9718
6.424e+10	0.05243	0.9708
6.427e+10	0.05261	0.9738
6.43e+10	0.05266	0.9738
6.433e+10	0.05232	0.9728
6.436e+10	0.05238	0.9738
6.439e+10	0.05254	0.9738
6.442e+10	0.05238	0.9738
6.445e+10	0.05251	0.9758
6.448e+10	0.05214	0.9748
6.451e+10	0.05223	0.9758
6.455e+10	0.05229	0.9768
6.458e+10	0.05229	0.9768
6.461e+10	0.05219	0.9768
6.464e+10	0.05214	0.9768
6.467e+10	0.05212	0.9768
6.47e+10	0.05222	0.9778
6.473e+10	0.05231	0.9788
6.476e+10	0.05253	0.9808
6.479e+10	0.05271	0.9818
6.483e+10	0.05237	0.9798
6.486e+10	0.05229	0.9798
6.489e+10	0.05236	0.9808
6.492e+10	0.05241	0.9818
6.495e+10	0.05206	0.9808
6.498e+10	0.05217	0.9818
6.501e+10	0.052	0.9818
6.504e+10	0.05203	0.9818
6.507e+10	0.05204	0.9828
6.51e+10	0.05203	0.9828
6.513e+10	0.05202	0.9858
6.516e+10	0.05189	0.9858
6.519e+10	0.05193	0.9858
6.523e+10	0.05219	0.9878
6.526e+10	0.05206	0.9888
6.529e+10	0.05215	0.9898
6.532e+10	0.05215	0.9898
6.535e+10	0.05223	0.9908
6.538e+10	0.05239	0.9908
6.541e+10	0.05205	0.9898
6.544e+10	0.05216	0.9908
6.547e+10	0.05178	0.9888
6.55e+10	0.05184	0.9898
6.553e+10	0.05183	0.9898
6.556e+10	0.05111	0.9868
6.559e+10	0.05118	0.9878
6.562e+10	0.05122	0.9898
6.566e+10	0.05146	0.9918
6.569e+10	0.05149	0.9928
6.572e+10	0.05159	0.9928
6.575e+10	0.05165	0.9928
6.578e+10	0.0517	0.9938
6.581e+10	0.05184	0.9948
6.584e+10	0.05147	0.9928
6.587e+10	0.05157	0.9938
6.59e+10	0.05181	0.9938
6.593e+10	0.05189	0.9948
6.596e+10	0.05183	0.9938
6.599e+10	0.05195	0.9948
6.603e+10	0.05215	0.9948
6.606e+10	0.05217	0.9948
6.609e+10	0.05215	0.9948
6.612e+10	0.05225	0.9958
6.615e+10	0.05242	0.9978
6.618e+10	0.05259	0.9988
6.621e+10	0.05183	0.9938
6.624e+10	0.05179	0.9938
6.627e+10	0.05179	0.9948
6.63e+10	0.05195	0.9948
6.634e+10	0.05214	0.9958
6.637e+10	0.05225	0.9968
6.64e+10	0.05238	0.9978
6.643e+10	0.0526	0.9998
6.646e+10	0.0528	1.001
6.649e+10	0.05293	1.002
6.652e+10	0.05286	1.001
6.655e+10	0.05297	1.002
6.658e+10	0.05309	1.003
6.661e+10	0.05306	1.002
6.664e+10	0.0531	1.002
6.667e+10	0.05306	1.003
6.67e+10	0.05303	1.002
6.673e+10	0.05313	1.003
6.676e+10	0.0532	1.002
6.679e+10	0.05335	1.004
6.682e+10	0.05348	1.005
6.685e+10	0.05355	1.006
6.689e+10	0.05379	1.006
6.692e+10	0.05385	1.007
6.695e+10	0.05394	1.008
6.698e+10	0.05405	1.009
6.701e+10	0.05422	1.01
6.704e+10	0.05435	1.012
6.707e+10	0.0546	1.014
6.71e+10	0.05458	1.014
6.713e+10	0.05465	1.014
6.716e+10	0.05483	1.015
6.719e+10	0.05494	1.016
6.722e+10	0.05491	1.016
6.725e+10	0.05482	1.017
6.728e+10	0.05362	1.012
6.731e+10	0.05364	1.012
6.734e+10	0.05364	1.012
6.737e+10	0.05365	1.013
6.74e+10	0.05375	1.014
6.742e+10	0.05384	1.014
6.746e+10	0.05395	1.014
6.748e+10	0.05385	1.013
6.751e+10	0.05381	1.013
6.754e+10	0.05384	1.014
6.758e+10	0.05402	1.015
6.761e+10	0.05414	1.016
6.764e+10	0.05418	1.017
6.767e+10	0.05424	1.018
6.77e+10	0.05432	1.017
6.773e+10	0.05433	1.017
6.776e+10	0.05409	1.015
6.779e+10	0.05429	1.016
6.782e+10	0.05433	1.017
6.785e+10	0.05439	1.018
6.788e+10	0.05456	1.019
6.791e+10	0.05466	1.018
6.794e+10	0.0546	1.017
6.797e+10	0.0547	1.018
6.8e+10	0.0549	1.02
6.804e+10	0.05475	1.018
6.807e+10	0.05438	1.014
6.81e+10	0.05461	1.015
6.813e+10	0.0548	1.017
6.816e+10	0.05495	1.017
6.819e+10	0.05508	1.018
6.822e+10	0.05374	1.001
6.825e+10	0.05386	1.002
6.828e+10	0.05389	1.002
6.831e+10	0.05391	1.003
6.834e+10	0.05408	1.004
6.837e+10	0.05421	1.005
6.84e+10	0.05434	1.005
6.843e+10	0.05449	1.006
6.846e+10	0.05435	1.005
6.85e+10	0.05426	1.005
6.853e+10	0.05446	1.007
6.856e+10	0.05444	1.007
6.859e+10	0.05458	1.008
6.862e+10	0.05462	1.008
6.865e+10	0.05469	1.009
6.868e+10	0.05476	1.009
6.871e+10	0.05471	1.01
6.874e+10	0.05463	1.009
6.877e+10	0.05444	1.009
6.881e+10	0.05468	1.011
6.884e+10	0.05449	1.01
6.887e+10	0.05469	1.011
6.889e+10	0.05492	1.012
6.892e+10	0.05486	1.012
6.895e+10	0.05496	1.012
6.899e+10	0.0551	1.013
6.902e+10	0.05536	1.015
6.905e+10	0.05534	1.014
6.908e+10	0.05545	1.015
6.911e+10	0.05551	1.016
6.914e+10	0.05568	1.016
6.918e+10	0.0556	1.016
6.921e+10	0.05578	1.018
6.924e+10	0.05578	1.018
6.927e+10	0.05584	1.019
6.93e+10	0.05595	1.018
6.933e+10	0.05325	0.9968
6.936e+10	0.05283	0.9948
6.939e+10	0.05296	0.9958
6.942e+10	0.05281	0.9958
6.945e+10	0.05299	0.9968
6.948e+10	0.05308	0.9958
6.952e+10	0.05327	0.9978
6.955e+10	0.05345	0.9988
6.958e+10	0.05361	0.9998
6.961e+10	0.05352	0.9988
6.964e+10	0.05352	0.9998
6.967e+10	0.0536	0.9998
6.97e+10	0.05364	0.9988
6.973e+10	0.05385	0.9998
6.976e+10	0.05392	1.001
6.98e+10	0.05394	0.9978
6.983e+10	0.05371	0.9978
6.986e+10	0.05361	0.9968
6.989e+10	0.05372	0.9978
6.992e+10	0.05374	0.9978
6.995e+10	0.05376	0.9978
6.998e+10	0.05383	0.9988
7.001e+10	0.05383	0.9988
7.004e+10	0.05383	0.9988
7.007e+10	0.05373	0.9988
7.01e+10	0.05353	0.9958
7.013e+10	0.05361	0.9968
7.016e+10	0.05378	0.9978
7.019e+10	0.0539	0.9988
7.022e+10	0.05402	0.9988
7.025e+10	0.05415	0.9988
7.028e+10	0.05421	0.9988
7.031e+10	0.05433	0.9998
7.034e+10	0.05409	0.9958
7.037e+10	0.0541	0.9968
7.04e+10	0.05425	0.9978
7.043e+10	0.05435	0.9988
7.047e+10	0.05436	0.9988
7.05e+10	0.05444	0.9988
7.053e+10	0.05451	0.9998
7.056e+10	0.05465	1.001
7.059e+10	0.05477	1.002
7.062e+10	0.05473	1.001
7.065e+10	0.05464	0.9988
7.068e+10	0.05463	0.9988
7.071e+10	0.05461	0.9998
7.074e+10	0.0547	0.9998
7.077e+10	0.05474	0.9988
7.08e+10	0.05493	1.001
7.083e+10	0.05498	1.001
7.086e+10	0.05517	1.002
7.089e+10	0.0553	1.004
7.093e+10	0.0553	1.004
7.096e+10	0.05538	1.005
7.099e+10	0.05549	1.005
7.102e+10	0.05555	1.006
7.105e+10	0.05569	1.006
7.108e+10	0.05566	1.007
7.111e+10	0.0556	1.007
7.114e+10	0.05539	1.006
7.117e+10	0.05554	1.007
7.12e+10	0.05571	1.008
7.123e+10	0.05578	1.009
7.126e+10	0.05594	1.01
7.129e+10	0.05614	1.011
7.132e+10	0.05586	1.01
7.135e+10	0.05602	1.01
7.138e+10	0.05583	1.011
7.141e+10	0.05577	1.011
7.144e+10	0.05535	1.01
7.147e+10	0.05566	1.012
7.15e+10	0.05564	1.011
7.153e+10	0.05576	1.013
7.156e+10	0.05594	1.014
7.159e+10	0.05593	1.014
7.162e+10	0.05601	1.015
7.165e+10	0.05549	1.011
7.168e+10	0.05556	1.011
7.172e+10	0.05568	1.012
7.174e+10	0.05586	1.013
7.178e+10	0.05575	1.016
7.181e+10	0.05589	1.016
7.184e+10	0.0561	1.017
7.187e+10	0.05624	1.018
7.19e+10	0.05632	1.019
7.193e+10	0.05585	1.016
7.196e+10	0.05601	1.017
7.199e+10	0.05547	1.014
7.202e+10	0.05564	1.015
7.205e+10	0.05558	1.015
7.208e+10	0.05561	1.015
7.211e+10	0.05586	1.017
7.214e+10	0.05605	1.018
7.217e+10	0.05606	1.019
7.22e+10	0.05615	1.019
7.223e+10	0.05597	1.019
7.226e+10	0.05606	1.02
7.229e+10	0.05615	1.021
7.232e+10	0.0562	1.021
7.235e+10	0.0558	1.017
7.239e+10	0.05593	1.018
7.242e+10	0.05593	1.018
7.245e+10	0.05593	1.018
7.248e+10	0.05593	1.018
7.251e+10	0.05573	1.018
7.254e+10	0.05589	1.019
7.257e+10	0.05592	1.019
7.26e+10	0.05589	1.019
7.263e+10	0.05564	1.018
7.266e+10	0.05543	1.017
7.27e+10	0.05545	1.017
7.273e+10	0.05546	1.018
7.276e+10	0.05545	1.018
7.279e+10	0.05543	1.017
7.282e+10	0.05557	1.018
7.286e+10	0.05548	1.018
7.289e+10	0.05564	1.019
7.291e+10	0.05569	1.02
7.295e+10	0.05585	1.021
7.298e+10	0.05605	1.022
7.301e+10	0.05606	1.022
7.304e+10	0.05614	1.023
7.307e+10	0.05629	1.024
7.31e+10	0.05648	1.025
7.313e+10	0.05644	1.027
7.316e+10	0.05649	1.027
7.319e+10	0.05661	1.028
7.322e+10	0.05652	1.027
7.325e+10	0.0566	1.028
7.329e+10	0.05672	1.029
7.332e+10	0.05667	1.011
7.334e+10	0.05665	1.011
7.337e+10	0.05676	1.01
7.34e+10	0.05684	1.011
7.344e+10	0.05702	1.012
7.347e+10	0.05715	1.013
7.35e+10	0.05707	1.013
7.353e+10	0.05712	1.013
7.357e+10	0.05716	1.013
7.36e+10	0.05147	0.9758
7.363e+10	0.0515	0.9748
7.366e+10	0.05138	0.9748
7.369e+10	0.05137	0.9748
7.372e+10	0.05137	0.9748
7.375e+10	0.05156	0.9748
7.378e+10	0.0505	0.9678
7.382e+10	0.05034	0.9658
7.385e+10	0.05036	0.9648
7.388e+10	0.05049	0.9658
7.391e+10	0.05062	0.9668
7.394e+10	0.0508	0.9678
7.398e+10	0.05066	0.9668
7.401e+10	0.05075	0.9678
7.404e+10	0.05084	0.9688
7.407e+10	0.05088	0.9698
7.411e+10	0.05091	0.9698
7.414e+10	0.05098	0.9708
7.417e+10	0.05113	0.9718
7.42e+10	0.05128	0.9728
7.424e+10	0.05131	0.9738
7.427e+10	0.05123	0.9728
7.43e+10	0.05107	0.9718
7.433e+10	0.05111	0.9728
7.436e+10	0.05075	0.9718
7.439e+10	0.05091	0.9728
7.442e+10	0.05092	0.9728
7.445e+10	0.0511	0.9738
7.448e+10	0.05096	0.9708
7.451e+10	0.05087	0.9708
7.455e+10	0.05067	0.9698
7.458e+10	0.05027	0.9668
7.461e+10	0.05048	0.9688
7.464e+10	0.05052	0.9698
7.468e+10	0.05052	0.9688
7.471e+10	0.05066	0.9698
7.474e+10	0.05072	0.9708
7.477e+10	0.05025	0.9678
7.48e+10	0.05035	0.9688
7.483e+10	0.05042	0.9698
7.487e+10	0.05055	0.9708
7.49e+10	0.0506	0.9708
7.493e+10	0.05068	0.9718
7.497e+10	0.05076	0.9728
7.5e+10	0.05052	0.9718
7.503e+10	0.05017	0.9708
7.506e+10	0.05036	0.9718
7.51e+10	0.05052	0.9718
7.513e+10	0.05058	0.9718
7.516e+10	0.05022	0.9718
7.519e+10	0.05029	0.9718
7.522e+10	0.05047	0.9728
7.526e+10	0.05006	0.9718
7.529e+10	0.05003	0.9718
7.532e+10	0.05005	0.9728
7.535e+10	0.05026	0.9738
7.538e+10	0.05025	0.9728
7.541e+10	0.05001	0.9718
7.544e+10	0.04964	0.9678
7.548e+10	0.04985	0.9688
7.551e+10	0.04992	0.9688
7.554e+10	0.05011	0.9698
7.557e+10	0.05011	0.9698
7.56e+10	0.05011	0.9698
7.563e+10	0.05002	0.9698
7.566e+10	0.04991	0.9698
7.57e+10	0.04989	0.9688
7.573e+10	0.04999	0.9698
7.576e+10	0.05011	0.9698
7.579e+10	0.05018	0.9708
7.582e+10	0.05021	0.9708
7.585e+10	0.04984	0.9518
7.589e+10	0.04974	0.9518
7.592e+10	0.04992	0.9528
7.595e+10	0.04975	0.9528
7.598e+10	0.04926	0.9498
7.601e+10	0.04925	0.9498
7.604e+10	0.04936	0.9498
7.608e+10	0.04947	0.9508
7.611e+10	0.0494	0.9508
7.614e+10	0.04953	0.9518
7.617e+10	0.04967	0.9518
7.62e+10	0.0497	0.9518
7.623e+10	0.04975	0.9518
7.627e+10	0.04953	0.9508
7.63e+10	0.04969	0.9518
7.633e+10	0.04973	0.9528
7.636e+10	0.04979	0.9528
7.639e+10	0.0499	0.9528
7.642e+10	0.05009	0.9538
7.645e+10	0.05009	0.9558
7.648e+10	0.05029	0.9558
7.651e+10	0.05052	0.9568
7.654e+10	0.05059	0.9578
7.658e+10	0.05077	0.9588
7.661e+10	0.05079	0.9578
7.664e+10	0.05099	0.9578
7.667e+10	0.05102	0.9578
7.67e+10	0.05104	0.9578
7.673e+10	0.05123	0.9598
7.676e+10	0.05129	0.9598
7.679e+10	0.05138	0.9608
7.682e+10	0.05156	0.9628
7.686e+10	0.05169	0.9618
7.689e+10	0.05176	0.9628
7.692e+10	0.05185	0.9628
7.695e+10	0.05168	0.9638
7.698e+10	0.0517	0.9618
7.701e+10	0.0516	0.9608
7.704e+10	0.05164	0.9608
7.707e+10	0.05189	0.9628
7.71e+10	0.05203	0.9638
7.714e+10	0.05217	0.9648
7.717e+10	0.05223	0.9648
7.72e+10	0.05221	0.9658
7.723e+10	0.05237	0.9648
7.726e+10	0.05226	0.9648
7.729e+10	0.05243	0.9658
7.732e+10	0.05241	0.9648
7.736e+10	0.05236	0.9638
7.739e+10	0.05241	0.9648
7.742e+10	0.05256	0.9658
7.745e+10	0.05264	0.9658
7.748e+10	0.05268	0.9648
7.751e+10	0.05278	0.9648
7.754e+10	0.05284	0.9668
7.757e+10	0.05278	0.9658
7.761e+10	0.05282	0.9648
7.764e+10	0.0529	0.9648
7.767e+10	0.05303	0.9658
7.77e+10	0.053	0.9658
7.774e+10	0.05278	0.9638
7.777e+10	0.05259	0.9638
7.78e+10	0.05275	0.9648
7.783e+10	0.05289	0.9658
7.787e+10	0.05308	0.9678
7.79e+10	0.05293	0.9678
7.793e+10	0.05306	0.9688
7.797e+10	0.05324	0.9698
7.8e+10	0.05339	0.9708
7.803e+10	0.05347	0.9718
7.806e+10	0.05342	0.9718
7.809e+10	0.05343	0.9718
7.812e+10	0.05354	0.9728
7.816e+10	0.05328	0.9708
7.819e+10	0.05343	0.9718
7.823e+10	0.05317	0.9728
7.826e+10	0.05333	0.9738
7.829e+10	0.05336	0.9718
7.833e+10	0.05342	0.9728
7.836e+10	0.05346	0.9728
7.84e+10	0.0536	0.9738
7.843e+10	0.05384	0.9758
7.846e+10	0.0528	0.9628
7.85e+10	0.05302	0.9638
7.853e+10	0.05302	0.9638
7.857e+10	0.05308	0.9648
7.86e+10	0.05309	0.9648
7.863e+10	0.05314	0.9658
7.867e+10	0.05339	0.9668
7.87e+10	0.0535	0.9678
7.874e+10	0.05361	0.9688
7.877e+10	0.05379	0.9698
7.881e+10	0.05373	0.9698
7.884e+10	0.05364	0.9698
7.888e+10	0.05341	0.9688
7.891e+10	0.05355	0.9688
7.894e+10	0.05361	0.9688
7.897e+10	0.05347	0.9688
7.901e+10	0.05349	0.9698
7.904e+10	0.05347	0.9698
7.907e+10	0.05362	0.9708
7.911e+10	0.05379	0.9718
7.915e+10	0.05399	0.9728
7.918e+10	0.05406	0.9728
7.921e+10	0.05411	0.9738
7.925e+10	0.05419	0.9738
7.928e+10	0.0543	0.9748
7.932e+10	0.05435	0.9748
7.936e+10	0.05447	0.9758
7.939e+10	0.05451	0.9758
7.942e+10	0.05455	0.9768
7.945e+10	0.05464	0.9778
7.949e+10	0.05484	0.9788
7.952e+10	0.05495	0.9798
7.955e+10	0.05405	0.9648
7.958e+10	0.05405	0.9648
7.961e+10	0.05306	0.9568
7.965e+10	0.05322	0.9578
7.968e+10	0.05317	0.9568
7.972e+10	0.05292	0.9568
7.975e+10	0.05303	0.9568
7.978e+10	0.05312	0.9568
7.982e+10	0.05273	0.9398
7.985e+10	0.05261	0.9388
7.988e+10	0.05262	0.9388
7.992e+10	0.05276	0.9408
7.995e+10	0.05276	0.9248
7.999e+10	0.05291	0.9258
8.002e+10	0.05302	0.9268
8.005e+10	0.05302	0.9268
8.009e+10	0.05316	0.9268
8.012e+10	0.05332	0.9288
8.016e+10	0.05352	0.9298
8.019e+10	0.05357	0.9298
8.022e+10	0.05353	0.9308
8.026e+10	0.05362	0.9308
8.029e+10	0.05361	0.9308
8.032e+10	0.0537	0.9318
8.035e+10	0.05364	0.9328
8.039e+10	0.05346	0.9318
8.042e+10	0.05352	0.9328
8.045e+10	0.05366	0.9328
8.048e+10	0.05353	0.9328
8.052e+10	0.0537	0.9338
8.055e+10	0.05387	0.9358
8.058e+10	0.05392	0.9368
8.061e+10	0.0541	0.9368
8.065e+10	0.05427	0.9388
8.068e+10	0.05433	0.9378
8.072e+10	0.05434	0.9388
8.075e+10	0.05429	0.9388
8.079e+10	0.0544	0.9398
8.082e+10	0.05411	0.9388
8.085e+10	0.05407	0.9378
8.088e+10	0.05429	0.9398
8.092e+10	0.05436	0.9398
8.095e+10	0.05412	0.9398
8.098e+10	0.05391	0.9388
8.102e+10	0.05411	0.9398
8.105e+10	0.0542	0.9408
8.108e+10	0.05434	0.9408
8.112e+10	0.05446	0.9408
8.115e+10	0.05457	0.9398
8.119e+10	0.05455	0.9408
8.122e+10	0.05467	0.9418
8.125e+10	0.05482	0.9418
8.129e+10	0.05486	0.9418
8.132e+10	0.05492	0.9418
8.135e+10	0.05501	0.9428
8.139e+10	0.055	0.9428
8.142e+10	0.05496	0.9428
8.145e+10	0.0549	0.9438
8.149e+10	0.05501	0.9448
8.152e+10	0.05528	0.9458
8.155e+10	0.05544	0.9478
8.158e+10	0.05551	0.9458
8.162e+10	0.05551	0.9458
8.165e+10	0.05553	0.9458
8.169e+10	0.05576	0.9478
8.172e+10	0.05579	0.9478
8.175e+10	0.05589	0.9488
8.178e+10	0.05602	0.9498
8.181e+10	0.05526	0.9388
8.185e+10	0.05539	0.9398
8.188e+10	0.05532	0.9408
8.191e+10	0.05534	0.9408
8.195e+10	0.05545	0.9418
8.198e+10	0.05511	0.9258
8.201e+10	0.05524	0.9258
8.205e+10	0.05536	0.9258
8.208e+10	0.05529	0.9258
8.211e+10	0.05529	0.9258
8.214e+10	0.05537	0.9268
8.217e+10	0.05499	0.9228
8.22e+10	0.05495	0.9218
8.224e+10	0.05507	0.9238
8.227e+10	0.05526	0.9238
8.23e+10	0.05542	0.9248
8.234e+10	0.05548	0.9258
8.237e+10	0.05534	0.9258
8.24e+10	0.05561	0.9268
8.244e+10	0.05573	0.9268
8.247e+10	0.05579	0.9278
8.251e+10	0.05598	0.9278
8.254e+10	0.05606	0.9288
8.257e+10	0.0561	0.9288
8.261e+10	0.05609	0.9298
8.264e+10	0.05576	0.9308
