# round trips	 doserror
0	39.3
0	2.093
0	15.66
0	5.398
0	7.819
0	1.101
0	6.476
0	8.526
0	5.618
0	7.084
0	8.646
0	0.2094
0	1.775
0	4.256
0	2.72
0	3.196
0	3.095
0	2.305
0	1.575
0	0.7093
0	0.7437
0	-0.05278
0	2.42
0	1.651
0	0.5102
0	0.8828
0	0.4515
0	0.2076
0	1.476
0	2.881
0	1.078
0	-0.6561
0	0.6354
0	1.468
0	-0.6367
0	5.066
0	1.403
0	3.095
0	2.738
0	1.099
0	1.051
0	1.653
0	0.04644
0	2.467
0	1.571
0	0.8735
0	-0.0884
0	0.7187
0	2.044
0	-1.309
0	0.7256
0	0.6334
0	0.6915
0	-0.1056
0	1.508
0	0.6164
0	0.5562
0	0.4323
0	0.7684
0	0.9016
0	0.3474
0	0.1206
0	0.5403
0	0.1253
0	0.8298
0	1.861
0	-0.07123
0	0.3096
0	0.5033
0	0.4501
0	0.09976
0	-0.1012
0	0.5793
0	0.5908
0	-0.6282
0	0.03455
0	-0.01241
0	0.1602
0	0.2292
0	0.02132
0	0.2067
0	0.1291
0	0.3133
0	0.165
0	0.06388
0	0.01026
0	-0.3819
0	0.1985
0	0.6541
0	-0.3144
0	-0.1975
0	0.07118
0	0.1838
0	0.2832
0	0.3227
0	-0.0455
0	-0.3021
0	0.04642
0	0.07139
0	0.1504
0	-0.1013
0	-0.1763
0	0.1924
0	0.2315
0	0.2376
0	0.1175
0	-0.2421
0	-0.1623
0	0.0157
0	0.1334
0	-0.3868
0	-0.162
0	0.1221
0	-0.1226
0	0.1074
0	0.06259
0	0.02782
0	0.35
0	0.3574
0	0.3037
0	0.337
0	-0.02623
0	-0.07606
0	0.2016
0	0.2251
0	0.1639
0	-0.1534
0	-0.152
0	-0.1568
0	-0.09018
0	-0.0004488
0	-0.01788
0	0.1449
0	0.07373
0	0.2221
0	0.1032
0	0.1069
0	0.09947
0	0.1948
0	0.08623
0	-0.05108
0	-0.1685
0	0.04913
0	-0.6913
0	0.02897
0	0.2702
0	1.135
0	0.6427
0	-0.4493
0	-0.5398
0	0.05236
0	0.08726
0	0.1214
0	0.3068
0	0.9227
0	0.09555
0	0.4981
0	-0.01715
0	0.007273
0	0.6484
0	-0.5243
0	-0.2687
0	0.1985
0	-0.3099
0	0.2768
0	-0.1781
0	-0.007473
0	0.3699
0	-0.007973
0	-0.09073
0	-0.1084
0	0.379
0	0.1802
0	0.3886
0	0.107
0	0.6595
0	-0.336
0	0.2246
0	0.7279
0	-0.276
0	0.04071
0	0.1465
0	0.2094
0	0.3555
0	0.4408
0	0.4564
0	-0.1318
0	0.2477
0	0.2942
0	0.06596
0	0.007717
0	0.02076
0	-0.1634
0	0.07597
0	0.4804
0	0.1592
0	-0.1408
0	-0.05417
0	0.2633
0	0.4174
0	-0.1214
0	-0.03086
0	0.4693
0	-0.2965
0	0.06606
0	-0.1952
0	0.02187
0	0.3347
0	-0.1927
0	0.2554
0	0.3548
0	-0.3674
0	-0.03156
0	-0.05423
0	0.0552
0	0.146
0	0.09098
0	0.227
0	-0.04405
0	0.197
0	0.03141
0	0.1976
0	0.1966
0	-0.07435
0	-0.05812
0	0.119
0	0.1855
0	0.01165
0	0.4761
0	0.3347
0	0.0726
0	0.08346
0	-0.09214
0	-0.08694
0	0.01874
0	0.1043
0	0.1627
0	-0.2463
0	-0.07541
0	-0.1389
0	-0.1365
0	0.1808
0	-0.161
0	0.06806
0	0.04205
0	-0.1668
0	0.07423
0	-0.03213
0	0.01615
0	0.03351
0	-0.02953
0	-0.04277
0	0.2177
0	-0.1057
0	0.0485
0	-0.189
0	-0.03623
0	-0.05566
0	0.1506
0	-0.02224
0	-0.1899
0	0.04325
0	0.02572
0	0.1342
0	0.01385
0	0.1285
0	0.1396
0	0.1295
0	0.0652
0	0.3153
0	0.2425
0	0.07043
0	0.1844
0	-0.1221
0	-0.2811
0	-0.03359
0	0.02309
0	-0.02528
0	0.1308
0	-0.01283
0	-0.1368
0	-0.1298
0	-0.01106
0	-0.03832
0	-0.1034
0	-0.03404
0	-0.04983
0	-0.03828
0	-0.1091
0	-0.08304
0	0.1459
0	-0.0722
0	0.06784
0	0.1579
0	0.002224
0	-0.03936
0	-0.08354
0	-0.072
0	-0.07166
0	-0.04346
0	-0.2574
0	-0.1444
0	-0.02375
0	-0.01004
0	-0.1025
0	-0.09106
0	-0.05137
0	0.08074
0	0.1794
0	0.191
0	-0.1838
0	0.01789
0	-0.0482
0	-0.02245
0	0.04236
0	0.2016
0	0.01544
0	0.1368
0	-0.1789
0	-0.1056
0	0.07978
0	0.05915
0	0.07526
0	0.04163
0	-0.1634
0	-0.09297
0	-0.04473
0	0.02689
0	-0.1021
0	-0.07244
0	0.04105
0	-0.06003
0	-0.1427
0	-0.1909
0	-0.1508
0	-0.08423
0	-0.04748
0	0.01318
0	0.09312
0	0.03186
0	-0.03927
0	0.0331
0	0.02105
0	0.02896
0	0.1425
0	0.1652
0	0.2443
0	0.06742
0	-0.02238
0	-0.1069
0	-0.1457
0	-0.02414
0	0.01856
0	-0.1142
0	-0.1007
0	-0.08569
0	-0.07803
0	-0.09085
0	-0.01295
0	0.03939
0	0.1129
0	-0.08632
0	-0.07898
0	-0.2496
0	-0.1917
0	-0.1216
0	-0.1755
0	-0.1223
0	-0.1544
0	-0.06575
0	-0.07758
0	-0.009219
0	0.02372
0	-0.01036
0	0.01872
0	-0.05788
0	-0.04605
0	0.04726
0	-0.04141
0	-0.005497
0	0.01474
0	-0.07697
0	0.01562
0	-0.002676
0	-0.03718
0	-0.05023
0	0.0299
0	-0.1123
0	-0.205
0	-0.1178
0	-0.1431
0	-0.09959
0	-0.07542
0	-0.03351
0	-0.03103
0	0.006661
0	0.0007663
0	-0.05905
0	-0.01065
0	-0.07529
0	-0.103
0	-0.05249
0	-0.01632
0	-0.06108
0	-0.02606
0	-0.07178
0	-0.01546
0	0.0101
0	0.07198
0	0.07465
0	0.05136
0	0.057
0	0.04226
0	-0.09703
0	-0.131
0	-0.1292
0	-0.09747
0	-0.09146
0	-0.1499
0	-0.1005
0	-0.1657
0	-0.1558
0	-0.0928
0	-0.08954
0	-0.07109
0	-0.02726
0	-0.003118
0	-0.05548
0	-0.06777
0	-0.1203
0	-0.06728
0	-0.002887
0	-0.05356
0	0.02102
0	0.02342
0	0.01963
0	0.03651
0	0.01137
0	-0.008001
0	-0.002623
0	-0.03964
0	-0.03493
0	-0.1158
0	-0.2168
0	-0.1583
0	-0.1341
0	-0.09301
0	-0.05433
0	-0.03335
0	-0.01911
0	-0.09091
0	-0.05013
0	-0.07702
0	-0.1268
0	-0.1005
0	-0.04988
0	0.006937
0	0.01287
0	0.02746
0	0.05733
0	-0.03881
0	-0.1188
0	-0.1245
0	-0.1431
0	-0.05048
0	-0.01267
0	-0.03386
0	-0.08323
0	-0.06227
0	-0.1027
0	-0.1092
0	-0.07174
0	-0.06485
0	-0.06552
0	-0.02257
0	-0.02239
0	-0.01466
0	0.01215
0	-0.1023
0	-0.09883
0	-0.05681
0	-0.04251
0	-0.02565
0	-0.0401
0	-0.06084
0	-0.1296
0	-0.08132
0	-0.05687
0	-0.03829
0	-0.05382
0	-0.01252
0	-0.03575
0	-0.005483
0	-0.01483
0	-0.0747
0	-0.06148
0	-0.07492
0	-0.03523
0	-0.06149
0	-0.07001
0	-0.1216
0	-0.09724
0	-0.09458
0	-0.0657
0	-0.06597
0	-0.07512
0	-0.05784
0	-0.008006
0	0.01463
0	-0.004859
0	-0.08327
0	-0.02559
0	-0.03517
0	-0.07491
0	-0.02995
0	-0.2895
0	-0.06079
0	-0.1754
0	0.1028
0	0.1787
0	-0.2994
0	-0.1368
0	0.2555
0	0.2018
0	-0.2026
0	0.07099
0	-0.3764
0	-0.1816
0	-0.1764
0	0.03091
0	0.0935
0	0.07717
0	0.2125
0	0.3591
0	0.06871
0	0.05456
0	-0.3519
0	-0.1957
0	0.09472
0	0.2536
0	0.2247
0	-0.08564
0	0.07378
0	0.06471
0	0.2463
0	-0.00818
0	0.237
0	0.0942
0	-0.251
0	-0.0261
0	0.1111
0	0.009628
0	0.2718
0	-0.03113
0	-0.1072
0	0.02081
0	0.2151
0	0.02906
0	0.01818
0	0.1159
0	0.1593
0	0.2624
0	0.0852
0	0.07945
0	0.03722
0	-0.2256
0	-0.1005
0	-0.2085
0	-0.1231
0	-0.2773
0	-0.05893
0	-0.0885
0	0.1516
0	-0.06178
0	0.1221
0	-0.009434
0	0.1444
0	-0.216
0	-0.1634
0	0.08294
0	-0.1292
0	-0.2
0	-0.06207
0	0.128
0	-0.2928
0	-0.07195
0	0.08023
0	-0.0538
0	-0.218
0	0.05881
0	-0.0458
0	-0.08426
0	-0.08076
0	-0.04165
0	0.08192
0	0.05334
0	-0.1256
0	0.1432
0	0.07115
0	0.09053
0	0.06383
0	-0.06462
0	-0.07755
0	-0.1668
0	6.507e-05
0	-0.01635
0	0.1572
0	0.2179
0	0.04604
0	0.08717
0	-0.1582
0	0.05864
0	-0.1436
0	-0.1376
0	-0.1409
0	-0.08964
0	0.07633
0	0.182
0	-0.0691
0	-0.09735
0	-0.1741
0	-0.1894
0	-0.1628
0	0.03339
0	-0.06466
0	-0.02487
0	0.08768
0	-0.02307
0	-0.08876
0	0.02765
0	0.07122
0	0.01384
0	0.1508
0	0.02594
0	0.06151
0	-0.1996
0	0.08775
0	-0.0414
0	0.000347
0	0.08497
0	0.063
0	0.1694
0	0.1029
0	0.1992
0	-0.03459
0	0.08539
0	0.00135
0	0.01433
0	0.1704
0	0.1992
0	0.2355
0	0.1936
0	-0.1198
0	-0.06741
0	0.1117
0	0.03558
0	0.07862
0	-0.03551
0	-0.03868
0	0.0577
0	0.05429
0	-0.132
0	0.05883
0	-0.1052
0	0.01425
0	0.1586
0	0.1241
0	0.008724
0	0.04681
0	0.1625
0	-0.01665
0	-0.03858
0	-0.06706
0	0.0246
0	0.1014
0	0.1384
0	0.006954
0	0.07902
0	-0.04561
0	-0.06745
0	0.006464
0	0.0406
0	0.09275
0	-0.0772
0	0.0613
0	-0.1048
0	-0.02618
0	0.06134
0	-0.1656
0	-0.1761
0	-0.1672
0	-0.2078
0	-0.08776
0	-0.02461
0	-0.04802
0	0.008436
0	-0.02496
0	-0.08523
0	-0.02322
0	0.01245
0	0.07184
0	-0.02927
0	0.09502
0	0.08794
0	0.06675
0	-0.03729
0	-0.1003
0	-0.1417
0	-0.01927
0	-0.152
0	-0.03682
0	-0.05157
0	-0.002119
0	-0.06584
0	0.06094
0	0.106
0	-0.1401
0	-0.06974
0	-0.03295
0	-0.05237
0	0.001239
0	-0.152
0	-0.08694
0	-0.1569
0	-0.09591
0	-0.1343
0	-0.02328
0	0.04503
0	0.02655
0	0.01635
0	0.04256
0	0.1334
0	0.1152
0	0.1177
0	0.03516
0	-0.09578
0	-0.01907
0	-0.01349
0	-0.008682
0	0.01014
0	-0.123
0	-0.1229
0	-0.1782
0	-0.01801
0	0.03517
0	0.08598
0	0.0584
0	-0.1172
0	0.01847
0	-0.0519
0	0.003474
0	0.1429
0	0.1613
0	0.04552
0	0.0003685
0	0.03808
0	0.06305
0	-0.09549
0	-0.008552
0	-0.0432
0	0.07074
0	0.01264
0	0.04781
0	0.01475
0	0.1007
0	0.145
0	0.05802
0	0.07428
0	-0.0666
0	-0.1425
0	-0.07703
0	-0.03351
0	0.003659
0	-0.04679
0	-0.1176
0	-0.1133
0	-0.08021
0	-0.1174
0	-0.06589
0	-0.02821
0	-0.07584
0	-0.05383
0	0.102
0	0.1791
0	0.1033
0	0.1705
0	0.1774
0	-0.01412
0	-0.09052
0	0.008972
0	0.1212
0	0.1367
0	0.04611
0	-0.1113
0	-0.1537
0	-0.08156
0	0.02931
0	0.05651
0	-0.08094
0	-0.1558
0	-0.09616
0	-0.117
0	-0.04489
0	-0.05083
0	-0.1458
0	-0.0666
0	0.00596
0	-0.07618
0	-0.07936
0	-0.1831
0	-0.09926
0	0.007561
0	0.1234
0	0.02769
0	0.0716
0	-0.0316
0	-0.09193
0	0.04473
0	-0.03045
0	0.008094
0	0.0126
0	-0.1886
0	-0.2023
0	-0.2456
0	-0.1912
0	-0.1878
0	-0.1224
0	-0.07911
0	-0.07607
0	-0.0167
0	0.07125
0	0.136
0	0.09484
0	0.05241
0	0.05031
0	-0.03487
0	0.08347
0	-0.06087
0	-0.1053
0	-0.1135
0	-0.1474
0	-0.03757
0	-0.04913
0	-0.08423
0	-0.05833
0	0.017
0	0.02715
0	0.0007187
0	0.1363
0	0.08009
0	0.1088
0	0.1433
0	0.161
0	-0.01821
0	-0.05845
0	0.007802
0	0.08013
0	0.12
0	0.02547
0	-0.001093
0	0.06967
0	0.1618
0	0.1047
0	0.141
0	0.1458
0	0.111
0	-0.05746
0	-0.04259
0	-0.03786
0	0.007627
0	0.00434
0	0.07369
0	0.1173
0	0.1368
0	-0.08645
0	-0.06193
0	-0.06026
0	-0.1026
0	-0.02051
0	0.01501
0	-0.04785
0	-0.0597
0	-0.0725
0	-0.01787
0	0.03108
0	-0.04179
0	-0.2204
0	-0.1702
0	-0.09816
0	-0.1205
0	-0.1002
0	-0.1295
0	-0.1158
0	-0.1289
0	-0.08057
0	-0.03239
0	-0.05865
0	-0.09074
0	-0.06686
0	-0.08319
0	-0.1098
0	-0.08831
0	-0.05867
0	-0.0279
0	-0.09115
0	-0.08004
0	-0.1084
0	-0.1469
0	-0.0483
0	-0.05639
0	-0.1268
0	-0.1062
0	-0.06208
0	-0.008663
0	0.02235
0	0.06336
0	0.03638
0	0.05976
0	-0.003871
0	-0.06643
0	-0.05574
0	-0.04644
0	-0.03453
0	-0.1203
0	-0.07207
0	-0.03665
0	-0.1219
0	-0.09797
0	-0.04624
0	-0.05588
0	-0.08572
0	-0.04173
0	-0.05663
0	-0.09133
0	-0.07032
0	-0.1309
0	-0.09865
0	-0.06221
0	-0.1055
0	-0.04264
0	-0.03678
0	-0.01738
0	-0.06468
0	-0.0853
0	-0.103
0	-0.0403
0	-0.04032
0	-0.0852
0	-0.07482
0	-0.04619
0	-0.05982
0	0.01078
0	0.0604
0	0.007389
0	0.003804
0	-0.01535
0	0.001198
0	-0.05282
0	-0.05862
0	-0.08844
0	-0.04951
0	0.01681
0	0.04347
0	-0.08719
0	-0.05357
0	0.004122
0	-0.01101
0	-0.07164
0	-0.05206
0	-0.08491
0	-0.05429
0	-0.03482
0	-0.04623
0	-0.03828
0	-0.05772
0	-0.05694
0	0.05146
0	-0.02494
0	-0.00813
0	0.006596
0	-0.05026
0	0.006529
0	0.001205
0	0.04097
0	0.09177
0	0.03966
0	0.05802
0	0.01823
0	0.0276
0	-0.01401
0	0.03051
0	0.05447
0	-0.05425
0	-0.07705
0	-0.0497
0	-0.01376
0	-0.03429
0	-0.01911
0	-0.08585
0	-0.07401
0	-0.02324
0	-0.06325
0	-0.05425
0	-0.0866
0	-0.08324
0	-0.0521
0	-0.0743
0	-0.1012
0	-0.06508
0	-0.09681
0	-0.1907
0	-0.1379
0	-0.1107
0	-0.09588
0	-0.0499
0	-0.09689
0	-0.04183
0	-0.01542
0	-0.004154
0	-0.003432
0	-0.01483
0	-0.1253
0	-0.09691
0	-0.05816
0	-0.08489
0	-0.02507
0	-0.1466
0	-0.08411
0	-0.05403
0	-0.09843
0	-0.1244
0	-0.06961
0	-0.1357
0	-0.1305
0	-0.1171
0	-0.1313
0	-0.09958
0	-0.07131
0	-0.04499
0	-0.02597
0	-0.01771
0	0.04285
0	0.01277
0	-0.004006
0	0.03642
0	0.01903
0	-0.1099
0	-0.0797
0	-0.08532
0	-0.01957
0	0.004423
0	0.02364
0	0.03526
0	0.09311
0	0.1066
0	0.004084
0	-0.01731
0	-0.02662
0	0.02399
0	0.06839
0	0.02052
0	-0.01246
0	-0.03118
0	-0.003989
0	-0.04782
0	-0.06493
0	-0.02844
0	-0.07004
0	-0.04421
0	-0.03105
0	-0.1037
0	-0.1052
0	-0.09409
0	-0.09458
0	-0.115
0	-0.07283
0	-0.07608
0	-0.07295
0	-0.1025
0	-0.06679
0	-0.02689
0	-0.05646
0	-0.01926
0	-0.02818
0	-0.06765
0	-0.02816
0	-0.0433
0	-0.02353
0	-0.01022
0	0.003956
0	-0.04559
0	-0.1017
0	-0.1071
0	-0.1316
0	-0.1058
0	-0.1637
0	-0.123
0	-0.07418
0	-0.0435
0	-0.002144
0	0.008133
0	-0.007867
0	0.003419
0	0.007759
0	0.0111
0	-0.08713
0	-0.0822
0	-0.0529
0	-0.04482
0	-0.07808
0	-0.1078
0	-0.09368
0	-0.09222
0	-0.06669
0	-0.05226
0	-0.07753
0	-0.1303
0	-0.069
0	-0.04582
0	-0.01034
0	0.0173
0	0.006649
0	-0.05389
0	-0.0295
0	-0.08069
0	-0.0771
0	-0.04684
0	-0.02485
0	-0.03558
0	-0.06967
0	-0.04742
0	-0.02235
0	-0.00406
0	-0.04094
0	-0.08355
0	-0.06764
0	-0.04828
0	-0.02202
0	-0.02364
0	0.01357
0	-0.03387
0	-0.001103
0	0.03333
0	0.01765
0	0.0409
0	0.0003674
0	-0.01113
0	-0.0107
0	-0.01132
0	0.006322
0	0.004522
0	-0.04029
0	-0.06133
0	-0.05687
0	-0.00241
0	-0.01215
0	0.00315
0	0.01717
0	0.03097
0	0.04185
0	0.0458
0	0.006101
0	-0.01507
0	0.006798
0	-0.07907
0	-0.04017
0	-0.05475
0	-0.02464
0	-0.0358
0	-0.03552
0	-0.04292
0	-0.07471
0	-0.055
0	-0.04201
0	-0.02511
0	-0.02815
0	-0.02549
0	-0.01919
0	-0.0208
0	-0.06287
0	-0.03186
0	-0.01398
0	-0.02836
0	-0.024
0	-0.02704
0	-0.005723
0	-0.01543
0	-0.05819
0	-0.04217
0	-0.04608
0	-0.04827
0	-0.04328
0	-0.01757
0	-0.04583
0	-0.09839
0	-0.1029
0	-0.1047
0	-0.05051
0	-0.07212
0	-0.06117
0	-0.07137
0	-0.06574
0	-0.03412
0	-0.01467
0	0.01098
0	-0.01402
0	-0.03073
0	-0.04202
0	-0.02695
0	-0.02472
0	-0.02285
0	-0.02718
0	-0.02465
0	0.001309
0	-0.004883
0	0.01065
0	0.03498
0	-0.00427
0	-0.07037
0	-0.08103
0	-0.04823
0	-0.03985
0	-0.08194
0	-0.05511
0	-0.05059
0	-0.02706
0	0.002136
0	0.007197
0	0.005489
0	0.03311
0	0.03477
0	0.05158
0	0.05226
0	0.08979
0	0.07936
0	0.1079
0	0.1055
0	0.0719
0	0.09789
0	0.1149
0	0.09013
0	0.07373
0	0.07264
0	0.06265
0	0.003545
0	-0.01874
0	-0.05184
0	-0.06516
0	-0.05041
0	-0.04011
0	-0.05034
0	-0.02423
0	-0.02524
0	-0.0361
0	-0.0397
0	-0.03304
0	-0.02555
0	-0.03748
0	-0.02488
0	-0.0238
0	-0.04368
0	-0.0913
0	-0.07544
0	-0.0547
0	-0.03789
0	-0.0226
0	0.01848
0	0.01009
0	-0.02938
0	-0.07378
0	-0.06839
0	-0.06487
0	-0.09157
0	-0.1186
0	-0.1223
0	-0.1016
0	-0.08832
0	-0.05302
0	-0.05004
0	-0.03563
0	-0.04839
0	-0.03672
0	-0.0138
0	-0.02725
0	-0.009166
0	-0.04207
0	-0.02636
0	-0.063
0	-0.06895
0	-0.07149
0	-0.05585
0	-0.04567
0	-0.04417
0	-0.05325
0	-0.04412
0	-0.06413
0	-0.04613
0	-0.01862
0	0.001886
0	-0.03297
0	-0.03062
0	-0.05138
0	-0.0571
0	-0.06731
0	-0.04815
0	-0.03946
0	-0.03363
0	-0.03316
0	-0.08007
0	-0.0975
0	-0.08163
0	-0.1207
0	-0.1056
0	-0.0918
0	-0.08965
0	-0.07844
0	-0.07766
0	-0.05695
0	-0.04269
0	-0.04276
0	-0.05808
0	-0.02794
0	0.001732
0	-0.006597
0	-0.01349
0	0.003883
0	-0.02383
0	-0.03848
0	-0.05011
0	-0.05434
0	-0.05651
0	-0.04468
0	-0.0196
0	-0.02839
0	-0.004631
0	-0.001555
0	0.0002813
0	-0.03934
0	-0.01554
0	-0.02528
0	-0.01809
0	-0.00534
0	-0.0001241
0	-0.00381
0	-0.01571
0	-0.0255
0	-0.02968
0	-0.01534
0	0.001555
0	0.007893
0	-0.007302
0	-0.005145
0	-0.00857
0	-0.02982
0	-0.06314
0	-0.08213
0	-0.07357
0	-0.06597
0	-0.04032
0	-0.01992
0	-0.01509
0	-0.00348
0	-0.004798
0	-0.001504
0	0.001213
0	0.01014
0	-0.03546
0	-0.03497
0	-0.009581
0	-0.01028
0	-0.02255
0	-0.03248
0	-0.04003
0	-0.05906
0	-0.1013
0	-0.086
0	-0.06703
0	-0.06073
0	-0.04819
0	-0.04778
0	-0.05008
0	-0.04019
0	-0.06828
0	-0.03889
0	-0.03063
0	-0.01234
0	-0.009726
0	0.001464
0	-0.009603
0	-0.03589
0	-0.044
0	-0.04067
0	-0.03097
0	-0.03118
0	-0.008352
0	-0.02981
0	-0.001492
0	-0.001107
0	0.007424
0	-0.00587
0	-0.009333
0	-0.02608
0	-0.04349
0	-0.0565
0	-0.04565
0	-0.05009
0	-0.07726
0	-0.06207
0	-0.02524
0	-0.005368
0	0.003004
0	0.001382
0	0.01949
0	0.01055
0	-0.01324
0	0.003006
0	-0.01191
0	-0.02087
0	0.000838
0	-0.04109
0	-0.04889
0	-0.02257
0	-0.04125
0	-0.05086
0	-0.06908
0	-0.04264
0	-0.02303
0	-0.02161
0	-0.01831
0	-0.0307
0	-0.0498
0	-0.05642
0	-0.06436
0	-0.07582
0	-0.05357
0	-0.04836
0	-0.05908
0	-0.05211
0	-0.0399
0	-0.03229
0	-0.01959
0	-0.00509
0	-0.01501
0	-0.01719
0	-0.005042
0	-0.01683
0	-0.02582
0	-0.02686
0	-0.007085
0	-0.009848
0	-0.002668
0	-0.01605
0	-0.02282
0	-0.02853
0	-0.003062
0	-0.008218
0	-0.003993
0	-0.02991
0	-0.04105
0	-0.04312
0	-0.02686
0	-0.01098
0	0.004991
0	0.01031
0	0.003954
0	-0.008026
0	0.01598
0	0.01544
0	0.0001193
0	0.01364
0	0.01272
0	0.03562
0	-0.02439
0	-0.02326
0	-0.02113
0	-0.03141
0	-0.0296
0	-0.01614
0	-0.03407
0	-0.03379
0	-0.03968
0	-0.04286
0	-0.04374
0	-0.03391
0	-0.04423
0	-0.05213
0	-0.04716
0	-0.04028
0	-0.02705
0	-0.03508
0	-0.02598
0	-0.03833
0	-0.05916
0	-0.07406
0	-0.06213
0	-0.04505
0	-0.04798
0	-0.06412
0	-0.04428
0	-0.05186
0	-0.07984
0	-0.0785
0	-0.08441
0	-0.06802
0	-0.07805
0	-0.1122
0	-0.1218
0	-0.1175
0	-0.1125
0	-0.1203
0	-0.1073
0	-0.09292
0	-0.111
0	-0.09625
0	-0.07328
0	-0.06848
0	-0.05248
0	-0.05246
0	-0.08259
0	-0.05513
0	-0.09636
0	-0.0789
0	-0.06618
0	-0.04939
0	-0.04994
0	-0.05273
0	-0.06166
0	-0.08711
0	-0.08406
0	-0.06764
0	-0.0849
0	-0.08351
0	-0.08335
0	-0.07242
0	-0.06057
0	-0.06486
0	-0.05066
0	-0.03996
0	-0.04069
0	-0.07618
0	-0.05543
0	-0.06723
0	-0.05743
0	-0.09463
0	-0.1056
0	-0.1051
0	-0.108
0	-0.09618
0	-0.1169
0	-0.1154
0	-0.1007
0	-0.09627
0	-0.1064
0	-0.09641
0	-0.09619
0	-0.1046
0	-0.09511
0	-0.07522
0	-0.07641
0	-0.05914
0	-0.05187
0	-0.0467
0	-0.03632
0	-0.0272
0	-0.02094
0	-0.02102
0	-0.01664
0	-0.04338
0	-0.01912
0	-0.01658
0	-0.005921
0	-0.02797
0	-0.02239
0	-0.02864
0	-0.007948
0	-0.00557
0	-0.01339
0	-0.02733
0	-0.02165
0	-0.01996
0	-0.01769
0	-0.02379
0	-0.02768
0	-0.01576
0	-0.01387
0	0.009947
0	-0.004859
0	-0.02811
0	-0.05046
0	-0.06205
0	-0.06202
0	-0.04875
0	-0.0623
0	-0.08155
0	-0.1145
0	-0.1573
0	-0.1954
0	-0.233
0	-0.2268
0	-0.2173
0	-0.221
0	-0.2262
0	-0.2188
0	-0.2101
0	-0.2089
0	-0.1901
0	-0.1785
0	-0.1821
0	-0.1774
0	-0.1762
0	-0.161
0	-0.1801
0	-0.1694
0	-0.1722
0	-0.1724
0	-0.1727
0	-0.1731
0	-0.1735
0	-0.1742
0	-0.1747
0	-0.1751
0	-0.1758
0	-0.1763
0	-0.1777
0	-0.1779
0	-0.1781
0	-0.1784
0	-0.1786
0	-0.1791
0	-0.1795
0	-0.1799
0	-0.1808
0	-0.1811
0	-0.01009
0	-0.05909
0	-0.1572
0	-0.2541
0	-0.2231
0	-0.243
0	-0.2225
0	-0.1981
0	-0.1229
0	-0.06528
0	0.0356
0	-0.03363
0	-0.1162
0	-0.05091
0	-0.07156
0	-0.06859
0	-0.07838
0	-0.04724
0	-0.01651
0	-0.01762
0	-0.07563
0	-0.03586
0	0.04335
0	0.0786
0	0.05003
0	0.1044
0	-0.03636
0	-0.06973
0	-0.03032
0	-0.03715
0	-0.02937
0	-0.07403
0	0.0219
0	0.02185
0	0.01293
0	0.02049
0	-0.02247
0	-0.1019
0	-0.1508
0	-0.06191
0	-0.0007955
0	-0.01922
0	0.03785
0	-0.0936
0	-0.0638
0	-0.0329
0	-0.07699
0	-0.05653
0	-0.01088
0	-0.04836
0	0.08151
0	0.07194
0	-0.006604
0	0.002101
0	-0.0368
0	-0.05603
0	0.01919
0	0.03679
0	-0.03637
0	-0.01765
0	-0.1686
0	-0.1224
0	-0.04914
0	-0.00485
0	0.02596
0	0.06932
0	0.06759
0	-0.08695
0	-0.1186
0	-0.07765
0	-0.06358
0	-0.07729
0	-0.1393
0	-0.1097
0	-0.1206
0	-0.01304
0	-0.04815
0	-0.129
0	-0.1595
0	-0.0801
0	-0.1021
0	-0.02979
0	-0.02492
0	-0.01993
0	-0.04216
0	0.0364
0	-0.008735
0	-0.0451
0	-0.1378
0	-0.05132
0	-0.04302
0	-0.0099
0	0.02636
0	0.02576
0	-0.05896
0	-0.1452
0	-0.1346
0	-0.09696
0	-0.08826
0	-0.04494
0	-0.06261
0	-0.1046
0	-0.05727
0	-0.01561
0	-0.1192
0	-0.07208
0	-0.04235
0	-0.0155
0	-0.08372
0	-0.02446
0	0.01205
0	-0.05666
0	-0.06475
0	-0.1113
0	-0.07482
0	-0.06942
0	0.01154
0	-0.006937
0	-0.00837
0	-0.07107
0	-0.03746
0	0.004061
0	-0.03231
0	-0.1353
0	-0.2489
0	-0.2041
0	-0.1333
0	-0.07508
0	-0.1077
0	-0.07132
0	-0.08076
0	-0.08131
0	-0.06565
0	-0.06552
0	-0.05437
0	-0.02825
0	-0.05613
0	-0.03827
0	-0.02093
0	-0.03977
0	-0.07771
0	-0.00529
0	0.0366
0	0.08054
0	0.06835
0	0.02429
