# iterations	 errorinentropy	 maxerror	(generated with python figs/comparison.py 0 s000/periodic-ww1.30-ff0.30-N50-tmmc-golden-movie/001050 s000/periodic-ww1.30-ff0.30-N50
2.48e+04	64.67	261.1
3.108e+05	56.76	281.9
4.796e+05	67.47	479.7
6.280e+05	89.4	618.8
8.055e+05	44.98	347
1.015e+06	61.2	469.1
1.26e+06	30.98	347.7
1.544e+06	32.76	450.2
1.87e+06	38.91	548
2.665e+06	42.76	722.2
3.544e+06	21.18	202.4
4.4e+06	6.77	83.45
5.302e+06	15.44	183.3
6.238e+06	15	263.2
7.169e+06	14.03	334
8.137e+06	17.32	399.7
8.747e+06	19.46	438.7
9.287e+06	21.84	468.7
1.013e+07	26.42	513.5
1.077e+07	22.35	545.2
1.154e+07	1.362	12.51
1.309e+07	5.12	41.77
1.465e+07	7.873	100.5
1.618e+07	8.794	153.4
1.77e+07	2.584	50.72
1.855e+07	5.535	76.55
1.938e+07	5.858	99.69
2.023e+07	6.192	98.67
2.225e+07	0.9835	10.43
2.418e+07	1.309	16.36
2.609e+07	2.089	31.92
2.738e+07	1.029	35.57
2.844e+07	1.166	10.72
2.968e+07	4.267	36.03
3.212e+07	0.9361	16.62
3.466e+07	4.287	29.37
3.675e+07	0.5599	8.185
3.798e+07	0.948	11.36
3.953e+07	0.9221	6.558
4.228e+07	4.697	42.11
4.472e+07	1.634	19.88
4.675e+07	3.005	24
4.813e+07	1.465	18.48
5.102e+07	3.959	40.38
5.413e+07	1.971	15.66
5.666e+07	2.398	19.69
5.826e+07	2.011	20.2
6.174e+07	0.9838	15.27
6.517e+07	2.139	32.61
6.736e+07	0.7315	13.56
6.951e+07	1.487	22.88
7.323e+07	2.009	15.56
7.687e+07	0.5732	9.816
7.881e+07	3.392	24.16
8.267e+07	2.686	26.37
8.644e+07	3.021	51.45
8.85e+07	2.413	18.13
9.259e+07	0.4945	9.706
9.658e+07	0.8658	8.214
9.875e+07	1.843	21.17
1.031e+08	0.4094	6.201
1.071e+08	0.6715	11.73
1.095e+08	1.382	19.41
1.14e+08	2.43	13.37
1.173e+08	0.3739	4.532
1.202e+08	0.4469	4.105
1.248e+08	1.334	16.75
1.279e+08	2.216	29.54
1.314e+08	0.4603	8.141
1.362e+08	0.7644	9.754
1.391e+08	0.7387	12.43
1.441e+08	1.822	22.75
1.477e+08	0.5456	10.94
1.512e+08	0.923	24.28
1.563e+08	1.41	12.71
1.595e+08	1.692	14.89
1.648e+08	1.137	13.18
1.682e+08	0.9015	15.62
1.729e+08	0.4122	2.472
1.774e+08	1.852	16.72
1.81e+08	1.306	14.45
1.865e+08	0.5491	7.984
1.901e+08	1.861	18.71
1.958e+08	1.855	14.98
1.994e+08	0.3349	5.695
2.054e+08	2.442	22.43
2.092e+08	1.392	11.44
2.151e+08	1.329	13.76
2.19e+08	0.6938	11.31
2.252e+08	0.4587	13.56
2.293e+08	1.631	20.04
2.355e+08	0.8324	7.433
2.397e+08	1.213	17.24
2.461e+08	0.4074	8.374
2.504e+08	0.3747	4.999
2.567e+08	0.389	7.524
2.611e+08	0.3577	12.44
2.666e+08	0.784	17.68
2.712e+08	1.276	13.6
2.766e+08	0.7624	9.13
2.815e+08	0.4352	4.687
2.865e+08	0.4922	10.29
2.918e+08	0.9776	13.92
2.968e+08	0.3585	7.333
3.027e+08	0.6275	5.812
3.072e+08	1.085	10.7
3.144e+08	0.5751	12.41
3.194e+08	1.722	16.83
3.263e+08	1.23	13.03
3.313e+08	0.433	6.84
3.364e+08	0.2764	2.767
3.429e+08	0.8197	7.832
3.479e+08	0.6907	12.52
3.556e+08	0.1661	3.819
3.611e+08	1.138	11.8
3.662e+08	0.4873	4.097
3.736e+08	0.6582	4.682
3.79e+08	0.293	7.713
3.858e+08	0.5422	9.044
3.917e+08	0.8611	13.13
3.969e+08	1.293	13.91
4.051e+08	0.6287	10.58
4.11e+08	0.6819	12.49
4.163e+08	0.5801	5.205
4.249e+08	0.8179	7.62
4.311e+08	0.6731	9.959
4.365e+08	0.6703	8.137
4.451e+08	0.349	5.654
4.512e+08	1.306	11.85
4.568e+08	0.3557	7.328
4.656e+08	1.494	14.41
4.721e+08	0.6931	4.777
4.782e+08	0.4083	9.462
4.85e+08	0.335	4.845
4.925e+08	1.074	12.43
4.99e+08	0.3396	6.057
5.052e+08	0.8348	11.5
5.14e+08	0.5247	6.383
5.209e+08	0.4416	6.47
5.273e+08	0.5876	9.819
5.346e+08	0.3088	6.898
5.425e+08	0.3962	9.358
5.493e+08	0.4929	8.216
5.557e+08	0.4368	8.346
5.644e+08	0.5942	8.534
5.72e+08	0.297	3.179
5.79e+08	1.456	9.766
5.858e+08	0.3284	3.847
5.943e+08	0.4047	7.577
6.026e+08	0.3784	7.447
6.1e+08	1.021	13.06
6.169e+08	0.4429	7.271
6.239e+08	0.3633	7.027
6.339e+08	0.4627	12.8
6.417e+08	0.4976	3.798
6.491e+08	0.3354	4.46
6.563e+08	0.4103	8.151
6.637e+08	0.516	5.207
6.735e+08	0.6279	4.346
6.813e+08	0.155	2.025
6.895e+08	0.6245	6.897
6.971e+08	1.221	13.29
7.048e+08	0.7147	10.22
7.133e+08	0.6497	7.531
7.224e+08	1.003	7.853
7.313e+08	0.9954	11.59
7.394e+08	0.463	9.431
7.473e+08	0.371	7.316
7.553e+08	0.3789	12.25
7.633e+08	0.2729	1.55
7.724e+08	1.372	7.241
7.813e+08	0.3256	5.754
7.909e+08	0.5689	4.715
7.999e+08	0.08681	0.506
8.084e+08	0.3391	6.149
8.17e+08	0.3581	6.649
8.256e+08	0.4581	6.629
8.342e+08	0.5387	7.298
8.429e+08	0.7646	10.55
8.516e+08	1.098	10.4
8.613e+08	0.7456	14.73
8.707e+08	0.3714	3.497
8.805e+08	0.2011	3.464
8.897e+08	1.008	8.847
8.993e+08	0.4284	10.23
9.089e+08	0.5966	5.494
9.185e+08	1.148	10.78
9.277e+08	0.2643	4.235
9.371e+08	0.3017	7.358
9.466e+08	0.6329	4.56
9.562e+08	0.4896	2.11
9.658e+08	0.336	2.56
9.755e+08	0.3863	6.492
9.852e+08	0.4593	7.034
9.949e+08	0.4284	9.389
1.005e+09	0.5129	8.911
1.015e+09	0.4604	2.21
1.024e+09	0.5659	4.844
1.034e+09	0.3267	2.679
1.044e+09	0.4615	6.978
1.054e+09	0.4677	2.427
1.065e+09	0.6675	5.853
1.075e+09	0.3548	8.76
1.085e+09	0.5184	5.542
1.095e+09	0.374	2.684
1.105e+09	0.5399	7.606
1.116e+09	0.3731	8.227
1.126e+09	0.4978	8.693
1.136e+09	0.2656	4.527
1.147e+09	0.3523	6.909
1.157e+09	0.4335	3.433
1.167e+09	0.279	6.065
1.178e+09	1.036	9.305
1.189e+09	0.5408	8.874
1.2e+09	0.6206	8.48
1.211e+09	0.5959	9.178
1.222e+09	0.5897	7.089
1.233e+09	0.7113	6.425
1.244e+09	0.5701	8.548
1.254e+09	0.9944	10.97
1.265e+09	0.4745	6.328
1.276e+09	0.1944	4.279
1.287e+09	0.5206	9.177
1.299e+09	0.6024	6.937
1.311e+09	0.3183	6.147
1.323e+09	0.6446	5.804
1.334e+09	0.4971	8.555
1.345e+09	1.379	13.22
1.356e+09	0.3534	6.978
1.368e+09	0.5337	3.988
1.38e+09	0.4901	2.2
1.392e+09	0.2715	7.129
1.403e+09	0.8959	9.547
1.414e+09	0.196	2.516
1.426e+09	0.5139	5.852
1.438e+09	0.6049	9.63
1.451e+09	0.8701	9.648
1.462e+09	0.5509	7.899
1.474e+09	0.4371	8.409
1.486e+09	0.3795	1.951
1.499e+09	0.305	3.571
1.511e+09	0.8136	7.856
1.522e+09	0.1992	1.835
1.535e+09	0.678	3.653
1.548e+09	0.3704	4.086
1.56e+09	0.07049	1.015
1.572e+09	0.4228	5.024
1.584e+09	0.3557	8.336
1.597e+09	0.2695	8.449
1.61e+09	0.3054	6.357
1.622e+09	0.3904	7.164
1.635e+09	0.5155	8.353
1.649e+09	0.4405	8.88
1.66e+09	0.332	7.342
1.673e+09	0.2756	6.756
1.687e+09	0.8481	9.368
1.699e+09	0.7623	7.941
1.712e+09	0.8774	6.394
1.725e+09	0.1904	2.946
1.739e+09	0.5033	4.007
1.751e+09	0.4213	5.775
1.765e+09	0.347	3.523
1.778e+09	0.3848	1.965
1.79e+09	0.2667	4.452
1.804e+09	0.4914	7.32
1.818e+09	0.2255	3.949
1.831e+09	0.2782	6.898
1.845e+09	0.3886	6.435
1.857e+09	0.3131	1.34
1.872e+09	0.112	0.986
1.886e+09	0.1643	2.581
1.899e+09	0.1157	1.263
1.913e+09	0.3132	2.3
1.926e+09	0.1929	2.841
1.94e+09	0.2665	4.688
1.955e+09	0.346	7.618
1.968e+09	0.6136	11.2
1.983e+09	0.4242	2.77
1.996e+09	0.3899	1.819
2.01e+09	0.457	4.332
2.024e+09	0.2198	4.729
2.038e+09	0.4758	7.943
2.053e+09	0.2861	1.803
2.067e+09	0.4232	2.03
2.082e+09	0.2825	4.158
2.096e+09	0.2596	6.948
2.111e+09	0.5431	8.338
2.125e+09	0.3459	7.348
2.14e+09	0.1699	0.7507
2.154e+09	0.2369	4.575
2.169e+09	0.3141	3.101
2.183e+09	0.1071	1.058
2.199e+09	0.4536	4.942
2.213e+09	0.1357	3.497
2.229e+09	0.56	7.269
2.242e+09	0.449	8.305
2.258e+09	0.2996	6.44
2.272e+09	0.2798	3.735
2.288e+09	0.2903	5.676
2.303e+09	0.4912	8.631
2.319e+09	0.2191	2.391
2.334e+09	0.1404	2.051
2.35e+09	0.2769	5.031
2.364e+09	0.2692	6.494
2.38e+09	0.4715	2.925
2.395e+09	0.1812	1.949
2.41e+09	0.5567	2.41
2.426e+09	0.2871	2.945
2.441e+09	0.1381	1.648
2.458e+09	0.3684	4.42
2.473e+09	0.1497	3.52
2.488e+09	0.3377	6.035
2.504e+09	0.2869	5.85
2.519e+09	0.4878	8.93
2.536e+09	0.3209	6.693
2.551e+09	0.4026	8.15
2.567e+09	0.5098	7.381
2.583e+09	0.1902	4.546
2.598e+09	0.283	6.839
2.616e+09	0.4207	8.153
2.631e+09	0.2367	1.169
2.646e+09	0.4108	3.416
2.663e+09	0.1299	0.7182
2.679e+09	0.6466	3.726
2.695e+09	0.5099	6.707
2.712e+09	0.4916	9.787
2.728e+09	0.4575	8.948
2.744e+09	0.4094	6.409
2.761e+09	0.2287	5.588
2.777e+09	0.2351	8.567
2.793e+09	0.4206	1.985
2.811e+09	0.3496	2.3
2.827e+09	0.3225	5.973
2.843e+09	0.2532	2.988
2.861e+09	0.5174	6.086
2.877e+09	0.1632	0.8013
2.893e+09	0.05831	1.15
2.912e+09	0.2029	2.498
2.929e+09	0.1656	3.855
2.945e+09	0.5036	6.324
2.961e+09	0.2445	5.23
2.98e+09	0.5702	8.005
2.997e+09	0.1697	1.382
3.014e+09	0.2249	4.891
3.031e+09	0.3075	7.596
3.05e+09	0.4807	7.676
3.067e+09	0.2214	5.808
3.083e+09	0.4516	4.987
3.101e+09	0.3459	6.059
3.119e+09	0.2025	4.144
3.136e+09	0.1205	3.881
3.154e+09	0.5018	2.011
3.171e+09	0.1141	1.464
3.189e+09	0.3165	4.835
3.208e+09	0.1477	3.239
3.226e+09	0.4199	5.247
3.244e+09	0.4891	7.113
3.261e+09	0.1435	4.005
3.279e+09	0.2343	2.993
3.298e+09	0.2883	1.937
3.316e+09	0.3363	4.195
3.335e+09	0.2097	3.581
3.353e+09	0.3074	2.747
3.371e+09	0.1552	0.8324
3.389e+09	0.09416	0.568
3.407e+09	0.2082	3.415
3.426e+09	0.2868	6.226
3.445e+09	0.5557	2.815
3.464e+09	0.2096	3.373
3.482e+09	0.3967	5.905
3.501e+09	0.2467	2.201
3.519e+09	0.1398	1.382
3.538e+09	0.1153	1.977
3.556e+09	0.2691	1.458
3.575e+09	0.2669	3.986
3.593e+09	0.2449	5.625
3.612e+09	0.1876	2.237
3.632e+09	0.2015	1.324
3.65e+09	0.1878	3.975
3.67e+09	0.2149	4.471
3.689e+09	0.1318	1.578
3.708e+09	0.1801	1.173
3.727e+09	0.3601	2.312
3.746e+09	0.2386	4.928
3.765e+09	0.1846	5.244
3.784e+09	0.232	7.577
3.803e+09	0.1445	2.175
3.822e+09	0.2967	1.652
3.841e+09	0.2744	4.157
3.86e+09	0.2369	5.985
3.88e+09	0.4	2.267
3.899e+09	0.07707	2.055
3.918e+09	0.2193	4.071
3.938e+09	0.2558	5.688
3.957e+09	0.1219	1.269
3.977e+09	0.2205	2.156
3.996e+09	0.2689	4.663
4.016e+09	0.4637	2.234
4.036e+09	0.1013	0.982
4.055e+09	0.1414	1.667
4.075e+09	0.439	4.478
4.095e+09	0.1812	0.722
4.116e+09	0.1945	3.515
4.136e+09	0.3039	5.626
4.157e+09	0.2073	3.597
4.177e+09	0.08209	0.673
4.198e+09	0.1815	2.855
4.219e+09	0.613	5.738
4.238e+09	0.09122	1.029
4.259e+09	0.1581	1.565
4.279e+09	0.1268	0.601
4.3e+09	0.1656	2.954
4.32e+09	0.5348	5.372
4.341e+09	0.1459	0.837
4.362e+09	0.2144	4.303
4.383e+09	0.3028	1.787
4.405e+09	0.1426	1.927
4.426e+09	0.2907	4.725
4.447e+09	0.246	7.185
4.467e+09	0.2261	5.725
4.488e+09	0.4128	7.285
4.509e+09	0.4234	8.035
4.53e+09	0.4048	8.397
4.552e+09	0.1027	0.7568
4.574e+09	0.2392	2.504
4.595e+09	0.2385	1.198
4.616e+09	0.0871	0.646
4.638e+09	0.2136	2.478
4.66e+09	0.6389	5.289
4.682e+09	0.2684	6.358
4.704e+09	0.1771	4.124
4.724e+09	0.09901	2.524
4.746e+09	0.1737	3.597
4.768e+09	0.2542	5.042
4.79e+09	0.1789	0.952
4.813e+09	0.189	1.312
4.833e+09	0.1947	1.669
4.856e+09	0.241	3.94
4.879e+09	0.2316	5.87
4.901e+09	0.4319	7.136
4.922e+09	0.0683	2.235
4.945e+09	0.1324	3.297
4.968e+09	0.1736	1.172
4.99e+09	0.1703	1.842
5.011e+09	0.2223	3.898
5.034e+09	0.08587	0.88
5.057e+09	0.4684	3.321
5.078e+09	0.5773	2.805
5.1e+09	0.4144	4.477
5.123e+09	0.2726	5.679
5.146e+09	0.1442	2.701
5.168e+09	0.156	4.538
5.191e+09	0.2668	5.462
5.215e+09	0.3288	5.327
5.236e+09	0.2381	5.28
5.26e+09	0.2989	5.985
5.283e+09	0.06643	0.402
